[4, 10, 22, 26, 29, 40]
[4, 6, 22, 18, 39, 60]
[4, 6, 19, 30, 34, 75]
[3, 7, 15, 27, 33, 79]
[3, 7, 27, 15, 13, 67]
[4, 6, 16, 34, 39, 48]
[3, 7, 24, 15, 13, 76]
[0, 12, 12, 20, 20, 72]
[4, 10, 13, 38, 14, 67]
[1, 3, 10, 15, 1, 84]
[2, 8, 17, 16, 52, 53]
[1, 11, 16, 15, 51, 104]
[0, 8, 24, 20, 50, 44]
[4, 12, 10, 20, 14, 108]
[2, 8, 8, 20, 12, 56]
[1, 7, 4, 11, 41, 76]
[1, 13, 13, 29, 31, 73]
[3, 5, 21, 13, 23, 77]
[4, 14, 19, 22, 24, 23]
[2, 12, 14, 32, 17, 72]
[0, 4, 12, 20, 10, 40]
[2, 14, 8, 14, 22, 74]
[0, 16, 12, 24, 45, 64]
[2, 14, 14, 26, 37, 68]
[0, 10, 15, 38, 20, 43]
[3, 7, 24, 11, 3, 76]
[0, 6, 15, 46, 20, 75]
[3, 11, 18, 35, 13, 80]
[1, 17, 7, 29, 71, 29]
[1, 7, 19, 27, 21, 55]
[2, 16, 8, 32, 47, 28]
[2, 14, 8, 38, 52, 38]
[2, 8, 2, 28, 32, 44]
[0, 4, 12, 36, 0, 64]
[2, 16, 17, 32, 2, 37]
[0, 14, 6, 14, 30, 50]
[1, 13, 7, 17, 1, 31]
[4, 12, 19, 24, 14, 69]
[4, 10, 19, 22, 14, 91]
[0, 12, 12, 20, 40, 120]
[2, 6, 11, 22, 52, 87]
[3, 7, 3, 39, 13, 43]
[3, 13, 21, 13, 53, 25]
[4, 8, 22, 16, 29, 68]
[2, 14, 14, 34, 17, 56]
[0, 12, 9, 24, 40, 93]
[1, 5, 19, 25, 11, 47]
[1, 5, 25, 45, 21, 77]
[2, 10, 5, 38, 52, 67]
[4, 8, 13, 48, 24, 53]
[1, 7, 25, 35, 31, 31]
[4, 10, 13, 38, 24, 43]
[0, 8, 9, 24, 20, 77]
[2, 12, 5, 16, 12, 45]
[3, 11, 9, 43, 33, 47]
[3, 13, 15, 21, 3, 97]
[2, 6, 8, 30, 32, 114]
[0, 16, 9, 24, 60, 61]
[1, 5, 7, 17, 11, 83]
[3, 13, 15, 33, 33, 43]
[1, 7, 16, 31, 1, 64]
[3, 7, 12, 31, 63, 40]
[1, 15, 10, 23, 41, 72]
[2, 12, 14, 24, 17, 72]
[2, 2, 14, 14, 22, 122]
[2, 14, 8, 34, 37, 44]
[1, 7, 13, 15, 41, 79]
[3, 3, 3, 35, 13, 75]
[0, 8, 15, 24, 10, 29]
[0, 10, 15, 14, 10, 55]
[4, 12, 7, 16, 34, 69]
[1, 9, 19, 37, 11, 57]
[2, 12, 14, 24, 47, 72]
[2, 8, 11, 24, 32, 77]
[2, 10, 20, 22, 12, 58]
[2, 6, 17, 22, 32, 87]
[3, 15, 9, 15, 33, 87]
[3, 7, 12, 27, 23, 76]
[1, 9, 1, 21, 31, 57]
[1, 11, 19, 47, 11, 47]
[1, 11, 16, 35, 1, 44]
[2, 4, 5, 24, 22, 109]
[3, 7, 9, 39, 33, 79]
[0, 18, 15, 22, 40, 51]
[2, 10, 8, 30, 42, 70]
[4, 4, 10, 44, 14, 76]
[4, 12, 10, 12, 44, 60]
[1, 7, 16, 11, 31, 40]
[4, 8, 13, 40, 24, 53]
[3, 11, 15, 39, 23, 71]
[3, 15, 18, 19, 23, 60]
[4, 12, 10, 36, 14, 60]
[1, 7, 10, 27, 21, 100]
[2, 8, 14, 16, 67, 56]
[4, 12, 16, 16, 49, 24]
[2, 8, 11, 16, 52, 53]
[3, 9, 9, 25, 13, 63]
[4, 4, 19, 24, 44, 61]
[1, 9, 19, 13, 21, 33]
[2, 14, 8, 30, 32, 50]
[3, 11, 18, 23, 33, 56]
[4, 8, 10, 36, 14, 56]
[1, 13, 13, 21, 1, 49]
[3, 13, 15, 37, 13, 61]
[3, 13, 21, 25, 3, 67]
[3, 15, 12, 39, 23, 24]
[2, 16, 20, 16, 17, 76]
[4, 10, 10, 46, 14, 46]
[1, 11, 19, 23, 21, 59]
[0, 12, 21, 24, 30, 93]
[1, 7, 19, 19, 31, 43]
[1, 9, 19, 17, 21, 39]
[3, 7, 3, 47, 23, 55]
[1, 7, 16, 27, 21, 76]
[2, 10, 11, 30, 52, 79]
[2, 8, 8, 24, 37, 68]
[2, 4, 20, 20, 32, 100]
[4, 6, 16, 22, 34, 42]
[3, 11, 12, 39, 23, 68]
[4, 12, 4, 16, 29, 72]
[1, 11, 16, 23, 11, 56]
[4, 8, 10, 12, 24, 32]
[3, 15, 15, 27, 13, 63]
[2, 4, 32, 28, 32, 52]
[1, 7, 7, 27, 21, 103]
[2, 10, 5, 22, 32, 43]
[1, 7, 19, 39, 11, 79]
[2, 12, 11, 40, 32, 69]
[1, 11, 13, 35, 31, 83]
[2, 16, 8, 28, 42, 40]
[4, 8, 19, 16, 24, 77]
[4, 18, 10, 18, 29, 60]
[1, 3, 19, 23, 21, 75]
[3, 11, 18, 15, 33, 56]
[0, 14, 15, 38, 30, 23]
[1, 17, 13, 25, 41, 59]
[0, 14, 12, 22, 10, 26]
[3, 7, 9, 39, 43, 67]
[2, 14, 20, 34, 7, 44]
[3, 7, 12, 35, 33, 88]
[3, 11, 24, 27, 13, 56]
[4, 8, 10, 16, 19, 44]
[4, 10, 19, 30, 14, 79]
[1, 11, 19, 11, 51, 95]
[2, 10, 17, 30, 32, 79]
[4, 14, 7, 22, 34, 71]
[4, 14, 10, 18, 39, 68]
[3, 11, 9, 35, 33, 47]
[1, 7, 16, 15, 51, 76]
[4, 14, 16, 30, 14, 38]
[2, 2, 23, 14, 22, 95]
[4, 10, 13, 46, 24, 31]
[2, 14, 14, 18, 17, 80]
[4, 10, 16, 18, 9, 112]
[3, 11, 21, 11, 33, 47]
[2, 10, 20, 30, 12, 70]
[2, 4, 8, 16, 27, 76]
[2, 8, 17, 16, 22, 53]
[3, 7, 6, 31, 13, 52]
[2, 8, 8, 16, 17, 44]
[3, 9, 21, 13, 3, 81]
[4, 4, 10, 28, 14, 28]
[1, 13, 19, 33, 11, 43]
[0, 4, 15, 32, 10, 37]
[1, 9, 7, 29, 31, 93]
[1, 15, 22, 19, 21, 84]
[0, 4, 21, 32, 50, 37]
[1, 13, 7, 17, 21, 55]
[2, 12, 14, 16, 7, 72]
[2, 8, 8, 16, 47, 44]
[2, 16, 14, 32, 27, 40]
[2, 6, 14, 14, 2, 54]
[0, 12, 6, 24, 45, 84]
[2, 14, 5, 22, 32, 47]
[3, 15, 3, 23, 33, 51]
[1, 11, 7, 31, 41, 83]
[1, 13, 13, 25, 41, 91]
[0, 16, 18, 28, 20, 40]
[3, 7, 15, 23, 53, 43]
[0, 10, 9, 14, 30, 103]
[3, 7, 21, 11, 3, 79]
[4, 10, 4, 14, 14, 58]
[1, 17, 13, 17, 21, 71]
[1, 11, 19, 31, 11, 47]
[4, 8, 10, 20, 4, 80]
[2, 16, 20, 24, 17, 52]
[1, 11, 16, 11, 21, 68]
[1, 9, 1, 25, 41, 75]
[4, 10, 10, 14, 24, 70]
[2, 6, 20, 18, 17, 60]
[0, 6, 21, 22, 50, 39]
[0, 4, 12, 32, 5, 64]
[3, 5, 3, 45, 23, 77]
[0, 12, 33, 16, 30, 45]
[3, 15, 24, 15, 13, 36]
[0, 6, 6, 14, 10, 66]
[3, 7, 9, 27, 33, 43]
[3, 17, 15, 21, 13, 65]
[2, 12, 5, 24, 22, 45]
[2, 6, 14, 18, 17, 72]
[1, 11, 10, 15, 1, 44]
[2, 10, 2, 38, 42, 46]
[1, 7, 7, 19, 31, 91]
[2, 12, 5, 40, 52, 45]
[0, 10, 12, 34, 15, 40]
[2, 10, 23, 30, 22, 55]
[1, 11, 7, 23, 41, 83]
[3, 17, 9, 17, 33, 83]
[1, 11, 10, 31, 31, 80]
[0, 10, 18, 14, 40, 118]
[1, 7, 1, 23, 21, 79]
[1, 15, 4, 23, 51, 36]
[3, 9, 9, 17, 33, 27]
[2, 10, 2, 34, 37, 40]
[3, 7, 9, 23, 23, 43]
[2, 12, 14, 20, 22, 72]
[4, 12, 4, 12, 34, 72]
[1, 5, 13, 29, 1, 101]
[2, 8, 11, 24, 52, 77]
[2, 8, 2, 36, 42, 68]
[2, 12, 2, 16, 17, 24]
[1, 15, 13, 23, 11, 51]
[3, 5, 9, 33, 33, 83]
[0, 14, 6, 18, 45, 68]
[1, 11, 25, 11, 41, 47]
[2, 16, 14, 24, 17, 64]
[3, 5, 3, 33, 13, 35]
[1, 9, 19, 13, 41, 57]
[4, 10, 25, 22, 14, 67]
[2, 8, 5, 24, 12, 53]
[3, 11, 15, 19, 53, 35]
[1, 7, 7, 19, 11, 67]
[1, 7, 19, 31, 1, 43]
[0, 14, 15, 30, 30, 59]
[3, 3, 9, 23, 33, 63]
[2, 8, 20, 16, 37, 44]
[1, 11, 19, 23, 41, 83]
[1, 11, 7, 23, 21, 59]
[2, 6, 5, 14, 42, 27]
[4, 14, 22, 18, 9, 44]
[2, 14, 14, 30, 12, 62]
[3, 11, 15, 19, 13, 83]
[4, 12, 13, 16, 34, 69]
[1, 13, 13, 17, 21, 79]
[3, 9, 21, 17, 33, 51]
[2, 10, 20, 18, 57, 52]
[0, 10, 12, 30, 30, 82]
[4, 14, 13, 30, 24, 35]
[4, 8, 7, 16, 14, 29]
[0, 12, 15, 40, 30, 45]
[3, 7, 24, 27, 23, 100]
[3, 3, 15, 19, 33, 99]
[2, 12, 14, 12, 22, 72]
[2, 8, 14, 24, 17, 80]
[3, 5, 9, 21, 23, 41]
[4, 16, 13, 24, 14, 61]
[1, 11, 22, 11, 41, 68]
[1, 5, 25, 37, 31, 53]
[1, 7, 13, 23, 21, 79]
[2, 16, 8, 24, 27, 52]
[3, 7, 15, 19, 43, 43]
[4, 6, 16, 30, 34, 54]
[2, 4, 8, 12, 52, 52]
[2, 16, 26, 20, 2, 28]
[2, 8, 14, 24, 47, 80]
[2, 4, 20, 20, 12, 100]
[1, 13, 13, 17, 1, 55]
[3, 13, 15, 33, 13, 67]
[3, 7, 6, 39, 23, 64]
[4, 18, 10, 22, 14, 66]
[2, 10, 5, 30, 32, 55]
[1, 13, 19, 29, 11, 49]
[4, 10, 22, 14, 4, 118]
[3, 7, 15, 15, 3, 79]
[3, 15, 12, 35, 33, 24]
[4, 6, 13, 30, 24, 51]
[0, 14, 0, 14, 60, 38]
[2, 4, 11, 16, 42, 85]
[3, 5, 21, 17, 33, 83]
[4, 16, 7, 24, 24, 85]
[0, 4, 15, 16, 30, 37]
[1, 11, 25, 31, 31, 35]
[3, 7, 18, 31, 33, 100]
[2, 10, 26, 34, 7, 40]
[2, 8, 20, 32, 17, 92]
[3, 9, 27, 29, 3, 81]
[1, 13, 13, 21, 41, 97]
[4, 10, 16, 26, 19, 76]
[2, 2, 17, 14, 22, 119]
[3, 5, 9, 33, 43, 71]
[3, 9, 9, 21, 33, 33]
[0, 6, 18, 34, 35, 60]
[2, 18, 14, 26, 17, 36]
[4, 14, 13, 22, 24, 71]
[0, 18, 24, 22, 0, 54]
[2, 16, 11, 24, 22, 61]
[4, 10, 10, 22, 24, 58]
[2, 6, 11, 14, 62, 51]
[3, 5, 9, 25, 43, 35]
[3, 9, 21, 17, 13, 75]
[4, 12, 19, 16, 24, 69]
[4, 4, 25, 16, 54, 61]
[1, 15, 16, 19, 21, 84]
[1, 5, 19, 29, 11, 65]
[3, 13, 9, 37, 33, 37]
[3, 7, 15, 11, 13, 55]
[3, 9, 15, 13, 13, 69]
[2, 12, 2, 20, 22, 24]
[1, 9, 25, 29, 41, 33]
[4, 18, 10, 22, 24, 42]
[3, 13, 21, 17, 43, 31]
[3, 11, 18, 23, 13, 80]
[0, 8, 6, 16, 25, 92]
[4, 8, 10, 28, 24, 32]
[2, 10, 14, 22, 32, 70]
[3, 11, 9, 39, 23, 59]
[3, 13, 15, 29, 3, 85]
[3, 9, 21, 21, 33, 57]
[3, 9, 15, 25, 53, 39]
[2, 12, 14, 16, 27, 72]
[1, 13, 19, 45, 11, 25]
[1, 11, 16, 31, 1, 44]
[2, 10, 20, 38, 12, 82]
[2, 10, 8, 26, 17, 64]
[2, 12, 2, 36, 42, 24]
[1, 15, 4, 31, 71, 36]
[3, 9, 15, 25, 13, 87]
[3, 11, 15, 11, 53, 35]
[2, 6, 8, 26, 27, 96]
[2, 14, 8, 18, 17, 68]
[3, 7, 12, 19, 33, 40]
[0, 6, 9, 22, 10, 63]
[4, 12, 10, 40, 19, 36]
[4, 10, 10, 18, 9, 100]
[2, 18, 11, 22, 32, 51]
[0, 14, 30, 22, 10, 62]
[3, 7, 6, 39, 33, 52]
[2, 12, 17, 32, 12, 69]
[1, 15, 13, 31, 31, 51]
[0, 10, 21, 30, 30, 55]
[1, 7, 22, 39, 21, 64]
[1, 9, 13, 13, 61, 105]
[0, 12, 18, 16, 15, 84]
[3, 11, 18, 15, 13, 80]
[1, 11, 16, 15, 31, 80]
[1, 7, 16, 15, 11, 28]
[4, 6, 16, 34, 49, 24]
[4, 8, 22, 24, 39, 44]
[3, 3, 9, 27, 33, 87]
[3, 7, 12, 15, 23, 40]
[1, 9, 7, 17, 41, 87]
[1, 9, 13, 37, 11, 81]
[1, 7, 13, 35, 11, 103]
[2, 14, 17, 22, 12, 71]
[3, 9, 3, 45, 23, 33]
[2, 10, 11, 22, 32, 67]
[2, 12, 23, 24, 22, 45]
[1, 7, 19, 35, 21, 79]
[2, 8, 23, 32, 22, 77]
[1, 15, 13, 27, 21, 51]
[2, 8, 2, 36, 32, 68]
[3, 13, 9, 25, 13, 79]
[2, 8, 8, 28, 42, 80]
[1, 7, 22, 35, 21, 52]
[3, 11, 12, 35, 33, 56]
[1, 9, 13, 29, 11, 69]
[1, 5, 25, 33, 31, 35]
[4, 8, 16, 32, 19, 80]
[2, 4, 17, 16, 2, 85]
[1, 9, 13, 25, 41, 99]
[2, 8, 17, 32, 12, 101]
[2, 12, 2, 24, 27, 24]
[3, 9, 21, 21, 13, 81]
[2, 6, 26, 26, 7, 60]
[3, 11, 9, 27, 13, 71]
[2, 16, 8, 20, 22, 64]
[2, 16, 23, 16, 12, 61]
[2, 8, 26, 28, 12, 44]
[3, 11, 18, 11, 33, 56]
[2, 8, 8, 32, 37, 92]
[2, 12, 20, 24, 17, 60]
[1, 9, 7, 17, 21, 63]
[2, 10, 14, 14, 12, 58]
[3, 7, 12, 27, 53, 40]
[2, 6, 8, 18, 47, 60]
[0, 18, 12, 22, 60, 54]
[4, 10, 16, 34, 19, 64]
[1, 15, 16, 31, 11, 36]
[1, 15, 10, 23, 21, 48]
[2, 14, 14, 30, 32, 62]
[2, 10, 17, 22, 12, 67]
[3, 9, 9, 29, 23, 57]
[2, 8, 17, 16, 2, 53]
[0, 6, 12, 14, 30, 78]
[0, 20, 24, 20, 0, 32]
[1, 7, 1, 15, 41, 79]
[1, 11, 4, 31, 51, 80]
[0, 10, 12, 14, 20, 82]
[0, 10, 21, 14, 40, 103]
[1, 11, 10, 11, 11, 56]
[3, 13, 3, 13, 3, 85]
[3, 11, 21, 23, 43, 35]
[0, 6, 12, 34, 15, 72]
[3, 11, 12, 27, 33, 56]
[1, 13, 25, 21, 21, 49]
[3, 11, 3, 31, 13, 35]
[2, 10, 8, 18, 27, 52]
[1, 15, 19, 27, 21, 63]
[2, 6, 20, 14, 12, 42]
[2, 8, 20, 36, 12, 104]
[4, 8, 25, 24, 34, 53]
[0, 12, 12, 12, 20, 96]
[3, 13, 9, 45, 33, 25]
[3, 15, 12, 27, 13, 72]
[3, 11, 21, 23, 3, 83]
[4, 8, 10, 20, 24, 32]
[3, 7, 9, 27, 13, 67]
[3, 13, 9, 33, 33, 43]
[2, 12, 14, 36, 22, 72]
[1, 11, 13, 23, 31, 83]
[3, 3, 15, 23, 43, 111]
[4, 12, 16, 24, 39, 24]
[2, 10, 20, 26, 17, 64]
[1, 11, 22, 15, 51, 80]
[2, 8, 14, 20, 32, 68]
[4, 12, 7, 40, 14, 45]
[1, 7, 10, 27, 1, 76]
[2, 14, 26, 22, 12, 26]
[2, 18, 20, 18, 7, 60]
[4, 12, 22, 16, 9, 84]
[1, 3, 25, 35, 31, 75]
[3, 13, 15, 21, 43, 49]
[2, 10, 11, 14, 12, 55]
[4, 14, 10, 34, 19, 44]
[0, 6, 24, 38, 60, 42]
[1, 13, 19, 41, 11, 31]
[3, 15, 9, 35, 33, 27]
[0, 10, 12, 34, 25, 64]
[2, 14, 11, 30, 32, 59]
[4, 4, 10, 36, 14, 52]
[4, 16, 10, 24, 19, 76]
[3, 7, 9, 23, 3, 67]
[0, 12, 24, 12, 20, 96]
[3, 11, 12, 19, 23, 68]
[2, 6, 14, 30, 22, 126]
[1, 11, 16, 27, 21, 68]
[1, 9, 13, 33, 11, 75]
[3, 11, 12, 23, 13, 80]
[3, 11, 21, 19, 33, 47]
[4, 10, 13, 30, 34, 31]
[0, 8, 12, 16, 15, 56]
[0, 16, 12, 28, 50, 52]
[3, 9, 15, 21, 13, 81]
[1, 19, 16, 23, 21, 28]
[2, 10, 14, 26, 17, 76]
[3, 3, 12, 15, 33, 48]
[0, 10, 30, 22, 50, 34]
[1, 11, 13, 35, 11, 59]
[2, 8, 14, 12, 12, 44]
[3, 9, 9, 33, 23, 63]
[2, 10, 14, 30, 32, 82]
[2, 8, 8, 36, 32, 104]
[3, 19, 15, 19, 13, 43]
[1, 9, 19, 41, 11, 63]
[4, 10, 16, 22, 34, 46]
[1, 15, 10, 15, 21, 72]
[2, 10, 14, 26, 47, 76]
[3, 7, 12, 23, 53, 28]
[1, 17, 13, 25, 21, 35]
[0, 10, 12, 22, 30, 94]
[2, 4, 8, 16, 47, 76]
[2, 8, 20, 16, 17, 44]
[2, 12, 20, 20, 42, 60]
[2, 16, 20, 20, 22, 64]
[2, 6, 32, 38, 12, 54]
[4, 6, 22, 26, 39, 72]
[0, 8, 12, 20, 10, 44]
[2, 10, 8, 26, 37, 64]
[1, 17, 19, 29, 11, 29]
[3, 11, 9, 19, 23, 59]
[0, 6, 18, 14, 40, 42]
[3, 7, 15, 19, 23, 67]
[1, 11, 10, 27, 31, 80]
[1, 15, 19, 23, 31, 87]
[3, 5, 9, 37, 33, 101]
[3, 7, 18, 23, 43, 64]
[2, 10, 20, 14, 52, 46]
[2, 10, 20, 18, 37, 52]
[3, 11, 12, 15, 13, 80]
[2, 10, 17, 14, 52, 55]
[0, 10, 9, 22, 20, 67]
[3, 11, 15, 31, 23, 71]
[1, 9, 7, 25, 11, 63]
[3, 13, 15, 25, 13, 79]
[2, 16, 14, 16, 27, 88]
[2, 8, 20, 20, 12, 56]
[1, 13, 19, 21, 11, 61]
[0, 10, 6, 18, 25, 76]
[2, 8, 11, 16, 62, 53]
[0, 10, 15, 30, 10, 31]
[4, 10, 22, 14, 24, 70]
[0, 12, 24, 16, 25, 96]
[1, 7, 10, 19, 21, 76]
[0, 8, 18, 12, 30, 56]
[0, 16, 24, 28, 10, 52]
[2, 4, 35, 32, 32, 37]
[1, 13, 13, 37, 21, 49]
[1, 11, 13, 35, 21, 71]
[0, 8, 12, 20, 30, 92]
[0, 8, 18, 24, 25, 44]
[1, 13, 13, 25, 21, 67]
[4, 12, 22, 24, 9, 60]
[3, 15, 9, 27, 33, 51]
[1, 3, 22, 27, 11, 48]
[1, 11, 13, 15, 31, 83]
[4, 12, 10, 28, 24, 60]
[3, 11, 9, 11, 13, 71]
[4, 4, 16, 16, 29, 40]
[1, 17, 13, 25, 31, 47]
[2, 2, 2, 14, 22, 74]
[3, 5, 9, 25, 23, 59]
[3, 5, 27, 17, 33, 83]
[2, 4, 11, 16, 22, 85]
[3, 11, 12, 11, 33, 56]
[1, 3, 19, 19, 11, 39]
[2, 14, 14, 22, 12, 74]
[1, 11, 19, 39, 21, 59]
[2, 12, 14, 28, 52, 72]
[3, 13, 9, 29, 33, 49]
[2, 4, 17, 16, 22, 85]
[3, 11, 6, 35, 23, 44]
[3, 7, 9, 35, 33, 67]
[0, 8, 24, 28, 50, 44]
[1, 11, 7, 27, 51, 95]
[2, 4, 29, 24, 22, 61]
[2, 4, 17, 24, 22, 133]
[2, 4, 26, 20, 2, 64]
[0, 16, 15, 24, 30, 61]
[2, 12, 20, 24, 37, 60]
[2, 10, 14, 14, 32, 58]
[3, 7, 12, 11, 3, 52]
[4, 10, 16, 14, 4, 130]
[1, 7, 10, 23, 21, 88]
[2, 6, 8, 18, 67, 60]
[2, 10, 17, 30, 12, 79]
[1, 13, 19, 37, 11, 37]
[1, 9, 19, 45, 11, 69]
[2, 4, 2, 20, 22, 64]
[2, 18, 20, 22, 2, 42]
[3, 5, 15, 13, 23, 53]
[1, 13, 25, 13, 31, 73]
[1, 11, 25, 15, 51, 59]
[4, 8, 16, 24, 19, 80]
[4, 10, 28, 18, 19, 40]
[3, 7, 6, 27, 13, 40]
[4, 8, 10, 44, 14, 56]
[2, 10, 8, 38, 42, 82]
[2, 4, 20, 16, 17, 76]
[2, 12, 11, 32, 42, 69]
[3, 7, 9, 31, 23, 67]
[0, 10, 12, 38, 20, 46]
[1, 11, 16, 19, 51, 104]
[2, 6, 8, 22, 52, 78]
[4, 10, 10, 18, 29, 52]
[2, 12, 20, 16, 57, 60]
[3, 5, 9, 29, 53, 41]
[0, 14, 6, 22, 60, 86]
[1, 7, 16, 35, 11, 88]
[4, 8, 16, 12, 24, 68]
[2, 14, 11, 22, 12, 71]
[1, 5, 19, 25, 31, 71]
[0, 8, 15, 24, 30, 77]
[3, 7, 18, 19, 33, 64]
[4, 8, 10, 32, 19, 44]
[4, 10, 10, 34, 19, 52]
[2, 10, 20, 26, 37, 64]
[2, 8, 14, 20, 52, 68]
[1, 9, 25, 45, 21, 33]
[1, 11, 7, 23, 1, 35]
[3, 7, 6, 23, 3, 40]
[2, 12, 20, 36, 12, 60]
[4, 16, 16, 24, 9, 40]
[1, 9, 13, 25, 1, 51]
[4, 8, 7, 48, 4, 53]
[4, 12, 16, 32, 9, 72]
[0, 16, 21, 32, 20, 37]
[4, 4, 16, 36, 44, 64]
[1, 17, 19, 21, 11, 65]
[4, 8, 16, 36, 24, 68]
[3, 13, 9, 17, 13, 91]
[1, 7, 10, 11, 31, 64]
[3, 15, 12, 23, 23, 72]
[4, 6, 10, 22, 14, 30]
[2, 12, 11, 24, 42, 69]
[0, 6, 18, 18, 45, 60]
[1, 9, 13, 13, 31, 69]
[3, 7, 21, 23, 13, 103]
[3, 3, 6, 27, 33, 48]
[2, 12, 8, 32, 47, 60]
[0, 6, 15, 22, 20, 39]
[3, 7, 12, 31, 33, 76]
[1, 7, 13, 23, 1, 55]
[3, 15, 12, 19, 33, 72]
[1, 7, 16, 11, 51, 64]
[2, 14, 11, 38, 32, 47]
[3, 9, 15, 17, 23, 63]
[0, 10, 12, 30, 10, 34]
[0, 12, 12, 36, 30, 48]
[3, 19, 12, 19, 23, 52]
[2, 12, 20, 28, 12, 60]
[4, 8, 7, 40, 4, 53]
[4, 12, 22, 20, 14, 60]
[4, 10, 10, 14, 4, 118]
[1, 11, 16, 39, 1, 44]
[1, 13, 13, 33, 21, 55]
[2, 8, 14, 12, 32, 44]
[0, 12, 30, 12, 20, 60]
[3, 11, 21, 23, 23, 59]
[0, 12, 15, 16, 10, 69]
[4, 8, 16, 36, 34, 44]
[2, 12, 8, 24, 17, 60]
[0, 6, 12, 30, 10, 54]
[1, 13, 13, 21, 21, 73]
[1, 7, 4, 23, 21, 88]
[2, 8, 29, 32, 22, 29]
[2, 10, 8, 34, 37, 76]
[2, 8, 14, 12, 62, 44]
[1, 9, 19, 17, 41, 63]
[0, 14, 30, 14, 0, 74]
[4, 14, 19, 14, 34, 35]
[2, 10, 8, 30, 52, 70]
[2, 10, 14, 22, 62, 70]
[3, 11, 18, 27, 33, 56]
[1, 11, 13, 19, 21, 71]
[2, 8, 11, 16, 12, 53]
[2, 4, 5, 16, 42, 61]
[3, 13, 15, 21, 23, 73]
[2, 8, 20, 20, 32, 56]
[2, 10, 20, 22, 32, 58]
[4, 4, 13, 40, 24, 85]
[1, 3, 7, 11, 11, 87]
[0, 10, 9, 30, 20, 55]
[0, 12, 15, 16, 30, 117]
[1, 5, 13, 29, 11, 113]
[1, 3, 22, 31, 21, 84]
[3, 9, 27, 17, 13, 51]
[0, 6, 18, 38, 30, 54]
[3, 11, 21, 15, 23, 59]
[4, 8, 13, 16, 24, 53]
[2, 8, 5, 32, 32, 77]
[2, 6, 14, 26, 17, 108]
[3, 11, 15, 35, 13, 83]
[0, 14, 15, 14, 0, 59]
[0, 18, 15, 22, 30, 27]
[4, 10, 7, 30, 14, 55]
[2, 12, 8, 36, 52, 60]
[3, 7, 15, 35, 33, 103]
[4, 4, 13, 32, 34, 37]
[4, 20, 4, 20, 44, 32]
[3, 11, 21, 19, 13, 71]
[4, 10, 19, 14, 24, 79]
[2, 4, 11, 24, 22, 133]
[0, 14, 18, 22, 10, 62]
[2, 14, 14, 22, 32, 74]
[3, 7, 9, 19, 23, 31]
[2, 18, 5, 22, 52, 27]
[2, 2, 35, 22, 42, 35]
[3, 7, 12, 35, 43, 76]
[3, 11, 18, 19, 33, 56]
[2, 6, 23, 22, 2, 63]
[3, 19, 9, 19, 33, 55]
[2, 12, 20, 32, 17, 60]
[1, 11, 25, 19, 41, 47]
[1, 15, 16, 23, 21, 72]
[3, 17, 3, 25, 43, 35]
[2, 12, 8, 28, 22, 60]
[2, 4, 26, 20, 22, 64]
[2, 12, 11, 16, 2, 69]
[3, 11, 9, 39, 33, 47]
[1, 7, 25, 47, 21, 55]
[3, 11, 18, 23, 53, 32]
[3, 11, 12, 35, 23, 68]
[3, 11, 15, 27, 13, 83]
[4, 18, 13, 22, 14, 27]
[3, 11, 15, 31, 43, 47]
[1, 5, 7, 13, 21, 77]
[2, 10, 14, 38, 22, 94]
[0, 16, 6, 20, 70, 64]
[2, 14, 8, 22, 12, 62]
[3, 17, 9, 25, 23, 59]
[3, 13, 15, 29, 43, 37]
[2, 4, 2, 20, 42, 64]
[2, 18, 14, 26, 27, 36]
[3, 7, 18, 23, 23, 88]
[2, 6, 14, 22, 32, 90]
[0, 6, 12, 18, 25, 72]
[0, 14, 9, 22, 20, 23]
[0, 12, 6, 20, 50, 108]
[1, 3, 13, 11, 21, 63]
[1, 9, 19, 21, 41, 69]
[2, 10, 20, 34, 7, 76]
[4, 16, 13, 16, 34, 61]
[0, 12, 21, 16, 20, 93]
[2, 6, 20, 26, 17, 96]
[1, 9, 13, 25, 21, 75]
[1, 15, 25, 19, 11, 63]
[0, 12, 9, 32, 30, 45]
[0, 8, 12, 32, 15, 56]
[0, 12, 18, 36, 30, 60]
[1, 11, 19, 43, 11, 47]
[3, 11, 12, 39, 43, 44]
[3, 3, 3, 39, 23, 87]
[4, 12, 13, 24, 34, 45]
[1, 11, 19, 15, 31, 71]
[4, 14, 16, 26, 9, 68]
[2, 14, 11, 22, 32, 71]
[1, 7, 22, 43, 11, 64]
[4, 18, 7, 22, 34, 51]
[0, 6, 9, 14, 20, 75]
[3, 11, 24, 23, 13, 56]
[3, 19, 3, 19, 53, 43]
[3, 15, 21, 15, 23, 51]
[1, 11, 10, 15, 21, 68]
[3, 9, 9, 41, 43, 51]
[2, 14, 20, 30, 2, 50]
[1, 7, 16, 23, 21, 64]
[3, 11, 18, 15, 53, 32]
[0, 12, 18, 40, 25, 36]
[3, 9, 27, 21, 13, 57]
[0, 10, 18, 46, 30, 46]
[3, 7, 15, 31, 33, 91]
[2, 8, 11, 32, 32, 101]
[3, 15, 15, 23, 33, 51]
[1, 13, 7, 29, 51, 73]
[2, 12, 8, 16, 7, 60]
[0, 8, 12, 36, 10, 44]
[1, 9, 19, 21, 21, 45]
[4, 14, 10, 38, 14, 38]
[4, 14, 16, 18, 19, 80]
[3, 11, 6, 31, 13, 56]
[4, 4, 10, 52, 14, 100]
[1, 11, 13, 27, 41, 95]
[0, 12, 12, 32, 15, 24]
[4, 6, 16, 38, 34, 66]
[3, 11, 12, 31, 13, 80]
[4, 10, 16, 34, 29, 40]
[2, 2, 8, 14, 12, 110]
[1, 7, 16, 19, 31, 64]
[3, 13, 9, 29, 13, 73]
[3, 15, 9, 23, 23, 75]
[1, 15, 10, 27, 41, 60]
[3, 9, 27, 25, 13, 63]
[0, 6, 18, 46, 30, 66]
[1, 15, 13, 23, 31, 75]
[3, 15, 15, 15, 33, 75]
[3, 7, 12, 11, 23, 28]
[1, 11, 19, 35, 11, 47]
[0, 14, 9, 30, 50, 59]
[2, 8, 8, 20, 52, 56]
[3, 17, 15, 29, 3, 41]
[1, 11, 16, 39, 21, 68]
[0, 4, 18, 24, 35, 28]
[1, 11, 13, 23, 11, 59]
[4, 6, 13, 38, 24, 63]
[1, 7, 19, 31, 21, 67]
[2, 6, 5, 22, 42, 63]
[0, 12, 6, 24, 35, 60]
[3, 5, 33, 17, 33, 59]
[0, 8, 9, 32, 10, 53]
[0, 4, 18, 36, 30, 52]
[2, 14, 14, 34, 27, 56]
[4, 14, 16, 22, 24, 50]
[1, 13, 7, 29, 31, 49]
[1, 7, 22, 31, 21, 40]
[2, 8, 8, 28, 22, 80]
[4, 8, 22, 28, 34, 56]
[1, 9, 25, 33, 31, 27]
[1, 15, 13, 19, 21, 75]
[0, 6, 12, 38, 10, 66]
[0, 12, 15, 24, 20, 69]
[1, 19, 13, 23, 41, 31]
[3, 5, 15, 29, 33, 113]
[0, 12, 12, 32, 35, 72]
[1, 11, 10, 35, 31, 80]
[3, 7, 30, 19, 13, 64]
[1, 7, 1, 19, 31, 79]
[3, 11, 24, 19, 33, 32]
[1, 11, 13, 19, 41, 95]
[3, 11, 6, 47, 33, 32]
[1, 5, 13, 25, 1, 83]
[0, 4, 12, 12, 20, 40]
[2, 8, 11, 24, 12, 77]
[4, 14, 4, 26, 29, 68]
[2, 6, 17, 22, 12, 87]
[2, 14, 8, 34, 47, 44]
[1, 3, 16, 15, 21, 60]
[1, 9, 19, 25, 41, 75]
[1, 11, 7, 27, 21, 59]
[4, 14, 13, 14, 44, 59]
[3, 9, 15, 29, 53, 45]
[3, 15, 6, 23, 33, 60]
[4, 18, 4, 22, 44, 54]
[1, 13, 25, 25, 21, 43]
[0, 12, 12, 20, 0, 24]
[3, 5, 15, 21, 43, 65]
[3, 11, 3, 11, 13, 35]
[3, 3, 24, 11, 43, 84]
[2, 8, 26, 32, 7, 56]
[2, 8, 23, 24, 2, 53]
[4, 12, 4, 36, 14, 48]
[3, 7, 12, 23, 43, 40]
[2, 10, 20, 22, 52, 58]
[0, 10, 3, 22, 20, 43]
[3, 15, 6, 15, 33, 84]
[3, 3, 18, 11, 33, 72]
[0, 12, 6, 16, 15, 36]
[3, 7, 9, 43, 33, 91]
[3, 3, 6, 23, 33, 24]
[3, 13, 15, 33, 23, 55]
[2, 6, 2, 26, 17, 60]
[1, 9, 19, 25, 21, 51]
[2, 10, 8, 14, 22, 46]
[4, 12, 13, 40, 14, 45]
[1, 11, 10, 27, 11, 56]
[3, 15, 18, 27, 13, 48]
[2, 6, 8, 14, 62, 42]
[2, 2, 5, 14, 12, 95]
[3, 5, 9, 33, 53, 59]
[0, 12, 9, 24, 20, 45]
[4, 12, 16, 36, 14, 48]
[3, 17, 15, 25, 23, 35]
[2, 8, 20, 28, 12, 80]
[1, 15, 10, 19, 21, 60]
[4, 12, 13, 16, 14, 117]
[2, 6, 23, 22, 22, 63]
[0, 4, 21, 40, 50, 61]
[4, 8, 19, 24, 34, 53]
[2, 8, 8, 24, 47, 68]
[0, 6, 6, 22, 10, 78]
[1, 11, 22, 35, 21, 44]
[0, 12, 6, 16, 35, 84]
[1, 7, 7, 11, 41, 79]
[2, 10, 26, 38, 2, 46]
[3, 11, 27, 19, 13, 35]
[3, 11, 15, 19, 33, 59]
[3, 9, 9, 33, 33, 51]
[1, 9, 25, 37, 31, 33]
[2, 12, 11, 16, 22, 69]
[0, 8, 12, 40, 15, 56]
[1, 13, 1, 33, 71, 43]
[0, 10, 15, 30, 30, 79]
[0, 6, 15, 30, 10, 27]
[1, 11, 19, 19, 21, 59]
[1, 11, 16, 31, 21, 68]
[2, 16, 14, 28, 32, 52]
[4, 16, 19, 16, 14, 37]
[4, 10, 10, 26, 19, 64]
[0, 14, 9, 22, 50, 95]
[1, 11, 13, 15, 11, 59]
[2, 14, 8, 22, 32, 62]
[1, 9, 19, 41, 1, 51]
[3, 9, 9, 25, 33, 39]
[0, 8, 24, 16, 55, 56]
[4, 10, 16, 18, 29, 64]
[0, 16, 9, 16, 40, 61]
[3, 7, 21, 15, 23, 67]
[0, 8, 21, 16, 40, 53]
[3, 11, 18, 27, 13, 80]
[4, 14, 4, 14, 44, 86]
[3, 15, 21, 23, 3, 51]
[1, 7, 19, 23, 11, 31]
[3, 15, 12, 35, 23, 36]
[3, 9, 9, 37, 23, 69]
[1, 19, 22, 23, 1, 28]
[1, 11, 10, 19, 41, 92]
[1, 13, 7, 25, 31, 55]
[2, 10, 8, 22, 2, 58]
[3, 7, 12, 39, 33, 100]
[3, 11, 15, 11, 23, 71]
[1, 19, 19, 19, 11, 55]
[2, 6, 11, 30, 22, 123]
[0, 14, 18, 38, 30, 38]
[4, 12, 4, 28, 14, 72]
[1, 15, 19, 19, 21, 87]
[3, 7, 15, 15, 23, 55]
[0, 8, 21, 40, 40, 53]
[1, 17, 19, 17, 11, 83]
[3, 5, 3, 37, 13, 53]
[2, 2, 29, 14, 22, 47]
[1, 7, 10, 23, 1, 64]
[1, 9, 13, 33, 21, 87]
[1, 11, 7, 19, 21, 59]
[1, 7, 7, 11, 51, 91]
[3, 13, 3, 29, 23, 37]
[1, 15, 13, 27, 41, 75]
[2, 12, 8, 16, 27, 60]
[3, 7, 33, 23, 13, 55]
[3, 13, 3, 17, 23, 55]
[2, 8, 14, 16, 37, 56]
[1, 11, 1, 27, 41, 47]
[3, 7, 9, 19, 3, 55]
[3, 11, 18, 19, 13, 80]
[1, 11, 22, 27, 31, 56]
[2, 6, 17, 14, 32, 51]
[2, 8, 20, 24, 37, 68]
[3, 11, 9, 35, 23, 59]
[4, 4, 19, 16, 34, 61]
[1, 7, 10, 15, 21, 64]
[0, 10, 6, 14, 20, 70]
[4, 16, 10, 28, 14, 64]
[3, 11, 21, 27, 33, 47]
[3, 19, 6, 19, 43, 52]
[4, 6, 16, 18, 29, 48]
[4, 18, 4, 26, 39, 36]
[4, 6, 13, 46, 24, 75]
[2, 10, 11, 22, 12, 67]
[4, 12, 16, 20, 44, 24]
[4, 4, 16, 20, 34, 40]
[0, 14, 18, 30, 30, 74]
[1, 11, 19, 11, 41, 83]
[0, 8, 3, 16, 20, 77]
[1, 11, 7, 11, 21, 59]
[1, 9, 1, 25, 21, 51]
[3, 13, 15, 29, 23, 61]
[2, 4, 14, 16, 7, 88]
[0, 12, 15, 32, 20, 45]
[2, 8, 14, 32, 17, 104]
[3, 15, 9, 19, 33, 75]
[2, 8, 26, 36, 2, 68]
[1, 3, 10, 19, 1, 108]
[2, 18, 14, 22, 22, 54]
[4, 14, 16, 22, 4, 98]
[3, 9, 15, 17, 53, 27]
[4, 16, 16, 20, 14, 52]
[0, 16, 12, 20, 20, 28]
[4, 14, 13, 38, 14, 23]
[3, 9, 15, 25, 33, 63]
[2, 12, 14, 20, 2, 72]
[0, 12, 21, 40, 30, 45]
[1, 11, 22, 47, 11, 32]
[1, 7, 13, 27, 21, 91]
[1, 9, 13, 13, 11, 45]
[4, 16, 4, 24, 39, 64]
[2, 6, 14, 18, 57, 72]
[1, 5, 13, 13, 31, 65]
[1, 11, 4, 27, 41, 68]
[3, 9, 15, 29, 23, 81]
[2, 6, 20, 22, 42, 78]
[2, 8, 20, 12, 22, 32]
[2, 8, 11, 24, 62, 77]
[2, 12, 17, 24, 52, 69]
[1, 11, 19, 11, 21, 59]
[1, 11, 13, 27, 1, 47]
[0, 8, 0, 12, 20, 68]
[3, 3, 21, 11, 33, 87]
[1, 15, 22, 35, 11, 24]
[0, 4, 12, 24, 15, 64]
[3, 3, 12, 23, 53, 72]
[3, 17, 3, 17, 43, 71]
[1, 5, 1, 17, 11, 83]
[3, 15, 15, 23, 13, 75]
[3, 9, 3, 33, 13, 27]
[2, 10, 14, 18, 37, 64]
[1, 5, 19, 33, 11, 83]
[0, 10, 18, 38, 30, 58]
[0, 14, 12, 18, 15, 56]
[1, 9, 13, 37, 21, 93]
[3, 7, 33, 19, 13, 43]
[4, 8, 22, 12, 24, 80]
[4, 16, 7, 16, 44, 85]
[0, 6, 18, 22, 40, 54]
[1, 7, 13, 27, 1, 67]
[2, 18, 17, 22, 12, 51]
[0, 10, 15, 14, 30, 103]
[2, 14, 5, 14, 22, 59]
[2, 6, 2, 26, 37, 60]
[1, 7, 7, 23, 11, 79]
[3, 9, 3, 37, 13, 33]
[0, 8, 12, 36, 20, 68]
[0, 10, 9, 14, 10, 55]
[3, 3, 18, 15, 43, 84]
[4, 16, 10, 32, 19, 28]
[0, 8, 18, 32, 25, 44]
[3, 11, 6, 19, 23, 44]
[4, 6, 13, 22, 14, 63]
[0, 14, 24, 22, 10, 74]
[1, 11, 19, 31, 31, 71]
[0, 10, 24, 22, 40, 70]
[3, 11, 6, 23, 13, 56]
[1, 11, 16, 35, 11, 56]
[4, 10, 13, 14, 44, 31]
[3, 11, 9, 23, 3, 83]
[1, 11, 13, 19, 1, 47]
[1, 11, 4, 27, 51, 80]
[3, 17, 3, 21, 43, 53]
[1, 13, 7, 21, 31, 61]
[2, 6, 11, 22, 12, 87]
[2, 8, 20, 28, 32, 80]
[1, 7, 4, 27, 21, 100]
[3, 7, 3, 35, 13, 31]
[1, 15, 7, 23, 41, 51]
[2, 10, 11, 38, 32, 91]
[0, 6, 12, 34, 5, 48]
[1, 11, 1, 31, 51, 59]
[1, 11, 22, 19, 31, 56]
[3, 17, 9, 21, 23, 77]
[1, 9, 13, 17, 31, 75]
[3, 15, 18, 23, 23, 48]
[0, 6, 15, 38, 10, 39]
[4, 10, 22, 18, 19, 76]
[4, 8, 16, 16, 29, 56]
[3, 3, 9, 19, 33, 39]
[3, 13, 3, 13, 23, 61]
[3, 9, 15, 21, 53, 33]
[4, 14, 10, 30, 14, 74]
[4, 4, 13, 40, 34, 61]
[0, 8, 12, 28, 20, 68]
[0, 10, 18, 54, 30, 34]
[1, 7, 16, 27, 1, 52]
[1, 11, 22, 11, 51, 80]
[4, 12, 10, 24, 29, 60]
[0, 6, 9, 30, 0, 51]
[1, 3, 13, 23, 1, 111]
[2, 6, 8, 30, 22, 114]
[2, 6, 11, 14, 42, 51]
[0, 12, 21, 32, 30, 69]
[3, 13, 9, 21, 23, 73]
[2, 16, 14, 36, 22, 28]
[3, 11, 6, 15, 13, 56]
[3, 9, 15, 33, 23, 87]
[2, 10, 23, 22, 12, 43]
[2, 10, 14, 30, 12, 82]
[4, 8, 16, 40, 29, 56]
[3, 7, 12, 23, 23, 64]
[3, 13, 21, 29, 13, 49]
[1, 17, 7, 21, 51, 41]
[2, 6, 29, 30, 22, 51]
[4, 8, 10, 12, 4, 80]
[1, 3, 19, 23, 1, 51]
[1, 5, 7, 21, 1, 89]
[1, 13, 19, 17, 21, 79]
[4, 14, 10, 26, 19, 80]
[3, 13, 15, 37, 23, 49]
[2, 10, 14, 22, 12, 70]
[4, 12, 16, 16, 39, 48]
[0, 10, 18, 34, 25, 52]
[4, 8, 16, 28, 34, 44]
[3, 11, 15, 35, 23, 71]
[3, 15, 15, 31, 13, 51]
[0, 12, 18, 24, 25, 84]
[3, 11, 12, 19, 43, 44]
[3, 15, 12, 15, 33, 84]
[1, 7, 13, 19, 11, 55]
[4, 6, 16, 26, 39, 36]
[3, 15, 21, 19, 13, 51]
[2, 10, 17, 14, 12, 55]
[4, 10, 13, 30, 14, 79]
[2, 8, 14, 16, 57, 56]
[2, 8, 8, 12, 42, 32]
[3, 15, 12, 31, 33, 36]
[3, 17, 15, 25, 3, 59]
[3, 11, 12, 19, 3, 92]
[3, 11, 12, 23, 33, 56]
[2, 6, 5, 30, 32, 99]
[3, 5, 15, 25, 43, 83]
[0, 6, 15, 14, 30, 51]
[1, 13, 7, 13, 11, 49]
[4, 16, 10, 16, 39, 76]
[1, 7, 19, 15, 31, 31]
[0, 8, 15, 32, 20, 53]
[3, 11, 9, 15, 13, 71]
[4, 10, 16, 22, 14, 94]
[3, 3, 15, 11, 23, 63]
[1, 11, 10, 23, 31, 80]
[0, 12, 12, 16, 15, 72]
[0, 10, 6, 22, 10, 34]
[0, 8, 9, 16, 30, 101]
[3, 7, 9, 35, 43, 55]
[1, 7, 16, 23, 1, 40]
[3, 9, 15, 13, 33, 45]
[2, 10, 11, 30, 42, 79]
[1, 13, 19, 33, 21, 55]
[0, 12, 27, 16, 30, 93]
[2, 4, 14, 16, 27, 88]
[1, 9, 13, 21, 31, 81]
[2, 8, 23, 32, 2, 77]
[0, 6, 12, 22, 20, 66]
[2, 6, 14, 18, 47, 72]
[0, 12, 0, 20, 60, 72]
[3, 11, 15, 27, 53, 35]
[3, 5, 21, 21, 43, 89]
[3, 9, 15, 33, 33, 75]
[2, 12, 14, 28, 12, 72]
[4, 8, 16, 20, 24, 68]
[2, 4, 32, 28, 22, 52]
[1, 7, 16, 19, 11, 40]
[3, 11, 15, 11, 43, 47]
[2, 10, 23, 38, 2, 67]
[3, 11, 12, 15, 33, 56]
[0, 10, 24, 30, 40, 58]
[2, 10, 26, 26, 27, 28]
[3, 11, 3, 19, 13, 35]
[2, 8, 8, 28, 52, 80]
[3, 9, 15, 37, 33, 81]
[4, 6, 16, 38, 44, 42]
[1, 17, 7, 25, 61, 35]
[1, 11, 22, 23, 41, 68]
[2, 10, 14, 34, 17, 88]
[4, 10, 7, 14, 4, 103]
[1, 15, 7, 31, 61, 51]
[1, 11, 19, 35, 21, 59]
[2, 4, 29, 24, 12, 61]
[2, 10, 14, 18, 57, 64]
[4, 12, 10, 20, 34, 60]
[4, 6, 13, 38, 34, 39]
[4, 14, 16, 14, 34, 62]
[1, 7, 10, 11, 51, 88]
[0, 10, 9, 14, 40, 127]
[3, 5, 15, 25, 53, 71]
[3, 11, 9, 11, 33, 47]
[0, 8, 12, 12, 20, 68]
[2, 6, 8, 22, 12, 78]
[0, 10, 15, 38, 30, 67]
[1, 9, 13, 13, 51, 93]
[2, 10, 8, 18, 7, 52]
[3, 13, 21, 13, 33, 49]
[2, 10, 14, 14, 52, 58]
[0, 12, 18, 28, 30, 84]
[0, 8, 12, 24, 15, 56]
[3, 11, 15, 23, 33, 59]
[4, 10, 10, 38, 14, 58]
[2, 10, 8, 38, 32, 82]
[3, 11, 21, 27, 13, 71]
[3, 17, 15, 21, 23, 53]
[0, 14, 27, 14, 0, 83]
[1, 11, 22, 23, 21, 44]
[1, 15, 16, 35, 21, 36]
[3, 7, 21, 27, 23, 103]
[2, 10, 17, 22, 52, 67]
[3, 15, 15, 19, 23, 75]
[4, 10, 19, 22, 34, 43]
[1, 15, 7, 27, 51, 51]
[2, 10, 20, 30, 32, 70]
[2, 4, 26, 24, 27, 88]
[2, 8, 8, 16, 37, 44]
[4, 12, 22, 16, 29, 36]
[1, 9, 13, 17, 51, 99]
[2, 8, 14, 20, 12, 68]
[1, 11, 25, 11, 51, 59]
[1, 15, 28, 15, 11, 60]
[1, 13, 19, 13, 21, 85]
[4, 8, 13, 24, 14, 77]
[3, 7, 30, 23, 13, 76]
[1, 7, 19, 35, 11, 67]
[3, 7, 15, 27, 63, 43]
[2, 6, 11, 22, 32, 87]
[3, 5, 15, 17, 23, 71]
[3, 9, 15, 17, 3, 87]
[2, 12, 11, 24, 22, 69]
[2, 6, 14, 14, 22, 54]
[0, 10, 18, 18, 25, 76]
[3, 11, 18, 31, 23, 68]
[0, 4, 15, 24, 20, 37]
[2, 14, 20, 26, 17, 56]
[2, 12, 20, 36, 2, 60]
[3, 11, 9, 47, 33, 47]
[0, 12, 12, 24, 15, 48]
[2, 14, 8, 38, 42, 38]
[2, 6, 2, 30, 32, 78]
[2, 8, 8, 20, 32, 56]
[0, 16, 18, 20, 10, 64]
[1, 5, 19, 37, 11, 101]
[1, 7, 7, 15, 31, 79]
[3, 7, 9, 31, 43, 43]
[4, 6, 10, 38, 14, 54]
[0, 8, 6, 12, 30, 104]
[1, 13, 7, 21, 11, 37]
[1, 9, 13, 29, 31, 93]
[2, 6, 29, 30, 12, 51]
[3, 7, 6, 47, 33, 76]
[0, 12, 18, 20, 10, 60]
[2, 10, 23, 22, 32, 43]
[3, 3, 12, 23, 33, 96]
[4, 6, 13, 14, 24, 27]
[2, 8, 14, 36, 22, 116]
[3, 13, 21, 25, 23, 43]
[1, 13, 13, 29, 11, 49]
[0, 18, 18, 22, 30, 66]
[4, 12, 16, 36, 24, 24]
[0, 12, 30, 16, 25, 60]
[4, 10, 13, 14, 4, 127]
[0, 12, 12, 24, 35, 96]
[1, 15, 16, 31, 31, 60]
[1, 7, 19, 27, 1, 31]
[0, 8, 18, 44, 30, 56]
[1, 17, 13, 21, 31, 65]
[0, 10, 21, 14, 20, 55]
[4, 14, 4, 22, 24, 98]
[2, 18, 8, 22, 42, 42]
[2, 12, 17, 24, 12, 69]
[1, 15, 13, 35, 31, 39]
[2, 12, 20, 28, 32, 60]
[2, 10, 20, 14, 32, 46]
[2, 10, 20, 18, 17, 52]
[3, 7, 21, 23, 33, 79]
[2, 10, 17, 14, 32, 55]
[0, 12, 12, 12, 0, 48]
[1, 5, 13, 17, 31, 83]
[0, 12, 12, 36, 20, 24]
[0, 10, 24, 14, 40, 82]
[0, 12, 18, 20, 30, 108]
[2, 8, 29, 40, 2, 53]
[3, 7, 27, 23, 23, 79]
[1, 11, 19, 27, 21, 59]
[2, 10, 8, 26, 47, 64]
[3, 7, 24, 23, 23, 88]
[2, 12, 8, 24, 37, 60]
[2, 10, 20, 18, 47, 52]
[2, 10, 17, 14, 62, 55]
[0, 12, 0, 16, 45, 48]
[1, 11, 4, 23, 41, 68]
[4, 8, 28, 12, 24, 68]
[1, 9, 19, 29, 21, 57]
[4, 16, 16, 16, 19, 64]
[0, 12, 12, 28, 20, 48]
[0, 14, 21, 30, 20, 59]
[3, 9, 9, 13, 13, 45]
[1, 9, 13, 33, 1, 63]
[0, 8, 18, 36, 30, 56]
[1, 11, 7, 19, 1, 35]
[3, 9, 15, 21, 33, 57]
[2, 14, 8, 26, 27, 56]
[4, 4, 10, 24, 9, 28]
[2, 4, 8, 12, 42, 52]
[1, 5, 13, 17, 11, 59]
[4, 12, 10, 16, 29, 84]
[2, 8, 14, 24, 37, 80]
[0, 6, 15, 38, 20, 63]
[2, 14, 20, 14, 32, 74]
[3, 13, 9, 21, 3, 97]
[2, 8, 20, 20, 52, 56]
[4, 10, 4, 22, 4, 70]
[3, 15, 6, 35, 33, 24]
[3, 7, 9, 15, 13, 31]
[2, 14, 17, 38, 12, 47]
[3, 13, 9, 13, 23, 85]
[3, 7, 18, 27, 33, 88]
[0, 12, 9, 16, 20, 69]
[4, 10, 19, 30, 34, 31]
[2, 12, 14, 28, 32, 72]
[1, 9, 7, 21, 11, 57]
[1, 11, 19, 15, 51, 95]
[0, 10, 12, 26, 15, 52]
[0, 10, 6, 14, 40, 118]
[2, 6, 11, 14, 22, 51]
[3, 9, 15, 25, 63, 27]
[4, 12, 19, 32, 14, 45]
[4, 4, 16, 28, 34, 64]
[0, 10, 18, 26, 25, 64]
[2, 6, 14, 22, 12, 90]
[1, 11, 13, 11, 31, 83]
[0, 10, 12, 22, 10, 46]
[3, 9, 21, 25, 43, 51]
[3, 11, 15, 35, 33, 59]
[0, 12, 6, 20, 20, 36]
[1, 11, 13, 31, 31, 83]
[0, 6, 21, 30, 50, 51]
[0, 10, 15, 22, 20, 67]
[0, 14, 18, 14, 10, 98]
[1, 7, 25, 39, 31, 43]
[3, 9, 21, 25, 3, 99]
[0, 16, 12, 20, 40, 76]
[2, 6, 8, 22, 32, 78]
[3, 3, 9, 31, 33, 111]
[4, 6, 31, 14, 44, 51]
[4, 12, 16, 20, 4, 120]
[3, 7, 12, 15, 3, 64]
[1, 3, 22, 23, 11, 24]
[2, 12, 5, 32, 32, 45]
[3, 11, 18, 19, 53, 32]
[3, 19, 12, 23, 23, 28]
[1, 9, 7, 25, 31, 87]
[2, 12, 23, 32, 12, 45]
[3, 13, 21, 21, 23, 49]
[3, 7, 9, 35, 23, 79]
[0, 6, 18, 54, 30, 78]
[1, 13, 13, 13, 11, 73]
[1, 13, 19, 37, 21, 49]
[2, 4, 8, 20, 22, 100]
[1, 9, 19, 33, 21, 63]
[4, 8, 19, 32, 34, 53]
[4, 14, 7, 14, 44, 83]
[2, 14, 2, 14, 22, 38]
[1, 7, 13, 11, 31, 55]
[3, 7, 18, 15, 23, 64]
[3, 11, 12, 11, 13, 80]
[2, 6, 23, 30, 22, 99]
[1, 3, 16, 23, 1, 84]
[1, 19, 13, 19, 31, 43]
[1, 13, 19, 25, 21, 67]
[3, 9, 9, 17, 13, 51]
[0, 12, 6, 20, 40, 84]
[2, 6, 14, 14, 42, 54]
[3, 13, 15, 17, 33, 67]
[0, 14, 12, 22, 30, 74]
[3, 11, 12, 35, 43, 44]
[3, 11, 15, 27, 33, 59]
[1, 11, 19, 39, 11, 47]
[0, 10, 12, 14, 40, 130]
[2, 8, 14, 20, 62, 68]
[4, 10, 16, 38, 24, 46]
[2, 8, 20, 24, 17, 68]
[2, 12, 14, 32, 37, 72]
[1, 3, 25, 39, 21, 87]
[1, 7, 16, 15, 31, 52]
[2, 6, 26, 30, 12, 78]
[4, 6, 10, 46, 14, 66]
[3, 11, 24, 19, 13, 56]
[2, 4, 20, 12, 12, 52]
[4, 12, 13, 24, 14, 93]
[2, 10, 23, 30, 2, 55]
[1, 11, 7, 27, 41, 83]
[2, 12, 17, 32, 32, 69]
[1, 7, 13, 31, 11, 91]
[0, 8, 18, 16, 35, 68]
[3, 7, 18, 11, 13, 64]
[3, 9, 21, 13, 23, 57]
[0, 14, 6, 22, 50, 62]
[0, 8, 15, 48, 20, 53]
[0, 14, 21, 22, 20, 95]
[3, 11, 6, 27, 13, 56]
[3, 9, 15, 29, 63, 33]
[4, 10, 31, 14, 4, 55]
[3, 11, 24, 23, 33, 32]
[3, 7, 15, 23, 43, 55]
[1, 9, 7, 29, 11, 69]
[1, 11, 25, 15, 41, 47]
[1, 15, 19, 35, 11, 27]
[0, 6, 18, 26, 35, 48]
[3, 17, 9, 29, 33, 29]
[3, 11, 15, 23, 53, 35]
[2, 14, 17, 22, 32, 71]
[4, 8, 16, 24, 39, 32]
[0, 12, 21, 16, 30, 117]
[4, 4, 13, 24, 24, 37]
[4, 6, 16, 34, 29, 72]
[4, 10, 7, 14, 24, 55]
[1, 11, 16, 35, 21, 68]
[4, 12, 16, 12, 34, 72]
[1, 9, 13, 17, 11, 51]
[2, 20, 14, 20, 22, 32]
[1, 5, 19, 33, 1, 71]
[2, 12, 14, 24, 37, 72]
[4, 10, 4, 30, 4, 58]
[1, 7, 16, 35, 1, 76]
[3, 11, 15, 23, 13, 83]
[3, 13, 9, 41, 33, 31]
[1, 13, 1, 29, 61, 37]
[1, 9, 7, 21, 51, 105]
[1, 3, 16, 19, 11, 72]
[2, 12, 17, 24, 32, 69]
[2, 14, 20, 22, 12, 62]
[2, 6, 26, 26, 27, 60]
[2, 10, 14, 34, 27, 88]
[2, 10, 8, 34, 47, 76]
[0, 8, 18, 20, 30, 56]
[2, 12, 8, 20, 12, 60]
[0, 10, 24, 38, 40, 46]
[2, 4, 14, 20, 12, 112]
[1, 11, 4, 19, 31, 56]
[4, 12, 10, 44, 14, 36]
[0, 8, 6, 24, 15, 68]
[0, 6, 12, 38, 0, 42]
[3, 11, 18, 31, 3, 92]
[4, 8, 13, 24, 34, 29]
[2, 16, 17, 24, 12, 61]
[1, 9, 19, 37, 21, 69]
[1, 11, 10, 31, 11, 56]
[2, 12, 20, 16, 27, 60]
[3, 11, 15, 15, 53, 35]
[2, 14, 26, 14, 22, 38]
[1, 9, 7, 21, 31, 81]
[2, 4, 5, 16, 52, 61]
[3, 9, 9, 21, 13, 57]
[1, 11, 19, 19, 41, 83]
[2, 2, 20, 14, 32, 110]
[0, 18, 18, 22, 20, 42]
[2, 12, 8, 36, 32, 60]
[2, 4, 2, 24, 27, 88]
[3, 11, 15, 15, 13, 83]
[4, 10, 16, 26, 39, 28]
[3, 15, 3, 15, 33, 75]
[2, 8, 23, 24, 22, 53]
[3, 3, 12, 19, 33, 72]
[1, 3, 13, 19, 1, 87]
[1, 15, 7, 19, 31, 51]
[0, 4, 15, 40, 10, 61]
[4, 10, 10, 30, 24, 46]
[3, 11, 27, 23, 13, 35]
[1, 11, 4, 19, 11, 32]
[1, 3, 22, 31, 1, 60]
[4, 10, 28, 14, 14, 58]
[2, 6, 20, 30, 12, 114]
[2, 8, 17, 24, 12, 77]
[2, 6, 8, 14, 52, 42]
[2, 12, 8, 12, 12, 60]
[1, 7, 19, 23, 31, 55]
[4, 6, 10, 54, 14, 78]
[0, 8, 15, 16, 20, 53]
[1, 7, 16, 31, 21, 88]
[3, 13, 21, 17, 23, 55]
[0, 14, 15, 22, 20, 71]
[3, 5, 15, 21, 23, 89]
[4, 12, 16, 24, 19, 72]
[3, 19, 15, 23, 3, 31]
[3, 7, 15, 19, 3, 91]
[2, 10, 11, 14, 32, 55]
[3, 13, 15, 25, 33, 55]
[1, 11, 10, 23, 11, 56]
[1, 15, 7, 15, 21, 51]
[3, 13, 15, 13, 33, 73]
[1, 13, 1, 25, 51, 31]
[0, 8, 24, 24, 45, 32]
[0, 10, 6, 22, 30, 82]
[3, 9, 9, 37, 33, 57]
[1, 13, 1, 21, 41, 25]
[1, 7, 19, 43, 11, 91]
[1, 15, 22, 23, 21, 72]
[1, 9, 13, 21, 11, 57]
[1, 19, 16, 19, 21, 52]
[0, 8, 15, 40, 20, 53]
[3, 7, 12, 19, 13, 64]
[3, 17, 21, 17, 3, 47]
[1, 13, 13, 37, 31, 61]
[4, 6, 10, 34, 9, 60]
[2, 14, 23, 14, 32, 59]
[3, 9, 15, 37, 23, 93]
[3, 17, 15, 17, 23, 71]
[0, 10, 15, 46, 20, 31]
[1, 15, 4, 19, 41, 36]
[1, 7, 13, 11, 51, 79]
[1, 7, 10, 15, 41, 88]
[1, 11, 1, 23, 31, 35]
[2, 10, 20, 14, 12, 46]
[2, 4, 14, 12, 22, 64]
[2, 10, 20, 34, 17, 76]
[1, 11, 13, 11, 11, 59]
[0, 10, 18, 30, 20, 46]
[2, 8, 17, 16, 42, 53]
[1, 7, 22, 23, 41, 40]
[0, 8, 24, 16, 45, 32]
[0, 6, 12, 26, 15, 60]
[3, 7, 6, 35, 23, 52]
[2, 8, 8, 12, 22, 32]
[2, 12, 23, 16, 32, 45]
[0, 10, 0, 14, 40, 82]
[0, 10, 12, 18, 15, 64]
[1, 13, 19, 21, 31, 85]
[2, 12, 17, 40, 12, 69]
[4, 12, 25, 16, 14, 45]
[3, 13, 9, 37, 23, 49]
[3, 15, 18, 15, 33, 60]
[4, 8, 7, 32, 4, 53]
[2, 12, 2, 32, 37, 24]
[1, 7, 19, 39, 1, 67]
[3, 3, 6, 31, 33, 72]
[4, 10, 25, 14, 4, 103]
[4, 14, 10, 22, 24, 86]
[2, 14, 17, 30, 12, 59]
[2, 10, 8, 22, 22, 58]
[4, 14, 10, 14, 44, 74]
[2, 12, 17, 16, 22, 69]
[1, 11, 7, 15, 21, 59]
[3, 7, 15, 27, 53, 55]
[4, 8, 16, 32, 39, 32]
[0, 14, 18, 34, 25, 44]
[1, 17, 25, 21, 1, 53]
[2, 14, 14, 14, 22, 86]
[3, 7, 21, 15, 3, 91]
[2, 8, 14, 28, 12, 92]
[4, 8, 13, 32, 24, 53]
[0, 8, 3, 24, 10, 53]
[3, 11, 12, 39, 33, 56]
[0, 14, 3, 22, 70, 71]
[2, 6, 5, 22, 22, 63]
[2, 12, 20, 12, 32, 60]
[2, 10, 11, 30, 22, 79]
[1, 11, 13, 27, 21, 71]
[0, 8, 27, 32, 60, 29]
[4, 14, 19, 22, 4, 71]
[2, 18, 8, 18, 37, 60]
[2, 10, 5, 38, 42, 67]
[3, 9, 21, 25, 23, 75]
[1, 15, 4, 27, 61, 36]
[0, 10, 12, 18, 35, 112]
[2, 6, 5, 22, 52, 63]
[4, 12, 7, 24, 24, 69]
[3, 11, 9, 31, 23, 59]
[3, 9, 9, 41, 33, 63]
[4, 8, 7, 24, 4, 53]
[1, 5, 13, 21, 11, 77]
[3, 11, 12, 27, 13, 80]
[2, 6, 17, 30, 22, 123]
[4, 8, 31, 16, 24, 53]
[1, 7, 7, 23, 31, 103]
[1, 17, 19, 21, 21, 77]
[2, 6, 8, 18, 27, 60]
[2, 16, 11, 32, 32, 37]
[0, 14, 33, 14, 0, 59]
[1, 11, 16, 19, 41, 92]
[1, 5, 19, 21, 31, 53]
[4, 6, 16, 14, 24, 54]
[2, 14, 20, 22, 32, 62]
[2, 6, 20, 22, 2, 78]
[4, 12, 16, 20, 24, 72]
[2, 12, 14, 20, 42, 72]
[2, 6, 8, 18, 57, 60]
[1, 9, 7, 13, 21, 57]
[2, 14, 5, 38, 52, 23]
[2, 16, 5, 16, 32, 61]
[0, 14, 9, 14, 20, 59]
[3, 11, 12, 31, 33, 56]
[1, 13, 7, 33, 51, 67]
[1, 11, 16, 15, 11, 56]
[2, 12, 8, 20, 32, 60]
[2, 14, 11, 14, 22, 83]
[3, 7, 18, 15, 3, 88]
[2, 4, 14, 20, 32, 112]
[2, 8, 5, 24, 32, 53]
[3, 13, 15, 17, 13, 91]
[0, 8, 18, 28, 20, 32]
[0, 12, 24, 20, 30, 96]
[4, 10, 22, 22, 34, 34]
[3, 9, 15, 17, 43, 39]
[4, 10, 16, 30, 24, 58]
[0, 4, 18, 28, 40, 52]
[1, 7, 19, 35, 1, 55]
[1, 17, 13, 29, 41, 41]
[4, 12, 7, 16, 14, 117]
[2, 12, 20, 16, 47, 60]
[1, 17, 19, 25, 21, 59]
[1, 11, 13, 19, 51, 107]
[2, 10, 8, 14, 2, 46]
[1, 5, 19, 21, 11, 29]
[1, 11, 16, 39, 11, 56]
[4, 12, 7, 32, 14, 69]
[0, 14, 24, 26, 15, 68]
[1, 9, 19, 13, 51, 69]
[1, 13, 13, 33, 31, 67]
[1, 11, 16, 11, 41, 92]
[3, 7, 12, 27, 43, 52]
[2, 8, 23, 24, 42, 53]
[2, 6, 8, 14, 42, 42]
[3, 17, 9, 21, 33, 65]
[3, 11, 9, 27, 33, 47]
[2, 14, 20, 18, 27, 68]
[2, 14, 23, 22, 12, 47]
[1, 17, 7, 17, 41, 47]
[2, 12, 14, 36, 12, 72]
[2, 12, 11, 24, 2, 69]
[4, 12, 22, 28, 4, 60]
[3, 9, 15, 29, 43, 57]
[1, 15, 10, 31, 51, 60]
[1, 9, 19, 17, 51, 75]
[3, 7, 15, 23, 23, 79]
[2, 8, 17, 24, 32, 77]
[0, 14, 12, 14, 10, 62]
[2, 10, 2, 30, 32, 34]
[0, 12, 27, 24, 30, 69]
[0, 10, 18, 14, 20, 70]
[1, 11, 4, 23, 21, 44]
[4, 14, 22, 14, 14, 50]
[2, 14, 14, 26, 17, 68]
[3, 9, 21, 29, 23, 81]
[4, 10, 22, 22, 14, 82]
[2, 14, 17, 14, 32, 83]
[3, 15, 6, 19, 33, 72]
[2, 2, 11, 14, 22, 119]
[2, 8, 2, 28, 12, 44]
[0, 12, 3, 24, 50, 69]
[1, 13, 13, 33, 11, 43]
[2, 8, 8, 24, 57, 68]
[3, 9, 3, 25, 3, 27]
[1, 3, 19, 27, 11, 87]
[2, 12, 8, 32, 37, 60]
[3, 9, 9, 45, 33, 69]
[2, 16, 14, 28, 12, 52]
[3, 13, 9, 33, 23, 55]
[2, 10, 2, 26, 27, 28]
[4, 10, 10, 54, 14, 34]
[3, 11, 9, 19, 3, 83]
[3, 15, 15, 35, 13, 39]
[1, 7, 13, 19, 31, 79]
[2, 4, 23, 16, 12, 61]
[0, 14, 18, 26, 25, 80]
[2, 6, 11, 14, 52, 51]
[1, 17, 13, 21, 21, 53]
[4, 10, 19, 14, 4, 127]
[4, 10, 13, 14, 24, 79]
[0, 14, 18, 22, 30, 110]
[4, 16, 4, 16, 49, 88]
[0, 6, 24, 30, 60, 30]
[3, 19, 6, 23, 43, 28]
[0, 12, 18, 12, 10, 84]
[2, 12, 20, 20, 22, 60]
[3, 11, 6, 19, 3, 68]
[1, 11, 22, 15, 31, 56]
[4, 12, 13, 32, 24, 45]
[3, 11, 9, 23, 23, 59]
[0, 10, 15, 14, 40, 127]
[3, 17, 15, 25, 13, 47]
[0, 14, 12, 30, 30, 38]
[3, 15, 15, 27, 33, 39]
[3, 11, 15, 15, 33, 59]
[2, 12, 20, 20, 52, 60]
[0, 14, 12, 26, 35, 68]
[1, 11, 10, 23, 51, 104]
[2, 10, 8, 34, 27, 76]
[3, 7, 21, 19, 23, 79]
[0, 10, 6, 26, 25, 64]
[2, 8, 14, 12, 52, 44]
[1, 7, 22, 27, 31, 40]
[2, 10, 14, 26, 37, 76]
[1, 15, 16, 27, 21, 60]
[2, 12, 23, 16, 52, 45]
[2, 10, 14, 22, 52, 70]
[3, 7, 24, 19, 23, 76]
[1, 15, 13, 15, 21, 87]
[4, 8, 22, 20, 34, 56]
[1, 11, 13, 31, 11, 59]
[2, 8, 14, 16, 17, 56]
[1, 11, 10, 19, 21, 68]
[1, 11, 16, 27, 1, 44]
[0, 14, 9, 22, 40, 71]
[2, 10, 8, 30, 22, 70]
[3, 15, 18, 23, 3, 72]
[1, 7, 13, 15, 21, 55]
[2, 10, 8, 22, 42, 58]
[0, 16, 6, 16, 55, 52]
[1, 11, 13, 39, 21, 71]
[2, 6, 17, 14, 12, 51]
[2, 12, 17, 16, 42, 69]
[0, 8, 6, 28, 20, 80]
[0, 4, 15, 40, 20, 85]
[2, 8, 14, 16, 47, 56]
[3, 9, 15, 33, 43, 63]
[1, 11, 25, 23, 41, 47]
[1, 13, 19, 29, 31, 73]
[2, 8, 11, 16, 32, 53]
[2, 10, 17, 38, 12, 91]
[4, 6, 10, 26, 19, 24]
[1, 7, 4, 19, 31, 88]
[4, 12, 16, 16, 19, 96]
[2, 8, 14, 28, 32, 92]
[3, 7, 6, 43, 33, 64]
[2, 14, 14, 38, 22, 50]
[2, 12, 20, 12, 52, 60]
[1, 15, 16, 15, 21, 96]
[3, 11, 15, 31, 53, 35]
[2, 12, 8, 36, 42, 60]
[1, 11, 16, 23, 31, 80]
[2, 8, 14, 16, 77, 56]
[4, 8, 10, 24, 19, 44]
[0, 10, 3, 14, 30, 79]
[2, 8, 5, 32, 52, 77]
[0, 10, 0, 18, 35, 64]
[3, 5, 15, 13, 3, 77]
[1, 11, 10, 19, 1, 44]
[3, 11, 6, 39, 23, 44]
[1, 7, 4, 15, 41, 88]
[3, 11, 3, 23, 13, 35]
[4, 10, 16, 14, 24, 82]
[4, 12, 4, 20, 24, 72]
[1, 9, 7, 13, 41, 81]
[1, 11, 1, 27, 51, 59]
[4, 18, 13, 22, 4, 51]
[2, 6, 20, 30, 22, 114]
[2, 8, 8, 24, 17, 68]
[2, 10, 26, 30, 22, 34]
[2, 2, 26, 14, 22, 74]
[2, 4, 23, 24, 22, 109]
[2, 10, 11, 22, 52, 67]
[3, 13, 3, 21, 23, 49]
[3, 5, 9, 29, 33, 65]
[2, 6, 14, 18, 37, 72]
[1, 15, 19, 15, 21, 99]
[4, 12, 16, 28, 24, 48]
[0, 8, 6, 20, 20, 80]
[3, 7, 18, 19, 13, 88]
[2, 8, 2, 32, 37, 56]
[2, 10, 5, 22, 12, 43]
[2, 6, 20, 22, 22, 78]
[2, 8, 20, 12, 2, 32]
[3, 15, 12, 31, 13, 60]
[2, 12, 11, 32, 22, 69]
[0, 10, 18, 22, 20, 58]
[3, 11, 6, 11, 13, 56]
[3, 7, 27, 19, 23, 67]
[2, 12, 8, 28, 42, 60]
[0, 18, 21, 22, 10, 51]
[2, 10, 14, 18, 17, 64]
[4, 8, 10, 52, 14, 56]
[2, 12, 11, 32, 52, 69]
[3, 11, 3, 15, 13, 35]
[1, 7, 22, 39, 11, 52]
[0, 12, 3, 16, 40, 69]
[4, 10, 4, 38, 4, 46]
[3, 11, 21, 31, 13, 71]
[4, 12, 16, 32, 29, 24]
[1, 11, 16, 19, 21, 68]
[3, 7, 12, 31, 53, 52]
[3, 7, 30, 23, 23, 64]
[2, 14, 5, 14, 2, 59]
[1, 9, 19, 33, 11, 51]
[2, 10, 17, 22, 32, 67]
[2, 10, 14, 18, 47, 64]
[4, 10, 13, 22, 24, 67]
