[[2, 6, 8, 18, 27, 108], [0, 2, 3, 6, 7, 8, 10, 13, 14, 15, 18]]
[[2, 6, 8, 18, 27, 108], [0, 1, 4, 7, 13, 15, 19]]
[[2, 6, 8, 18, 27, 108], [0, 1, 3, 7, 8, 9, 10, 13, 14, 15, 16]]
[[2, 6, 8, 18, 27, 108], [0, 4, 7, 9, 10, 13, 14, 15, 19]]
[[2, 6, 8, 18, 27, 108], [0, 2, 3, 4, 6, 10, 12, 13, 14, 15, 18]]
[[2, 6, 8, 18, 27, 108], [0, 1, 2, 4, 5, 7, 9, 13, 14, 15, 16]]
[[2, 6, 8, 18, 27, 108], [0, 2, 3, 4, 6, 7, 8, 9, 10, 12, 13, 15, 16, 18, 19]]
[[2, 6, 8, 18, 27, 108], [0, 5, 6, 9, 13, 15, 16, 18, 19]]
[[2, 6, 8, 18, 27, 108], [0, 4, 6, 7, 8, 9, 12, 13, 14, 15, 16, 18, 19]]
[[2, 6, 8, 18, 27, 108], [0, 3, 7, 8, 13, 15, 19]]
[[2, 6, 8, 18, 27, 108], [0, 5, 6, 7, 8, 13, 14, 15, 18]]
[[2, 6, 8, 18, 27, 108], [0, 4, 5, 6, 12, 13, 14, 15, 18]]
[[2, 6, 8, 18, 27, 108], [0, 3, 5, 7, 8, 13, 14, 15, 16]]
[[2, 6, 8, 18, 27, 108], [0, 2, 3, 5, 6, 9, 10, 13, 14, 15, 16, 18, 19]]
[[2, 6, 8, 18, 27, 108], [0, 1, 2, 3, 5, 7, 8, 9, 10, 13, 14, 15, 19]]
[[2, 6, 8, 18, 27, 108], [0, 4, 5, 7, 10, 13, 14, 15, 16]]
[[2, 6, 8, 18, 37, 72], [0, 1, 4, 6, 8, 9, 10, 13, 14, 15, 19]]
[[2, 6, 8, 18, 37, 72], [0, 1, 3, 6, 7, 8, 9, 13, 14, 15, 16]]
[[2, 6, 8, 18, 37, 72], [0, 1, 2, 4, 5, 6, 7, 9, 10, 13, 14, 15, 16]]
[[2, 6, 8, 18, 37, 72], [0, 1, 2, 3, 4, 5, 6, 8, 13, 15, 19]]
[[2, 6, 8, 18, 37, 72], [0, 1, 2, 5, 6, 9, 10, 13, 14, 15, 19]]
[[2, 6, 8, 18, 37, 72], [0, 1, 3, 4, 5, 6, 7, 13, 14, 15, 16]]
[[2, 6, 8, 18, 37, 72], [0, 1, 5, 6, 7, 8, 10, 13, 14, 15, 16]]
[[2, 6, 8, 18, 37, 72], [0, 1, 2, 3, 5, 6, 13, 15, 19]]
[[2, 6, 8, 18, 12, 84], [0, 1, 4, 5, 11, 12, 14, 15, 16]]
[[2, 6, 8, 18, 12, 84], [0, 2, 6, 7, 11, 12, 14, 15, 16]]
[[2, 6, 8, 18, 12, 84], [0, 2, 7, 9, 10, 11, 13, 15, 19]]
[[2, 6, 8, 18, 12, 84], [0, 1, 2, 4, 11, 13, 14, 15, 19]]
[[2, 6, 8, 18, 12, 84], [0, 2, 6, 8, 11, 13, 14, 15, 19]]
[[2, 6, 8, 18, 12, 84], [0, 3, 4, 5, 6, 10, 11, 12, 14, 15, 16]]
[[2, 6, 8, 18, 12, 84], [0, 2, 7, 10, 11, 12, 14, 15, 16]]
[[2, 6, 8, 18, 12, 84], [0, 3, 4, 5, 6, 7, 8, 9, 10, 11, 13, 15, 19]]
[[2, 6, 8, 18, 32, 24], [0, 1, 2, 4, 5, 7, 8, 11, 13, 15, 16, 17, 19]]
[[2, 6, 8, 18, 32, 24], [0, 2, 5, 9, 10, 11, 14, 15, 17, 18, 19]]
[[2, 6, 8, 18, 32, 24], [0, 3, 4, 8, 9, 11, 12, 13, 14, 15, 16, 17, 19]]
[[2, 6, 8, 18, 32, 24], [0, 2, 5, 9, 10, 11, 12, 13, 14, 15, 16, 17, 19]]
[[2, 6, 8, 18, 32, 24], [0, 3, 4, 8, 11, 15, 17, 18, 19]]
[[2, 6, 8, 18, 32, 24], [0, 1, 4, 7, 8, 11, 12, 15, 17, 18, 19]]
[[2, 6, 8, 18, 32, 24], [0, 1, 3, 7, 9, 10, 11, 12, 14, 15, 17, 18, 19]]
[[2, 6, 8, 18, 32, 24], [0, 1, 2, 3, 5, 7, 10, 11, 13, 15, 16, 17, 19]]
[[2, 6, 8, 18, 42, 84], [0, 3, 4, 9, 11, 12, 14, 15, 18]]
[[2, 6, 8, 18, 42, 84], [0, 1, 5, 6, 10, 11, 14, 15, 18]]
[[2, 6, 8, 18, 42, 84], [0, 2, 3, 5, 6, 8, 10, 11, 13, 15, 17, 18, 19]]
[[2, 6, 8, 18, 42, 84], [0, 1, 2, 4, 5, 6, 7, 10, 11, 12, 13, 15, 17, 18, 19]]
[[2, 6, 8, 18, 42, 84], [0, 1, 2, 5, 6, 7, 8, 9, 10, 11, 12, 13, 14, 15, 16, 18, 19]]
[[2, 6, 8, 18, 42, 84], [0, 1, 3, 5, 6, 8, 11, 13, 14, 15, 17, 18, 19]]
[[2, 6, 8, 18, 42, 84], [0, 4, 6, 8, 11, 15, 16, 17, 19]]
[[2, 6, 8, 18, 42, 84], [0, 1, 2, 3, 4, 5, 6, 7, 9, 11, 14, 15, 18]]
[[2, 6, 8, 18, 42, 84], [0, 1, 3, 4, 5, 6, 8, 9, 11, 12, 13, 15, 16, 18, 19]]
[[2, 6, 8, 18, 42, 84], [0, 1, 3, 5, 7, 10, 11, 12, 14, 15, 18]]
[[2, 6, 8, 18, 42, 84], [0, 2, 3, 6, 7, 10, 11, 12, 14, 15, 16, 17, 19]]
[[2, 6, 8, 18, 42, 84], [0, 4, 5, 6, 7, 11, 12, 13, 14, 15, 17, 18, 19]]
[[2, 6, 8, 18, 42, 84], [0, 1, 4, 6, 8, 10, 11, 15, 16, 17, 19]]
[[2, 6, 8, 18, 42, 84], [0, 3, 4, 9, 11, 13, 14, 15, 16, 18, 19]]
[[2, 6, 8, 18, 42, 84], [0, 1, 2, 3, 7, 9, 10, 11, 13, 15, 16, 18, 19]]
[[2, 6, 8, 18, 42, 84], [0, 1, 2, 3, 6, 7, 11, 12, 14, 15, 16, 17, 19]]
[[2, 6, 8, 18, 7, 72], [0, 2, 6, 8, 11, 12, 14, 15, 16, 18, 19]]
[[2, 6, 8, 18, 7, 72], [0, 2, 3, 4, 6, 10, 11, 13, 14, 15, 18]]
[[2, 6, 8, 18, 7, 72], [0, 1, 2, 4, 8, 11, 12, 13, 14, 15, 18]]
[[2, 6, 8, 18, 7, 72], [0, 1, 4, 5, 8, 9, 11, 15, 16, 18, 19]]
[[2, 6, 8, 18, 7, 72], [0, 2, 7, 8, 10, 11, 12, 13, 14, 15, 18]]
[[2, 6, 8, 18, 7, 72], [0, 2, 7, 8, 10, 11, 14, 15, 16, 18, 19]]
[[2, 6, 8, 18, 7, 72], [0, 2, 3, 4, 6, 7, 8, 9, 10, 11, 12, 15, 16, 18, 19]]
[[2, 6, 8, 18, 7, 72], [0, 2, 6, 7, 11, 13, 14, 15, 18]]
[[2, 6, 8, 18, 32, 60], [0, 3, 5, 6, 7, 8, 10, 11, 14, 15, 16, 18, 19]]
[[2, 6, 8, 18, 32, 60], [0, 1, 2, 3, 4, 5, 7, 8, 9, 10, 11, 13, 14, 15, 18]]
[[2, 6, 8, 18, 32, 60], [0, 2, 4, 6, 8, 9, 11, 15, 16, 18, 19]]
[[2, 6, 8, 18, 32, 60], [0, 3, 8, 9, 11, 13, 14, 15, 18]]
[[2, 6, 8, 18, 32, 60], [0, 3, 5, 8, 11, 12, 14, 15, 16, 18, 19]]
[[2, 6, 8, 18, 32, 60], [0, 1, 3, 4, 5, 7, 8, 9, 10, 11, 12, 15, 16, 18, 19]]
[[2, 6, 8, 18, 32, 60], [0, 3, 6, 9, 10, 11, 12, 13, 14, 15, 18]]
[[2, 6, 8, 18, 32, 60], [0, 2, 4, 5, 6, 7, 9, 11, 12, 13, 14, 15, 18]]
[[2, 6, 8, 14, 42, 90], [0, 3, 4, 5, 6, 8, 10, 11, 14, 15, 19]]
[[2, 6, 8, 14, 42, 90], [0, 7, 9, 10, 11, 13, 14, 15, 16]]
[[2, 6, 8, 14, 42, 90], [0, 1, 2, 6, 8, 10, 11, 13, 14, 15, 16]]
[[2, 6, 8, 14, 42, 90], [0, 1, 2, 4, 11, 13, 14, 15, 16]]
[[2, 6, 8, 14, 42, 90], [0, 1, 3, 4, 5, 8, 10, 11, 14, 15, 19]]
[[2, 6, 8, 14, 42, 90], [0, 3, 4, 5, 6, 7, 10, 11, 12, 13, 14, 15, 16]]
[[2, 6, 8, 14, 42, 90], [0, 3, 5, 7, 8, 11, 12, 13, 14, 15, 16]]
[[2, 6, 8, 14, 42, 90], [0, 1, 3, 4, 5, 6, 11, 12, 14, 15, 19]]
[[2, 6, 8, 14, 42, 90], [0, 7, 10, 11, 12, 15, 19]]
[[2, 6, 8, 14, 42, 90], [0, 1, 2, 3, 4, 5, 6, 7, 8, 9, 11, 13, 14, 15, 16]]
[[2, 6, 8, 14, 42, 90], [0, 1, 2, 3, 4, 5, 8, 9, 10, 11, 12, 13, 14, 15, 16]]
[[2, 6, 8, 14, 42, 90], [0, 1, 6, 7, 10, 11, 12, 15, 19]]
[[2, 6, 8, 14, 42, 90], [0, 6, 7, 8, 11, 15, 19]]
[[2, 6, 8, 14, 42, 90], [0, 6, 9, 11, 12, 13, 14, 15, 16]]
[[2, 6, 8, 14, 42, 90], [0, 3, 7, 8, 11, 15, 19]]
[[2, 6, 8, 14, 42, 90], [0, 1, 4, 5, 11, 12, 14, 15, 19]]
[[2, 6, 8, 14, 42, 42], [0, 1, 2, 3, 6, 7, 8, 9, 11, 12, 13, 15, 19]]
[[2, 6, 8, 14, 42, 42], [0, 3, 4, 5, 7, 9, 11, 12, 13, 15, 19]]
[[2, 6, 8, 14, 42, 42], [0, 1, 2, 4, 6, 8, 10, 11, 12, 13, 14, 15, 19]]
[[2, 6, 8, 14, 42, 42], [0, 1, 2, 3, 10, 11, 12, 13, 14, 15, 19]]
[[2, 6, 8, 14, 42, 42], [0, 1, 3, 5, 6, 11, 14, 15, 16]]
[[2, 6, 8, 14, 42, 42], [0, 1, 4, 5, 6, 7, 10, 11, 14, 15, 16]]
[[2, 6, 8, 14, 42, 42], [0, 3, 4, 5, 7, 11, 14, 15, 16]]
[[2, 6, 8, 14, 42, 42], [0, 1, 3, 5, 10, 11, 14, 15, 16]]
[[2, 6, 8, 14, 42, 54], [0, 2, 4, 6, 8, 12, 14, 15, 16, 17, 19]]
[[2, 6, 8, 14, 42, 54], [0, 2, 3, 4, 5, 15, 16, 17, 19]]
[[2, 6, 8, 14, 42, 54], [0, 2, 3, 4, 5, 6, 10, 15, 16, 17, 19]]
[[2, 6, 8, 14, 42, 54], [0, 2, 3, 4, 5, 15, 17, 18, 19]]
[[2, 6, 8, 14, 42, 54], [0, 2, 4, 5, 6, 7, 12, 15, 17, 18, 19]]
[[2, 6, 8, 14, 42, 54], [0, 1, 2, 3, 4, 8, 10, 12, 14, 15, 16, 17, 19]]
[[2, 6, 8, 14, 42, 54], [0, 1, 3, 4, 8, 9, 10, 12, 14, 15, 17, 18, 19]]
[[2, 6, 8, 14, 42, 54], [0, 2, 3, 4, 5, 6, 7, 8, 9, 10, 14, 15, 17, 18, 19]]
[[2, 6, 8, 14, 22, 66], [0, 1, 4, 5, 6, 7, 10, 11, 14, 15, 16, 17, 19]]
[[2, 6, 8, 14, 22, 66], [0, 2, 5, 6, 13, 15, 17, 18, 19]]
[[2, 6, 8, 14, 22, 66], [0, 2, 3, 6, 8, 10, 12, 13, 14, 15, 17, 18, 19]]
[[2, 6, 8, 14, 22, 66], [0, 1, 2, 3, 5, 6, 7, 11, 13, 15, 17, 18, 19]]
[[2, 6, 8, 14, 22, 66], [0, 1, 6, 8, 10, 11, 12, 15, 16, 17, 19]]
[[2, 6, 8, 14, 22, 66], [0, 1, 2, 3, 4, 5, 6, 8, 11, 12, 13, 15, 17, 18, 19]]
[[2, 6, 8, 14, 22, 66], [0, 2, 3, 4, 5, 7, 8, 12, 13, 15, 17, 18, 19]]
[[2, 6, 8, 14, 22, 66], [0, 1, 2, 4, 6, 8, 10, 11, 12, 13, 14, 15, 17, 18, 19]]
[[2, 6, 8, 14, 22, 66], [0, 2, 3, 4, 5, 7, 8, 12, 13, 15, 16, 17, 19]]
[[2, 6, 8, 14, 22, 66], [0, 2, 5, 6, 7, 8, 9, 13, 14, 15, 16, 17, 19]]
[[2, 6, 8, 14, 22, 66], [0, 1, 2, 6, 7, 10, 11, 13, 14, 15, 17, 18, 19]]
[[2, 6, 8, 14, 22, 66], [0, 1, 3, 6, 8, 11, 12, 15, 16, 17, 19]]
[[2, 6, 8, 14, 22, 66], [0, 1, 3, 4, 7, 9, 10, 13, 14, 15, 16, 17, 19]]
[[2, 6, 8, 14, 22, 66], [0, 2, 3, 5, 6, 7, 10, 12, 13, 15, 16, 17, 19]]
[[2, 6, 8, 14, 22, 66], [0, 1, 2, 3, 4, 7, 10, 13, 14, 15, 17, 18, 19]]
[[2, 6, 8, 14, 22, 66], [0, 1, 3, 4, 5, 6, 7, 11, 14, 15, 16, 17, 19]]
[[2, 6, 8, 14, 37, 54], [0, 2, 3, 5, 6, 7, 8, 10, 11, 12, 13, 15, 16, 17, 19]]
[[2, 6, 8, 14, 37, 54], [0, 1, 2, 5, 6, 8, 9, 10, 11, 13, 14, 15, 16, 17, 19]]
[[2, 6, 8, 14, 37, 54], [0, 1, 5, 6, 7, 9, 10, 11, 12, 15, 17, 18, 19]]
[[2, 6, 8, 14, 37, 54], [0, 1, 2, 3, 4, 5, 6, 7, 11, 12, 13, 15, 16, 17, 19]]
[[2, 6, 8, 14, 37, 54], [0, 2, 3, 6, 9, 10, 11, 15, 17, 18, 19]]
[[2, 6, 8, 14, 37, 54], [0, 4, 5, 6, 7, 8, 11, 12, 14, 15, 17, 18, 19]]
[[2, 6, 8, 14, 37, 54], [0, 4, 6, 9, 11, 13, 14, 15, 16, 17, 19]]
[[2, 6, 8, 14, 37, 54], [0, 1, 3, 4, 5, 6, 8, 11, 14, 15, 17, 18, 19]]
[[2, 6, 8, 14, 27, 78], [0, 1, 3, 5, 6, 7, 8, 13, 14, 15, 18]]
[[2, 6, 8, 14, 27, 78], [0, 1, 4, 5, 6, 7, 8, 9, 10, 12, 13, 15, 16, 18, 19]]
[[2, 6, 8, 14, 27, 78], [0, 1, 2, 3, 4, 5, 6, 7, 8, 9, 12, 13, 14, 15, 16, 18, 19]]
[[2, 6, 8, 14, 27, 78], [0, 1, 3, 4, 5, 6, 12, 13, 14, 15, 18]]
[[2, 6, 8, 14, 27, 78], [0, 1, 2, 4, 6, 10, 12, 13, 14, 15, 18]]
[[2, 6, 8, 14, 27, 78], [0, 1, 2, 3, 6, 9, 13, 15, 16, 18, 19]]
[[2, 6, 8, 14, 27, 78], [0, 1, 2, 6, 7, 8, 10, 13, 14, 15, 18]]
[[2, 6, 8, 14, 27, 78], [0, 1, 6, 9, 10, 13, 14, 15, 16, 18, 19]]
[[2, 6, 8, 14, 52, 90], [0, 1, 3, 5, 6, 8, 11, 12, 14, 15, 18]]
[[2, 6, 8, 14, 52, 90], [0, 1, 3, 4, 8, 9, 10, 11, 14, 15, 18]]
[[2, 6, 8, 14, 52, 90], [0, 1, 2, 4, 5, 6, 7, 8, 9, 10, 11, 12, 14, 15, 18]]
[[2, 6, 8, 14, 52, 90], [0, 3, 7, 8, 11, 12, 13, 15, 16, 18, 19]]
[[2, 6, 8, 14, 52, 90], [0, 1, 2, 3, 6, 7, 11, 13, 14, 15, 16, 18, 19]]
[[2, 6, 8, 14, 52, 90], [0, 3, 5, 7, 8, 11, 14, 15, 18]]
[[2, 6, 8, 14, 52, 90], [0, 1, 4, 6, 10, 11, 13, 15, 16, 18, 19]]
[[2, 6, 8, 14, 52, 90], [0, 1, 2, 3, 4, 8, 10, 11, 12, 13, 14, 15, 16, 18, 19]]
[[2, 6, 8, 14, 27, 90], [0, 1, 2, 3, 4, 5, 6, 7, 8, 9, 11, 13, 14, 15, 16, 18, 19]]
[[2, 6, 8, 14, 27, 90], [0, 3, 4, 5, 7, 11, 14, 15, 18]]
[[2, 6, 8, 14, 27, 90], [0, 1, 2, 6, 8, 9, 10, 11, 13, 15, 16, 18, 19]]
[[2, 6, 8, 14, 27, 90], [0, 1, 3, 4, 5, 6, 11, 12, 14, 15, 18]]
[[2, 6, 8, 14, 27, 90], [0, 1, 3, 9, 10, 11, 12, 13, 14, 15, 16, 18, 19]]
[[2, 6, 8, 14, 27, 90], [0, 3, 4, 5, 7, 9, 11, 12, 13, 15, 16, 18, 19]]
[[2, 6, 8, 14, 27, 90], [0, 1, 2, 3, 5, 9, 10, 11, 14, 15, 18]]
[[2, 6, 8, 14, 27, 90], [0, 1, 6, 7, 9, 10, 11, 12, 14, 15, 18]]
[[2, 6, 8, 26, 52, 48], [0, 2, 4, 10, 11, 13, 14, 15, 16]]
[[2, 6, 8, 26, 52, 48], [0, 2, 3, 4, 5, 6, 7, 8, 9, 10, 11, 13, 14, 15, 16]]
[[2, 6, 8, 26, 52, 48], [0, 1, 2, 7, 11, 12, 14, 15, 19]]
[[2, 6, 8, 26, 52, 48], [0, 2, 6, 7, 11, 12, 14, 15, 19]]
[[2, 6, 8, 26, 52, 48], [0, 2, 3, 4, 5, 6, 10, 11, 12, 15, 19]]
[[2, 6, 8, 26, 52, 48], [0, 2, 6, 8, 11, 13, 14, 15, 16]]
[[2, 6, 8, 26, 52, 48], [0, 1, 7, 9, 11, 13, 14, 15, 16]]
[[2, 6, 8, 26, 52, 48], [0, 2, 4, 5, 10, 11, 12, 15, 19]]
[[2, 6, 8, 26, 32, 108], [0, 4, 5, 10, 11, 12, 14, 15, 16]]
[[2, 6, 8, 26, 32, 108], [0, 4, 10, 11, 13, 15, 19]]
[[2, 6, 8, 26, 32, 108], [0, 1, 7, 9, 11, 13, 14, 15, 19]]
[[2, 6, 8, 26, 32, 108], [0, 1, 2, 6, 7, 10, 11, 12, 14, 15, 16]]
[[2, 6, 8, 26, 32, 108], [0, 1, 3, 4, 5, 6, 11, 12, 14, 15, 16]]
[[2, 6, 8, 26, 32, 108], [0, 1, 2, 3, 4, 5, 6, 7, 8, 9, 11, 13, 14, 15, 19]]
[[2, 6, 8, 26, 32, 108], [0, 1, 6, 8, 10, 11, 13, 15, 19]]
[[2, 6, 8, 26, 32, 108], [0, 1, 2, 7, 11, 12, 14, 15, 16]]
[[2, 6, 8, 26, 47, 60], [0, 3, 6, 7, 8, 9, 10, 11, 14, 15, 19]]
[[2, 6, 8, 26, 47, 60], [0, 1, 4, 5, 8, 11, 12, 13, 14, 15, 16]]
[[2, 6, 8, 26, 47, 60], [0, 2, 5, 7, 8, 9, 10, 11, 12, 13, 14, 15, 16]]
[[2, 6, 8, 26, 47, 60], [0, 1, 2, 4, 8, 9, 11, 15, 19]]
[[2, 6, 8, 26, 47, 60], [0, 3, 5, 6, 10, 11, 12, 13, 14, 15, 16]]
[[2, 6, 8, 26, 47, 60], [0, 2, 5, 7, 8, 9, 10, 11, 14, 15, 19]]
[[2, 6, 8, 26, 47, 60], [0, 4, 5, 6, 8, 9, 11, 15, 19]]
[[2, 6, 8, 26, 47, 60], [0, 4, 6, 7, 9, 11, 12, 13, 14, 15, 16]]
[[2, 6, 8, 26, 22, 72], [0, 2, 3, 4, 5, 6, 7, 8, 10, 11, 13, 15, 19]]
[[2, 6, 8, 26, 22, 72], [0, 6, 8, 9, 11, 13, 14, 15, 19]]
[[2, 6, 8, 26, 22, 72], [0, 2, 3, 4, 5, 6, 9, 10, 11, 12, 14, 15, 16]]
[[2, 6, 8, 26, 22, 72], [0, 2, 5, 7, 10, 11, 13, 15, 19]]
[[2, 6, 8, 26, 22, 72], [0, 2, 5, 7, 9, 10, 11, 12, 14, 15, 16]]
[[2, 6, 8, 26, 22, 72], [0, 1, 2, 4, 5, 9, 11, 13, 14, 15, 19]]
[[2, 6, 8, 26, 22, 72], [0, 6, 7, 9, 11, 12, 14, 15, 16]]
[[2, 6, 8, 26, 22, 72], [0, 1, 4, 9, 11, 12, 14, 15, 16]]
[[2, 6, 8, 26, 42, 60], [0, 1, 4, 7, 8, 15, 16, 17, 19]]
[[2, 6, 8, 26, 42, 60], [0, 3, 4, 6, 7, 8, 10, 15, 16, 17, 19]]
[[2, 6, 8, 26, 42, 60], [0, 2, 4, 6, 7, 12, 14, 15, 16, 17, 19]]
[[2, 6, 8, 26, 42, 60], [0, 3, 4, 6, 9, 10, 14, 15, 17, 18, 19]]
[[2, 6, 8, 26, 42, 60], [0, 2, 4, 5, 7, 9, 10, 12, 14, 15, 17, 18, 19]]
[[2, 6, 8, 26, 42, 60], [0, 2, 4, 7, 10, 12, 14, 15, 16, 17, 19]]
[[2, 6, 8, 26, 42, 60], [0, 1, 2, 4, 5, 7, 8, 15, 17, 18, 19]]
[[2, 6, 8, 26, 42, 60], [0, 2, 4, 5, 6, 8, 12, 15, 17, 18, 19]]
[[2, 6, 8, 26, 37, 84], [0, 1, 3, 4, 6, 7, 8, 9, 14, 15, 16, 18, 19]]
[[2, 6, 8, 26, 37, 84], [0, 2, 4, 5, 6, 8, 12, 15, 16, 18, 19]]
[[2, 6, 8, 26, 37, 84], [0, 1, 2, 4, 5, 6, 7, 8, 10, 15, 16, 18, 19]]
[[2, 6, 8, 26, 37, 84], [0, 2, 3, 4, 5, 6, 8, 9, 10, 12, 14, 15, 16, 18, 19]]
[[2, 6, 8, 26, 37, 84], [0, 2, 4, 6, 7, 12, 14, 15, 18]]
[[2, 6, 8, 26, 37, 84], [0, 1, 4, 6, 9, 10, 14, 15, 18]]
[[2, 6, 8, 26, 37, 84], [0, 1, 2, 3, 4, 6, 14, 15, 18]]
[[2, 6, 8, 26, 37, 84], [0, 2, 3, 4, 5, 6, 7, 9, 10, 12, 14, 15, 18]]
[[2, 6, 8, 26, 27, 108], [0, 3, 4, 6, 10, 11, 13, 15, 16, 18, 19]]
[[2, 6, 8, 26, 27, 108], [0, 2, 5, 7, 8, 9, 10, 11, 12, 13, 14, 15, 16, 18, 19]]
[[2, 6, 8, 26, 27, 108], [0, 1, 2, 7, 8, 11, 14, 15, 18]]
[[2, 6, 8, 26, 27, 108], [0, 2, 4, 8, 10, 11, 12, 13, 14, 15, 16, 18, 19]]
[[2, 6, 8, 26, 27, 108], [0, 1, 2, 4, 8, 11, 14, 15, 18]]
[[2, 6, 8, 26, 27, 108], [0, 2, 5, 7, 8, 9, 10, 11, 14, 15, 18]]
[[2, 6, 8, 26, 27, 108], [0, 2, 6, 8, 11, 12, 14, 15, 18]]
[[2, 6, 8, 26, 27, 108], [0, 2, 6, 7, 11, 13, 14, 15, 16, 18, 19]]
[[2, 6, 8, 26, 27, 108], [0, 1, 2, 3, 4, 6, 7, 8, 11, 12, 14, 15, 18]]
[[2, 6, 8, 26, 27, 108], [0, 3, 4, 6, 7, 8, 9, 10, 11, 12, 14, 15, 18]]
[[2, 6, 8, 26, 27, 108], [0, 1, 4, 5, 8, 9, 11, 12, 13, 15, 16, 18, 19]]
[[2, 6, 8, 26, 27, 108], [0, 1, 6, 8, 9, 10, 11, 12, 14, 15, 18]]
[[2, 6, 8, 26, 27, 108], [0, 1, 3, 4, 6, 9, 11, 13, 14, 15, 16, 18, 19]]
[[2, 6, 8, 26, 27, 108], [0, 2, 4, 5, 8, 9, 10, 11, 14, 15, 18]]
[[2, 6, 8, 26, 27, 108], [0, 1, 7, 8, 11, 12, 13, 15, 16, 18, 19]]
[[2, 6, 8, 26, 27, 108], [0, 1, 2, 6, 7, 9, 10, 11, 13, 15, 16, 18, 19]]
[[2, 6, 8, 26, 57, 48], [0, 3, 5, 9, 11, 15, 16, 18, 19]]
[[2, 6, 8, 26, 57, 48], [0, 1, 3, 4, 5, 6, 11, 12, 14, 15, 16, 18, 19]]
[[2, 6, 8, 26, 57, 48], [0, 1, 2, 6, 7, 9, 10, 11, 12, 15, 16, 18, 19]]
[[2, 6, 8, 26, 57, 48], [0, 1, 2, 3, 4, 5, 7, 9, 10, 11, 12, 13, 14, 15, 18]]
[[2, 6, 8, 26, 57, 48], [0, 3, 9, 11, 12, 13, 14, 15, 18]]
[[2, 6, 8, 26, 57, 48], [0, 1, 3, 4, 5, 7, 10, 11, 14, 15, 16, 18, 19]]
[[2, 6, 8, 26, 57, 48], [0, 1, 2, 3, 4, 5, 6, 7, 8, 9, 11, 13, 14, 15, 18]]
[[2, 6, 8, 26, 57, 48], [0, 1, 6, 8, 9, 10, 11, 13, 14, 15, 18]]
[[2, 6, 8, 26, 27, 60], [0, 4, 5, 7, 8, 9, 10, 11, 13, 15, 16, 18, 19]]
[[2, 6, 8, 26, 27, 60], [0, 1, 8, 9, 11, 13, 14, 15, 16, 18, 19]]
[[2, 6, 8, 26, 27, 60], [0, 2, 3, 4, 5, 6, 8, 9, 10, 11, 14, 15, 18]]
[[2, 6, 8, 26, 27, 60], [0, 2, 6, 9, 11, 12, 13, 15, 16, 18, 19]]
[[2, 6, 8, 26, 27, 60], [0, 2, 3, 4, 5, 6, 7, 9, 10, 11, 12, 13, 14, 15, 16, 18, 19]]
[[2, 6, 8, 26, 27, 60], [0, 1, 2, 8, 11, 12, 14, 15, 18]]
[[2, 6, 8, 26, 27, 60], [0, 4, 7, 8, 9, 10, 11, 12, 14, 15, 18]]
[[2, 6, 8, 26, 27, 60], [0, 2, 6, 7, 8, 11, 14, 15, 18]]
[[2, 6, 8, 26, 37, 60], [0, 1, 2, 6, 7, 8, 10, 11, 14, 15, 18]]
[[2, 6, 8, 26, 37, 60], [0, 1, 4, 7, 8, 9, 11, 12, 14, 15, 18]]
[[2, 6, 8, 26, 37, 60], [0, 1, 2, 3, 4, 5, 6, 8, 9, 11, 14, 15, 18]]
[[2, 6, 8, 26, 37, 60], [0, 1, 6, 9, 10, 11, 12, 13, 14, 15, 16, 18, 19]]
[[2, 6, 8, 26, 37, 60], [0, 2, 8, 9, 10, 11, 13, 15, 16, 18, 19]]
[[2, 6, 8, 26, 37, 60], [0, 1, 3, 4, 5, 6, 7, 9, 11, 12, 13, 15, 16, 18, 19]]
[[2, 6, 8, 26, 37, 60], [0, 2, 8, 10, 11, 12, 14, 15, 18]]
[[2, 6, 8, 26, 37, 60], [0, 1, 2, 4, 5, 7, 8, 9, 11, 13, 14, 15, 16, 18, 19]]
[[2, 6, 8, 6, 52, 54], [0, 3, 7, 8, 12, 15, 16, 17, 19]]
[[2, 6, 8, 6, 52, 54], [0, 5, 6, 7, 14, 15, 16, 17, 19]]
[[2, 6, 8, 6, 52, 54], [0, 5, 6, 8, 14, 15, 17, 18, 19]]
[[2, 6, 8, 6, 52, 54], [0, 1, 2, 3, 7, 9, 10, 15, 17, 18, 19]]
[[2, 6, 8, 6, 52, 54], [0, 3, 5, 7, 8, 12, 14, 15, 17, 18, 19]]
[[2, 6, 8, 6, 52, 54], [0, 1, 3, 5, 7, 10, 14, 15, 16, 17, 19]]
[[2, 6, 8, 6, 52, 54], [0, 3, 6, 7, 8, 10, 12, 15, 16, 17, 19]]
[[2, 6, 8, 6, 52, 54], [0, 3, 5, 6, 9, 10, 12, 15, 17, 18, 19]]
[[2, 6, 8, 6, 42, 78], [0, 3, 6, 7, 10, 11, 13, 15, 17, 18, 19]]
[[2, 6, 8, 6, 42, 78], [0, 5, 6, 8, 11, 12, 14, 15, 16, 17, 19]]
[[2, 6, 8, 6, 42, 78], [0, 3, 4, 6, 7, 10, 11, 15, 16, 17, 19]]
[[2, 6, 8, 6, 42, 78], [0, 3, 4, 6, 8, 10, 11, 12, 13, 15, 17, 18, 19]]
[[2, 6, 8, 6, 42, 78], [0, 4, 6, 7, 11, 15, 16, 17, 19]]
[[2, 6, 8, 6, 42, 78], [0, 3, 5, 6, 8, 10, 11, 12, 14, 15, 16, 17, 19]]
[[2, 6, 8, 6, 42, 78], [0, 4, 5, 6, 8, 11, 12, 13, 14, 15, 17, 18, 19]]
[[2, 6, 8, 6, 42, 78], [0, 5, 6, 7, 11, 13, 14, 15, 17, 18, 19]]
[[2, 6, 8, 38, 52, 54], [0, 1, 2, 3, 5, 6, 12, 15, 16, 18, 19]]
[[2, 6, 8, 38, 52, 54], [0, 1, 3, 6, 7, 8, 9, 12, 14, 15, 18]]
[[2, 6, 8, 38, 52, 54], [0, 1, 2, 6, 7, 8, 10, 12, 14, 15, 18]]
[[2, 6, 8, 38, 52, 54], [0, 3, 7, 8, 12, 15, 19]]
[[2, 6, 8, 38, 52, 54], [0, 1, 2, 7, 8, 12, 14, 15, 16]]
[[2, 6, 8, 38, 52, 54], [0, 2, 7, 8, 10, 12, 14, 15, 16]]
[[2, 6, 8, 38, 52, 54], [0, 2, 5, 6, 7, 9, 14, 15, 16, 18, 19]]
[[2, 6, 8, 38, 52, 54], [0, 2, 3, 6, 8, 10, 14, 15, 18]]
[[2, 6, 8, 38, 52, 54], [0, 1, 3, 5, 7, 8, 10, 12, 14, 15, 16]]
[[2, 6, 8, 38, 52, 54], [0, 2, 7, 8, 10, 12, 14, 15, 19]]
[[2, 6, 8, 38, 52, 54], [0, 1, 2, 3, 7, 8, 10, 12, 14, 15, 19]]
[[2, 6, 8, 38, 52, 54], [0, 1, 6, 9, 10, 12, 14, 15, 16, 18, 19]]
[[2, 6, 8, 38, 52, 54], [0, 1, 7, 8, 12, 15, 19]]
[[2, 6, 8, 38, 52, 54], [0, 2, 3, 5, 6, 7, 10, 15, 16, 18, 19]]
[[2, 6, 8, 38, 52, 54], [0, 3, 5, 7, 8, 12, 14, 15, 16]]
[[2, 6, 8, 38, 52, 54], [0, 2, 5, 6, 8, 9, 14, 15, 18]]
[[2, 6, 8, 38, 32, 78], [0, 1, 2, 3, 5, 6, 8, 9, 14, 15, 16, 17, 18]]
[[2, 6, 8, 38, 32, 78], [0, 1, 5, 6, 10, 12, 14, 15, 16, 17, 18]]
[[2, 6, 8, 38, 32, 78], [0, 1, 2, 5, 6, 7, 8, 9, 10, 12, 14, 15, 17]]
[[2, 6, 8, 38, 32, 78], [0, 1, 2, 5, 7, 9, 14, 15, 17]]
[[2, 6, 8, 38, 32, 78], [0, 7, 8, 9, 10, 12, 14, 15, 17]]
[[2, 6, 8, 38, 32, 78], [0, 1, 3, 6, 7, 9, 14, 15, 17]]
[[2, 6, 8, 38, 32, 78], [0, 1, 5, 7, 14, 15, 16, 17, 18]]
[[2, 6, 8, 38, 32, 78], [0, 7, 8, 9, 10, 12, 14, 15, 16, 17, 18]]
[[2, 6, 8, 38, 47, 54], [0, 1, 2, 9, 11, 15, 16, 18, 19]]
[[2, 6, 8, 38, 47, 54], [0, 2, 4, 5, 6, 7, 8, 9, 11, 13, 14, 15, 18]]
[[2, 6, 8, 38, 47, 54], [0, 1, 9, 11, 12, 13, 14, 15, 18]]
[[2, 6, 8, 38, 47, 54], [0, 3, 6, 8, 9, 10, 11, 13, 14, 15, 18]]
[[2, 6, 8, 38, 47, 54], [0, 2, 4, 7, 10, 11, 14, 15, 16, 18, 19]]
[[2, 6, 8, 38, 47, 54], [0, 2, 4, 5, 7, 9, 10, 11, 12, 13, 14, 15, 18]]
[[2, 6, 8, 38, 47, 54], [0, 2, 4, 6, 11, 12, 14, 15, 16, 18, 19]]
[[2, 6, 8, 38, 47, 54], [0, 3, 5, 6, 7, 9, 10, 11, 12, 15, 16, 18, 19]]
[[2, 6, 8, 10, 52, 72], [0, 1, 2, 3, 6, 7, 11, 12, 14, 15, 16]]
[[2, 6, 8, 10, 52, 72], [0, 3, 4, 5, 11, 13, 14, 15, 19]]
[[2, 6, 8, 10, 52, 72], [0, 1, 3, 5, 7, 9, 10, 11, 13, 15, 19]]
[[2, 6, 8, 10, 52, 72], [0, 1, 3, 5, 6, 8, 11, 13, 14, 15, 19]]
[[2, 6, 8, 10, 52, 72], [0, 1, 2, 3, 7, 10, 11, 12, 14, 15, 16]]
[[2, 6, 8, 10, 52, 72], [0, 1, 4, 5, 6, 10, 11, 12, 14, 15, 16]]
[[2, 6, 8, 10, 52, 72], [0, 3, 4, 5, 11, 12, 14, 15, 16]]
[[2, 6, 8, 10, 52, 72], [0, 1, 2, 4, 6, 7, 8, 9, 10, 11, 13, 15, 19]]
[[2, 6, 8, 10, 47, 96], [0, 2, 3, 4, 7, 9, 13, 15, 16, 17, 19]]
[[2, 6, 8, 10, 47, 96], [0, 1, 3, 5, 6, 7, 12, 13, 14, 15, 16, 17, 19]]
[[2, 6, 8, 10, 47, 96], [0, 1, 2, 3, 4, 5, 7, 8, 10, 12, 13, 15, 17, 18, 19]]
[[2, 6, 8, 10, 47, 96], [0, 1, 5, 6, 7, 8, 9, 10, 13, 15, 16, 17, 19]]
[[2, 6, 8, 10, 47, 96], [0, 2, 3, 4, 7, 13, 14, 15, 17, 18, 19]]
[[2, 6, 8, 10, 47, 96], [0, 1, 2, 3, 6, 8, 12, 13, 14, 15, 17, 18, 19]]
[[2, 6, 8, 10, 47, 96], [0, 1, 2, 5, 6, 10, 13, 15, 17, 18, 19]]
[[2, 6, 8, 10, 47, 96], [0, 1, 3, 4, 5, 7, 8, 10, 12, 13, 14, 15, 16, 17, 19]]
[[2, 6, 8, 42, 37, 84], [0, 1, 4, 9, 11, 12, 14, 15, 16, 17, 18]]
[[2, 6, 8, 42, 37, 84], [0, 2, 7, 8, 10, 11, 14, 15, 16, 17, 18]]
[[2, 6, 8, 42, 37, 84], [0, 1, 2, 4, 5, 9, 11, 13, 14, 15, 17]]
[[2, 6, 8, 42, 37, 84], [0, 1, 8, 9, 11, 13, 14, 15, 17]]
[[2, 6, 8, 42, 37, 84], [0, 2, 7, 8, 10, 11, 12, 13, 14, 15, 17]]
[[2, 6, 8, 42, 37, 84], [0, 1, 2, 8, 11, 12, 14, 15, 16, 17, 18]]
[[2, 6, 8, 42, 37, 84], [0, 2, 4, 7, 10, 11, 12, 13, 14, 15, 17]]
[[2, 6, 8, 42, 37, 84], [0, 2, 4, 5, 7, 9, 10, 11, 14, 15, 16, 17, 18]]
[[2, 6, 2, 30, 17, 42], [0, 3, 5, 6, 10, 13, 14, 15, 16]]
[[2, 6, 2, 30, 17, 42], [0, 2, 5, 6, 9, 13, 14, 15, 16]]
[[2, 6, 2, 30, 17, 42], [0, 1, 2, 3, 4, 5, 6, 7, 13, 15, 19]]
[[2, 6, 2, 30, 17, 42], [0, 1, 2, 4, 5, 6, 7, 9, 10, 13, 14, 15, 19]]
[[2, 6, 2, 30, 17, 42], [0, 1, 3, 4, 5, 6, 8, 13, 14, 15, 16]]
[[2, 6, 2, 30, 17, 42], [0, 2, 5, 6, 7, 8, 13, 15, 19]]
[[2, 6, 2, 30, 17, 42], [0, 3, 6, 7, 8, 9, 10, 13, 14, 15, 19]]
[[2, 6, 2, 30, 17, 42], [0, 1, 4, 6, 8, 9, 10, 13, 14, 15, 16]]
[[2, 6, 2, 30, 27, 66], [0, 1, 2, 3, 5, 8, 10, 11, 13, 15, 16, 18, 19]]
[[2, 6, 2, 30, 27, 66], [0, 1, 3, 4, 8, 9, 10, 11, 14, 15, 16, 18, 19]]
[[2, 6, 2, 30, 27, 66], [0, 2, 3, 6, 10, 11, 12, 13, 14, 15, 16, 18, 19]]
[[2, 6, 2, 30, 27, 66], [0, 2, 3, 6, 7, 10, 11, 13, 14, 15, 18]]
[[2, 6, 2, 30, 27, 66], [0, 2, 4, 6, 8, 11, 14, 15, 18]]
[[2, 6, 2, 30, 27, 66], [0, 1, 2, 3, 4, 8, 10, 11, 12, 13, 14, 15, 18]]
[[2, 6, 2, 30, 27, 66], [0, 2, 3, 7, 8, 11, 12, 13, 14, 15, 18]]
[[2, 6, 2, 30, 27, 66], [0, 1, 3, 8, 9, 10, 11, 12, 14, 15, 18]]
[[2, 6, 2, 30, 27, 66], [0, 2, 4, 5, 6, 7, 11, 12, 13, 15, 16, 18, 19]]
[[2, 6, 2, 30, 27, 66], [0, 2, 3, 4, 7, 8, 11, 12, 14, 15, 18]]
[[2, 6, 2, 30, 27, 66], [0, 2, 4, 5, 6, 7, 8, 9, 11, 12, 14, 15, 16, 18, 19]]
[[2, 6, 2, 30, 27, 66], [0, 2, 4, 6, 11, 13, 14, 15, 18]]
[[2, 6, 2, 30, 27, 66], [0, 2, 3, 5, 7, 8, 11, 15, 16, 18, 19]]
[[2, 6, 2, 30, 27, 66], [0, 2, 3, 5, 6, 7, 8, 9, 10, 11, 14, 15, 18]]
[[2, 6, 2, 30, 27, 66], [0, 2, 3, 4, 7, 8, 11, 13, 14, 15, 16, 18, 19]]
[[2, 6, 2, 30, 27, 66], [0, 2, 3, 5, 6, 8, 10, 11, 12, 15, 16, 18, 19]]
[[2, 6, 2, 14, 17, 90], [0, 3, 7, 9, 12, 13, 14, 15, 19]]
[[2, 6, 2, 14, 17, 90], [0, 1, 2, 3, 4, 5, 7, 8, 10, 12, 13, 15, 19]]
[[2, 6, 2, 14, 17, 90], [0, 1, 3, 4, 5, 7, 8, 10, 12, 13, 14, 15, 16]]
[[2, 6, 2, 14, 17, 90], [0, 1, 3, 7, 9, 10, 12, 13, 14, 15, 16]]
[[2, 6, 2, 14, 17, 90], [0, 2, 3, 4, 5, 7, 8, 9, 12, 13, 14, 15, 16]]
[[2, 6, 2, 14, 17, 90], [0, 3, 5, 7, 12, 13, 14, 15, 16]]
[[2, 6, 2, 14, 17, 90], [0, 2, 3, 4, 5, 7, 8, 9, 12, 13, 14, 15, 19]]
[[2, 6, 2, 14, 17, 90], [0, 1, 2, 3, 5, 7, 10, 12, 13, 15, 19]]
[[2, 6, 2, 14, 42, 66], [0, 1, 3, 7, 8, 9, 10, 11, 12, 13, 14, 15, 17]]
[[2, 6, 2, 14, 42, 66], [0, 1, 3, 4, 5, 7, 10, 11, 14, 15, 16, 17, 18]]
[[2, 6, 2, 14, 42, 66], [0, 3, 8, 9, 11, 12, 14, 15, 16, 17, 18]]
[[2, 6, 2, 14, 42, 66], [0, 1, 2, 3, 4, 5, 7, 9, 10, 11, 12, 13, 14, 15, 17]]
[[2, 6, 2, 14, 42, 66], [0, 3, 4, 5, 11, 12, 14, 15, 16, 17, 18]]
[[2, 6, 2, 14, 42, 66], [0, 3, 4, 5, 11, 13, 14, 15, 17]]
[[2, 6, 2, 14, 42, 66], [0, 3, 5, 8, 11, 13, 14, 15, 17]]
[[2, 6, 2, 14, 42, 66], [0, 1, 2, 3, 5, 7, 8, 9, 10, 11, 14, 15, 16, 17, 18]]
[[2, 6, 2, 18, 22, 72], [0, 2, 3, 5, 7, 9, 11, 13, 14, 15, 16]]
[[2, 6, 2, 18, 22, 72], [0, 1, 2, 3, 6, 7, 11, 12, 14, 15, 19]]
[[2, 6, 2, 18, 22, 72], [0, 1, 3, 5, 6, 8, 11, 13, 14, 15, 16]]
[[2, 6, 2, 18, 22, 72], [0, 1, 3, 4, 5, 10, 11, 13, 14, 15, 16]]
[[2, 6, 2, 18, 22, 72], [0, 1, 4, 6, 7, 8, 9, 10, 11, 13, 14, 15, 16]]
[[2, 6, 2, 18, 22, 72], [0, 1, 2, 3, 4, 5, 10, 11, 12, 15, 19]]
[[2, 6, 2, 18, 22, 72], [0, 1, 2, 4, 5, 6, 10, 11, 12, 15, 19]]
[[2, 6, 2, 18, 22, 72], [0, 2, 3, 7, 11, 12, 14, 15, 19]]
[[2, 6, 2, 18, 32, 60], [0, 3, 4, 8, 9, 11, 14, 15, 18]]
[[2, 6, 2, 18, 32, 60], [0, 1, 3, 5, 7, 8, 10, 11, 14, 15, 18]]
[[2, 6, 2, 18, 32, 60], [0, 2, 4, 5, 6, 7, 8, 9, 11, 12, 14, 15, 18]]
[[2, 6, 2, 18, 32, 60], [0, 2, 4, 6, 11, 13, 14, 15, 16, 18, 19]]
[[2, 6, 2, 18, 32, 60], [0, 3, 4, 8, 11, 12, 13, 15, 16, 18, 19]]
[[2, 6, 2, 18, 32, 60], [0, 1, 2, 3, 7, 8, 10, 11, 12, 13, 14, 15, 16, 18, 19]]
[[2, 6, 2, 18, 32, 60], [0, 3, 6, 7, 10, 11, 13, 15, 16, 18, 19]]
[[2, 6, 2, 18, 32, 60], [0, 3, 5, 6, 8, 10, 11, 12, 14, 15, 18]]
[[2, 6, 2, 22, 42, 66], [0, 2, 3, 4, 5, 6, 10, 12, 13, 15, 16, 18, 19]]
[[2, 6, 2, 22, 42, 66], [0, 1, 2, 6, 7, 8, 10, 13, 14, 15, 16, 18, 19]]
[[2, 6, 2, 22, 42, 66], [0, 1, 3, 6, 9, 13, 14, 15, 18]]
[[2, 6, 2, 22, 42, 66], [0, 1, 6, 9, 10, 13, 14, 15, 18]]
[[2, 6, 2, 22, 42, 66], [0, 2, 4, 6, 12, 13, 14, 15, 16, 18, 19]]
[[2, 6, 2, 22, 42, 66], [0, 2, 4, 5, 6, 7, 8, 9, 12, 13, 14, 15, 18]]
[[2, 6, 2, 22, 42, 66], [0, 2, 3, 4, 5, 6, 7, 8, 9, 10, 12, 13, 14, 15, 18]]
[[2, 6, 2, 22, 42, 66], [0, 1, 2, 3, 5, 6, 7, 8, 13, 15, 16, 18, 19]]
[[2, 6, 2, 26, 27, 60], [0, 1, 2, 3, 7, 8, 10, 13, 14, 15, 17]]
[[2, 6, 2, 26, 27, 60], [0, 1, 3, 5, 7, 8, 10, 13, 14, 15, 16, 17, 18]]
[[2, 6, 2, 26, 27, 60], [0, 3, 5, 7, 12, 13, 14, 15, 16, 17, 18]]
[[2, 6, 2, 26, 27, 60], [0, 1, 2, 4, 6, 7, 10, 13, 14, 15, 17]]
[[2, 6, 2, 26, 27, 60], [0, 3, 7, 9, 12, 13, 14, 15, 17]]
[[2, 6, 2, 26, 27, 60], [0, 1, 3, 4, 5, 6, 12, 13, 14, 15, 16, 17, 18]]
[[2, 6, 2, 26, 27, 60], [0, 1, 4, 5, 6, 8, 10, 13, 14, 15, 16, 17, 18]]
[[2, 6, 2, 26, 27, 60], [0, 1, 2, 3, 4, 5, 6, 7, 8, 9, 12, 13, 14, 15, 17]]
[[2, 6, 11, 22, 17, 99], [0, 4, 5, 9, 10, 15, 19]]
[[2, 6, 11, 22, 17, 99], [0, 2, 4, 9, 10, 15, 19]]
[[2, 6, 11, 22, 17, 99], [0, 2, 4, 5, 9, 10, 14, 15, 16]]
[[2, 6, 11, 22, 17, 99], [0, 1, 2, 4, 5, 9, 14, 15, 19]]
[[2, 6, 11, 22, 17, 99], [0, 1, 4, 9, 14, 15, 16]]
[[2, 6, 11, 22, 17, 99], [0, 1, 4, 9, 14, 15, 19]]
[[2, 6, 11, 22, 17, 99], [0, 1, 2, 4, 5, 9, 14, 15, 16]]
[[2, 6, 11, 22, 17, 99], [0, 4, 9, 10, 14, 15, 16]]
[[2, 6, 11, 22, 12, 111], [0, 4, 5, 6, 11, 13, 14, 15, 16]]
[[2, 6, 11, 22, 12, 111], [0, 5, 8, 9, 10, 11, 12, 15, 19]]
[[2, 6, 11, 22, 12, 111], [0, 2, 3, 5, 6, 7, 9, 10, 11, 13, 14, 15, 16]]
[[2, 6, 11, 22, 12, 111], [0, 1, 4, 7, 8, 9, 11, 13, 14, 15, 16]]
[[2, 6, 11, 22, 12, 111], [0, 2, 3, 6, 8, 9, 10, 11, 12, 15, 19]]
[[2, 6, 11, 22, 12, 111], [0, 5, 8, 10, 11, 13, 14, 15, 16]]
[[2, 6, 11, 22, 12, 111], [0, 4, 6, 7, 8, 9, 11, 12, 14, 15, 19]]
[[2, 6, 11, 22, 12, 111], [0, 1, 2, 4, 5, 7, 8, 9, 11, 12, 14, 15, 19]]
[[2, 6, 11, 22, 12, 63], [0, 1, 2, 3, 4, 5, 6, 7, 9, 11, 14, 15, 16]]
[[2, 6, 11, 22, 12, 63], [0, 1, 4, 5, 6, 9, 10, 11, 13, 15, 19]]
[[2, 6, 11, 22, 12, 63], [0, 1, 3, 4, 5, 6, 8, 9, 11, 12, 13, 15, 19]]
[[2, 6, 11, 22, 12, 63], [0, 2, 8, 9, 10, 11, 13, 15, 19]]
[[2, 6, 11, 22, 12, 63], [0, 2, 8, 10, 11, 12, 14, 15, 16]]
[[2, 6, 11, 22, 12, 63], [0, 1, 5, 6, 7, 8, 10, 11, 12, 13, 14, 15, 19]]
[[2, 6, 11, 22, 12, 63], [0, 1, 2, 4, 6, 7, 8, 10, 11, 12, 14, 15, 16]]
[[2, 6, 11, 22, 12, 63], [0, 1, 9, 11, 14, 15, 16]]
[[2, 6, 11, 22, 12, 63], [0, 4, 5, 7, 10, 11, 12, 13, 14, 15, 19]]
[[2, 6, 11, 22, 12, 63], [0, 1, 3, 5, 6, 7, 11, 13, 14, 15, 19]]
[[2, 6, 11, 22, 12, 63], [0, 1, 2, 9, 11, 12, 13, 15, 19]]
[[2, 6, 11, 22, 12, 63], [0, 4, 7, 9, 10, 11, 14, 15, 16]]
[[2, 6, 11, 22, 12, 63], [0, 1, 2, 3, 6, 8, 11, 12, 14, 15, 16]]
[[2, 6, 11, 22, 12, 63], [0, 1, 4, 5, 7, 8, 11, 13, 14, 15, 19]]
[[2, 6, 11, 22, 12, 63], [0, 1, 2, 4, 7, 8, 11, 12, 14, 15, 16]]
[[2, 6, 11, 22, 12, 63], [0, 1, 2, 5, 6, 9, 10, 11, 14, 15, 16]]
[[2, 6, 11, 22, 12, 99], [0, 2, 4, 5, 10, 12, 13, 15, 19]]
[[2, 6, 11, 22, 12, 99], [0, 2, 3, 5, 8, 9, 12, 13, 14, 15, 19]]
[[2, 6, 11, 22, 12, 99], [0, 1, 3, 8, 9, 10, 12, 13, 14, 15, 16]]
[[2, 6, 11, 22, 12, 99], [0, 1, 4, 9, 12, 13, 14, 15, 19]]
[[2, 6, 11, 22, 12, 99], [0, 2, 3, 8, 12, 13, 14, 15, 16]]
[[2, 6, 11, 22, 12, 99], [0, 1, 2, 4, 5, 9, 12, 13, 14, 15, 16]]
[[2, 6, 11, 22, 12, 99], [0, 1, 2, 3, 5, 8, 10, 12, 13, 15, 19]]
[[2, 6, 11, 22, 12, 99], [0, 2, 4, 10, 12, 13, 14, 15, 16]]
[[2, 6, 11, 22, 22, 63], [0, 2, 3, 5, 13, 15, 16, 17, 19]]
[[2, 6, 11, 22, 22, 63], [0, 2, 3, 13, 14, 15, 17, 18, 19]]
[[2, 6, 11, 22, 22, 63], [0, 1, 2, 3, 5, 8, 10, 12, 13, 15, 17, 18, 19]]
[[2, 6, 11, 22, 22, 63], [0, 2, 3, 4, 5, 6, 8, 10, 13, 15, 16, 17, 19]]
[[2, 6, 11, 22, 22, 63], [0, 2, 4, 5, 6, 9, 12, 13, 14, 15, 16, 17, 19]]
[[2, 6, 11, 22, 22, 63], [0, 1, 3, 8, 9, 10, 12, 13, 14, 15, 16, 17, 19]]
[[2, 6, 11, 22, 22, 63], [0, 2, 3, 4, 5, 6, 7, 10, 13, 15, 17, 18, 19]]
[[2, 6, 11, 22, 22, 63], [0, 2, 4, 6, 7, 8, 12, 13, 14, 15, 17, 18, 19]]
[[2, 6, 11, 22, 27, 51], [0, 2, 3, 7, 9, 12, 13, 15, 16, 17, 19]]
[[2, 6, 11, 22, 27, 51], [0, 2, 4, 5, 6, 8, 13, 15, 17, 18, 19]]
[[2, 6, 11, 22, 27, 51], [0, 1, 2, 3, 7, 8, 10, 13, 14, 15, 16, 17, 19]]
[[2, 6, 11, 22, 27, 51], [0, 2, 4, 6, 7, 13, 14, 15, 16, 17, 19]]
[[2, 6, 11, 22, 27, 51], [0, 3, 4, 5, 6, 7, 8, 9, 10, 12, 13, 15, 16, 17, 19]]
[[2, 6, 11, 22, 27, 51], [0, 2, 3, 5, 7, 12, 13, 15, 17, 18, 19]]
[[2, 6, 11, 22, 27, 51], [0, 3, 4, 5, 6, 10, 12, 13, 14, 15, 17, 18, 19]]
[[2, 6, 11, 22, 27, 51], [0, 1, 3, 5, 7, 8, 10, 13, 14, 15, 17, 18, 19]]
[[2, 6, 11, 22, 42, 39], [0, 1, 2, 3, 5, 8, 10, 11, 12, 15, 16, 17, 19]]
[[2, 6, 11, 22, 42, 39], [0, 1, 2, 5, 8, 11, 12, 15, 16, 17, 19]]
[[2, 6, 11, 22, 42, 39], [0, 1, 5, 8, 9, 11, 13, 15, 17, 18, 19]]
[[2, 6, 11, 22, 42, 39], [0, 2, 4, 5, 7, 9, 10, 11, 12, 13, 14, 15, 17, 18, 19]]
[[2, 6, 11, 22, 42, 39], [0, 2, 3, 4, 7, 9, 11, 12, 13, 15, 17, 18, 19]]
[[2, 6, 11, 22, 42, 39], [0, 2, 4, 7, 10, 11, 14, 15, 16, 17, 19]]
[[2, 6, 11, 22, 42, 39], [0, 1, 3, 8, 9, 10, 11, 13, 14, 15, 17, 18, 19]]
[[2, 6, 11, 22, 42, 39], [0, 2, 3, 4, 7, 11, 14, 15, 16, 17, 19]]
[[2, 6, 11, 22, 32, 75], [0, 1, 2, 5, 6, 7, 8, 10, 11, 15, 17, 18, 19]]
[[2, 6, 11, 22, 32, 75], [0, 1, 2, 3, 4, 5, 6, 9, 11, 12, 14, 15, 17, 18, 19]]
[[2, 6, 11, 22, 32, 75], [0, 1, 3, 4, 5, 6, 7, 8, 11, 13, 14, 15, 16, 17, 19]]
[[2, 6, 11, 22, 32, 75], [0, 1, 3, 4, 6, 7, 9, 11, 14, 15, 17, 18, 19]]
[[2, 6, 11, 22, 32, 75], [0, 1, 2, 3, 4, 6, 8, 9, 11, 12, 13, 15, 16, 17, 19]]
[[2, 6, 11, 22, 32, 75], [0, 1, 5, 6, 9, 10, 11, 12, 13, 15, 16, 17, 19]]
[[2, 6, 11, 22, 32, 75], [0, 1, 5, 6, 7, 10, 11, 13, 14, 15, 16, 17, 19]]
[[2, 6, 11, 22, 32, 75], [0, 1, 2, 5, 6, 8, 10, 11, 12, 15, 17, 18, 19]]
[[2, 6, 11, 22, 32, 87], [0, 2, 7, 8, 10, 11, 14, 15, 16, 17, 19]]
[[2, 6, 11, 22, 32, 87], [0, 1, 3, 4, 10, 11, 12, 15, 16, 17, 19]]
[[2, 6, 11, 22, 32, 87], [0, 1, 2, 8, 11, 12, 14, 15, 17]]
[[2, 6, 11, 22, 32, 87], [0, 2, 3, 7, 8, 11, 14, 15, 16, 17, 19]]
[[2, 6, 11, 22, 32, 87], [0, 2, 3, 5, 8, 9, 11, 13, 14, 15, 16, 17, 18]]
[[2, 6, 11, 22, 32, 87], [0, 1, 2, 4, 5, 11, 13, 15, 17, 18, 19]]
[[2, 6, 11, 22, 32, 87], [0, 1, 4, 11, 12, 15, 16, 17, 19]]
[[2, 6, 11, 22, 32, 87], [0, 2, 7, 8, 10, 11, 12, 13, 14, 15, 17, 18, 19]]
[[2, 6, 11, 22, 32, 87], [0, 2, 3, 5, 7, 8, 11, 12, 13, 15, 17, 18, 19]]
[[2, 6, 11, 22, 32, 87], [0, 1, 3, 4, 5, 7, 10, 11, 14, 15, 17]]
[[2, 6, 11, 22, 32, 87], [0, 1, 2, 3, 4, 5, 7, 9, 10, 11, 12, 13, 14, 15, 16, 17, 18]]
[[2, 6, 11, 22, 32, 87], [0, 2, 3, 8, 11, 12, 14, 15, 17]]
[[2, 6, 11, 22, 32, 87], [0, 1, 8, 9, 11, 13, 14, 15, 16, 17, 18]]
[[2, 6, 11, 22, 32, 87], [0, 4, 7, 9, 10, 11, 12, 13, 14, 15, 16, 17, 18]]
[[2, 6, 11, 22, 32, 87], [0, 1, 2, 3, 4, 10, 11, 13, 14, 15, 17, 18, 19]]
[[2, 6, 11, 22, 32, 87], [0, 4, 5, 7, 10, 11, 14, 15, 17]]
[[2, 6, 11, 22, 42, 63], [0, 2, 4, 6, 9, 11, 12, 15, 16, 17, 19]]
[[2, 6, 11, 22, 42, 63], [0, 2, 4, 5, 6, 7, 8, 11, 13, 15, 17, 18, 19]]
[[2, 6, 11, 22, 42, 63], [0, 2, 5, 6, 11, 12, 13, 15, 17, 18, 19]]
[[2, 6, 11, 22, 42, 63], [0, 2, 5, 6, 7, 8, 9, 11, 14, 15, 16, 17, 19]]
[[2, 6, 11, 22, 42, 63], [0, 3, 6, 7, 8, 9, 10, 11, 14, 15, 16, 17, 19]]
[[2, 6, 11, 22, 42, 63], [0, 3, 4, 5, 6, 7, 8, 10, 11, 13, 14, 15, 17, 18, 19]]
[[2, 6, 11, 22, 42, 63], [0, 3, 5, 6, 10, 11, 12, 13, 14, 15, 17, 18, 19]]
[[2, 6, 11, 22, 42, 63], [0, 3, 4, 5, 6, 9, 10, 11, 12, 15, 16, 17, 19]]
[[2, 6, 11, 22, 37, 87], [0, 2, 4, 5, 8, 9, 10, 11, 12, 13, 14, 15, 16, 18, 19]]
[[2, 6, 11, 22, 37, 87], [0, 6, 8, 9, 11, 12, 14, 15, 18]]
[[2, 6, 11, 22, 37, 87], [0, 1, 2, 5, 7, 8, 9, 11, 14, 15, 18]]
[[2, 6, 11, 22, 37, 87], [0, 1, 5, 7, 8, 9, 11, 12, 13, 15, 16, 18, 19]]
[[2, 6, 11, 22, 37, 87], [0, 2, 4, 8, 10, 11, 14, 15, 18]]
[[2, 6, 11, 22, 37, 87], [0, 2, 3, 4, 6, 9, 10, 11, 13, 15, 16, 18, 19]]
[[2, 6, 11, 22, 37, 87], [0, 6, 7, 9, 11, 13, 14, 15, 16, 18, 19]]
[[2, 6, 11, 22, 37, 87], [0, 2, 3, 4, 6, 7, 8, 10, 11, 12, 14, 15, 18]]
[[2, 6, 11, 26, 42, 57], [0, 1, 2, 4, 7, 9, 13, 15, 19]]
[[2, 6, 11, 26, 42, 57], [0, 2, 4, 5, 7, 9, 10, 13, 14, 15, 16]]
[[2, 6, 11, 26, 42, 57], [0, 1, 3, 5, 7, 8, 10, 13, 14, 15, 16]]
[[2, 6, 11, 26, 42, 57], [0, 3, 7, 8, 9, 13, 14, 15, 16]]
[[2, 6, 11, 26, 42, 57], [0, 1, 2, 3, 7, 8, 10, 13, 14, 15, 19]]
[[2, 6, 11, 26, 42, 57], [0, 3, 5, 7, 8, 9, 13, 15, 19]]
[[2, 6, 11, 26, 42, 57], [0, 1, 4, 5, 7, 13, 14, 15, 16]]
[[2, 6, 11, 26, 42, 57], [0, 2, 4, 7, 10, 13, 14, 15, 19]]
[[2, 6, 11, 26, 47, 57], [0, 3, 4, 6, 9, 10, 12, 13, 14, 15, 16, 17, 19]]
[[2, 6, 11, 26, 47, 57], [0, 3, 4, 6, 7, 8, 10, 12, 13, 15, 17, 18, 19]]
[[2, 6, 11, 26, 47, 57], [0, 1, 3, 4, 5, 7, 8, 9, 10, 11, 12, 15, 17, 18, 19]]
[[2, 6, 11, 26, 47, 57], [0, 2, 4, 5, 8, 10, 11, 12, 13, 15, 16, 17, 19]]
[[2, 6, 11, 26, 47, 57], [0, 2, 3, 5, 11, 12, 13, 15, 16, 17, 19]]
[[2, 6, 11, 26, 47, 57], [0, 4, 6, 8, 13, 15, 16, 17, 19]]
[[2, 6, 11, 26, 47, 57], [0, 1, 2, 5, 8, 9, 12, 13, 14, 15, 16, 17, 19]]
[[2, 6, 11, 26, 47, 57], [0, 2, 3, 11, 14, 15, 17, 18, 19]]
[[2, 6, 11, 26, 47, 57], [0, 1, 2, 7, 11, 12, 14, 15, 17, 18, 19]]
[[2, 6, 11, 26, 47, 57], [0, 1, 5, 8, 12, 13, 14, 15, 17, 18, 19]]
[[2, 6, 11, 26, 47, 57], [0, 2, 4, 8, 9, 10, 11, 15, 17, 18, 19]]
[[2, 6, 11, 26, 47, 57], [0, 1, 7, 9, 11, 13, 14, 15, 16, 17, 19]]
[[2, 6, 11, 26, 47, 57], [0, 10, 13, 15, 17, 18, 19]]
[[2, 6, 11, 26, 47, 57], [0, 4, 5, 6, 7, 13, 14, 15, 17, 18, 19]]
[[2, 6, 11, 26, 47, 57], [0, 1, 2, 3, 4, 5, 7, 8, 9, 10, 11, 13, 14, 15, 16, 17, 19]]
[[2, 6, 11, 26, 47, 57], [0, 10, 13, 15, 16, 17, 19]]
[[2, 6, 11, 26, 27, 117], [0, 3, 4, 5, 6, 7, 10, 13, 14, 15, 17, 18, 19]]
[[2, 6, 11, 26, 27, 117], [0, 3, 5, 13, 14, 15, 16, 17, 19]]
[[2, 6, 11, 26, 27, 117], [0, 3, 4, 5, 6, 8, 10, 13, 14, 15, 16, 17, 19]]
[[2, 6, 11, 26, 27, 117], [0, 3, 13, 15, 17, 18, 19]]
[[2, 6, 11, 26, 27, 117], [0, 4, 5, 6, 9, 12, 13, 15, 16, 17, 19]]
[[2, 6, 11, 26, 27, 117], [0, 1, 3, 5, 8, 10, 12, 13, 14, 15, 17, 18, 19]]
[[2, 6, 11, 26, 27, 117], [0, 4, 6, 7, 8, 12, 13, 15, 17, 18, 19]]
[[2, 6, 11, 26, 27, 117], [0, 1, 2, 3, 8, 9, 10, 12, 13, 15, 16, 17, 19]]
[[2, 6, 11, 26, 57, 57], [0, 2, 3, 4, 5, 8, 11, 15, 16, 18, 19]]
[[2, 6, 11, 26, 57, 57], [0, 2, 3, 4, 5, 8, 9, 11, 12, 13, 14, 15, 18]]
[[2, 6, 11, 26, 57, 57], [0, 1, 3, 6, 8, 9, 12, 13, 14, 15, 16, 17, 19]]
[[2, 6, 11, 26, 57, 57], [0, 2, 4, 5, 9, 10, 12, 13, 14, 15, 16, 17, 19]]
[[2, 6, 11, 26, 57, 57], [0, 1, 3, 7, 8, 9, 10, 11, 14, 15, 16, 18, 19]]
[[2, 6, 11, 26, 57, 57], [0, 1, 2, 3, 5, 6, 8, 9, 11, 12, 14, 15, 16, 18, 19]]
[[2, 6, 11, 26, 57, 57], [0, 1, 2, 5, 6, 10, 13, 15, 16, 17, 19]]
[[2, 6, 11, 26, 57, 57], [0, 1, 2, 4, 5, 8, 13, 15, 16, 17, 19]]
[[2, 6, 11, 26, 57, 57], [0, 1, 4, 8, 9, 13, 14, 15, 17, 18, 19]]
[[2, 6, 11, 26, 57, 57], [0, 2, 4, 9, 10, 12, 13, 15, 17, 18, 19]]
[[2, 6, 11, 26, 57, 57], [0, 1, 5, 6, 7, 8, 9, 10, 13, 15, 17, 18, 19]]
[[2, 6, 11, 26, 57, 57], [0, 1, 2, 3, 5, 6, 7, 9, 12, 13, 14, 15, 17, 18, 19]]
[[2, 6, 11, 26, 57, 57], [0, 1, 2, 3, 5, 7, 8, 9, 10, 11, 12, 13, 14, 15, 18]]
[[2, 6, 11, 26, 57, 57], [0, 1, 3, 6, 7, 9, 11, 13, 14, 15, 18]]
[[2, 6, 11, 26, 57, 57], [0, 1, 2, 4, 5, 6, 7, 8, 10, 11, 12, 15, 16, 18, 19]]
[[2, 6, 11, 26, 57, 57], [0, 1, 4, 6, 9, 10, 11, 13, 14, 15, 18]]
[[2, 6, 11, 26, 52, 51], [0, 1, 2, 3, 10, 12, 14, 15, 17, 18, 19]]
[[2, 6, 11, 26, 52, 51], [0, 1, 3, 5, 10, 12, 14, 15, 16, 17, 19]]
[[2, 6, 11, 26, 52, 51], [0, 5, 6, 7, 8, 9, 12, 15, 17, 18, 19]]
[[2, 6, 11, 26, 52, 51], [0, 2, 3, 8, 9, 15, 17, 18, 19]]
[[2, 6, 11, 26, 52, 51], [0, 2, 3, 6, 7, 10, 14, 15, 17, 18, 19]]
[[2, 6, 11, 26, 52, 51], [0, 2, 3, 5, 8, 15, 16, 17, 19]]
[[2, 6, 11, 26, 52, 51], [0, 5, 6, 12, 14, 15, 16, 17, 19]]
[[2, 6, 11, 26, 52, 51], [0, 2, 3, 5, 6, 8, 10, 15, 16, 17, 19]]
[[2, 6, 11, 26, 47, 69], [0, 1, 2, 3, 4, 5, 6, 12, 13, 15, 16, 17, 19]]
[[2, 6, 11, 26, 47, 69], [0, 1, 3, 5, 7, 10, 11, 12, 14, 15, 16, 17, 19]]
[[2, 6, 11, 26, 47, 69], [0, 1, 3, 4, 5, 6, 7, 8, 9, 12, 13, 15, 17, 18, 19]]
[[2, 6, 11, 26, 47, 69], [0, 1, 3, 4, 5, 8, 9, 10, 11, 12, 13, 15, 17, 18, 19]]
[[2, 6, 11, 26, 47, 69], [0, 2, 5, 8, 9, 10, 12, 13, 14, 15, 17, 18, 19]]
[[2, 6, 11, 26, 47, 69], [0, 3, 5, 7, 11, 12, 14, 15, 16, 17, 19]]
[[2, 6, 11, 26, 47, 69], [0, 2, 3, 4, 5, 8, 9, 11, 12, 13, 14, 15, 17, 18, 19]]
[[2, 6, 11, 26, 47, 69], [0, 1, 2, 9, 13, 15, 17, 18, 19]]
[[2, 6, 11, 26, 47, 69], [0, 1, 9, 13, 14, 15, 16, 17, 19]]
[[2, 6, 11, 26, 47, 69], [0, 1, 2, 3, 7, 9, 10, 11, 13, 15, 17, 18, 19]]
[[2, 6, 11, 26, 47, 69], [0, 3, 7, 9, 11, 13, 14, 15, 17, 18, 19]]
[[2, 6, 11, 26, 47, 69], [0, 1, 2, 4, 5, 6, 8, 9, 10, 13, 14, 15, 16, 17, 19]]
[[2, 6, 11, 26, 47, 69], [0, 1, 4, 6, 7, 9, 10, 13, 14, 15, 17, 18, 19]]
[[2, 6, 11, 26, 47, 69], [0, 2, 5, 8, 10, 12, 13, 15, 16, 17, 19]]
[[2, 6, 11, 26, 47, 69], [0, 2, 3, 4, 5, 8, 11, 15, 16, 17, 19]]
[[2, 6, 11, 26, 47, 69], [0, 1, 2, 3, 4, 5, 8, 10, 11, 15, 16, 17, 19]]
[[2, 6, 11, 26, 27, 57], [0, 1, 2, 4, 6, 7, 8, 9, 10, 12, 13, 15, 16, 18, 19]]
[[2, 6, 11, 26, 27, 57], [0, 9, 10, 13, 14, 15, 16, 17, 19]]
[[2, 6, 11, 26, 27, 57], [0, 2, 4, 5, 6, 8, 9, 13, 14, 15, 16, 17, 19]]
[[2, 6, 11, 26, 27, 57], [0, 2, 3, 4, 5, 6, 10, 12, 13, 15, 16, 17, 19]]
[[2, 6, 11, 26, 27, 57], [0, 1, 2, 3, 6, 7, 8, 13, 14, 15, 18]]
[[2, 6, 11, 26, 27, 57], [0, 1, 2, 5, 6, 9, 10, 13, 14, 15, 16, 18, 19]]
[[2, 6, 11, 26, 27, 57], [0, 1, 5, 6, 7, 8, 10, 13, 14, 15, 18]]
[[2, 6, 11, 26, 27, 57], [0, 1, 2, 3, 4, 6, 12, 13, 14, 15, 18]]
[[2, 6, 11, 26, 27, 57], [0, 2, 4, 6, 7, 9, 13, 15, 17, 18, 19]]
[[2, 6, 11, 26, 27, 57], [0, 1, 3, 5, 6, 9, 13, 15, 16, 18, 19]]
[[2, 6, 11, 26, 27, 57], [0, 2, 3, 4, 5, 6, 7, 8, 9, 10, 12, 13, 14, 15, 17, 18, 19]]
[[2, 6, 11, 26, 27, 57], [0, 1, 4, 5, 6, 10, 12, 13, 14, 15, 18]]
[[2, 6, 11, 26, 27, 57], [0, 1, 3, 4, 6, 7, 8, 9, 12, 13, 14, 15, 16, 18, 19]]
[[2, 6, 11, 26, 27, 57], [0, 1, 5, 8, 9, 12, 13, 15, 17, 18, 19]]
[[2, 6, 11, 26, 27, 57], [0, 9, 10, 13, 14, 15, 17, 18, 19]]
[[2, 6, 11, 26, 27, 57], [0, 1, 2, 5, 8, 12, 13, 15, 16, 17, 19]]
[[2, 6, 11, 26, 27, 81], [0, 3, 5, 6, 7, 10, 11, 12, 14, 15, 16, 17, 19]]
[[2, 6, 11, 26, 27, 81], [0, 1, 3, 5, 6, 7, 11, 12, 14, 15, 16, 17, 19]]
[[2, 6, 11, 26, 27, 81], [0, 2, 4, 6, 7, 11, 12, 13, 14, 15, 17, 18, 19]]
[[2, 6, 11, 26, 27, 81], [0, 1, 2, 3, 6, 8, 11, 13, 14, 15, 17, 18, 19]]
[[2, 6, 11, 26, 27, 81], [0, 1, 2, 4, 5, 6, 8, 10, 11, 15, 16, 17, 19]]
[[2, 6, 11, 26, 27, 81], [0, 2, 4, 5, 6, 8, 11, 15, 16, 17, 19]]
[[2, 6, 11, 26, 27, 81], [0, 3, 6, 8, 10, 11, 13, 15, 17, 18, 19]]
[[2, 6, 11, 26, 27, 81], [0, 1, 4, 6, 7, 10, 11, 12, 13, 15, 17, 18, 19]]
[[2, 6, 11, 26, 57, 33], [0, 8, 10, 11, 12, 15, 17, 18, 19]]
[[2, 6, 11, 26, 57, 33], [0, 7, 8, 10, 11, 12, 13, 15, 16, 17, 19]]
[[2, 6, 11, 26, 57, 33], [0, 1, 4, 9, 11, 12, 14, 15, 17, 18, 19]]
[[2, 6, 11, 26, 57, 33], [0, 1, 2, 4, 5, 9, 11, 13, 14, 15, 16, 17, 19]]
[[2, 6, 11, 26, 57, 33], [0, 7, 8, 10, 11, 15, 17, 18, 19]]
[[2, 6, 11, 26, 57, 33], [0, 8, 9, 10, 11, 13, 14, 15, 16, 17, 19]]
[[2, 6, 11, 26, 57, 33], [0, 1, 4, 7, 11, 12, 13, 15, 16, 17, 19]]
[[2, 6, 11, 26, 57, 33], [0, 1, 2, 4, 5, 7, 9, 11, 14, 15, 17, 18, 19]]
[[2, 6, 11, 26, 32, 81], [0, 6, 7, 9, 11, 13, 14, 15, 16, 17, 19]]
[[2, 6, 11, 26, 32, 81], [0, 6, 8, 9, 11, 12, 14, 15, 17, 18, 19]]
[[2, 6, 11, 26, 32, 81], [0, 2, 5, 6, 11, 12, 13, 15, 16, 17, 19]]
[[2, 6, 11, 26, 32, 81], [0, 2, 3, 4, 5, 6, 7, 10, 11, 15, 17, 18, 19]]
[[2, 6, 11, 26, 32, 81], [0, 2, 3, 4, 5, 6, 10, 11, 12, 15, 17, 18, 19]]
[[2, 6, 11, 26, 32, 81], [0, 2, 5, 6, 7, 8, 9, 11, 14, 15, 17, 18, 19]]
[[2, 6, 11, 26, 32, 81], [0, 2, 3, 4, 5, 6, 7, 8, 9, 10, 11, 13, 14, 15, 16, 17, 19]]
[[2, 6, 11, 26, 32, 81], [0, 2, 3, 4, 5, 6, 8, 10, 11, 12, 13, 15, 16, 17, 19]]
[[2, 6, 11, 26, 37, 93], [0, 9, 10, 13, 14, 15, 17]]
[[2, 6, 11, 26, 37, 93], [0, 1, 5, 8, 12, 13, 14, 15, 17]]
[[2, 6, 11, 26, 37, 93], [0, 1, 2, 4, 5, 6, 8, 9, 10, 13, 14, 15, 17]]
[[2, 6, 11, 26, 37, 93], [0, 9, 10, 13, 14, 15, 16, 17, 18]]
[[2, 6, 11, 26, 37, 93], [0, 1, 4, 6, 7, 9, 10, 13, 14, 15, 16, 17, 18]]
[[2, 6, 11, 26, 37, 93], [0, 1, 2, 5, 8, 9, 12, 13, 14, 15, 16, 17, 18]]
[[2, 6, 11, 26, 37, 93], [0, 1, 2, 3, 4, 5, 6, 7, 8, 9, 12, 13, 14, 15, 16, 17, 18]]
[[2, 6, 11, 26, 37, 93], [0, 1, 3, 4, 5, 6, 12, 13, 14, 15, 17]]
[[2, 6, 11, 26, 42, 63], [0, 1, 2, 6, 7, 9, 10, 15, 16, 18, 19]]
[[2, 6, 11, 26, 42, 63], [0, 5, 6, 7, 8, 12, 14, 15, 18]]
[[2, 6, 11, 26, 42, 63], [0, 2, 3, 6, 10, 12, 14, 15, 16, 18, 19]]
[[2, 6, 11, 26, 42, 63], [0, 5, 6, 9, 12, 15, 16, 18, 19]]
[[2, 6, 11, 26, 42, 63], [0, 1, 6, 8, 9, 10, 14, 15, 18]]
[[2, 6, 11, 26, 42, 63], [0, 1, 2, 3, 6, 7, 14, 15, 16, 18, 19]]
[[2, 6, 11, 26, 42, 63], [0, 1, 3, 5, 6, 8, 14, 15, 18]]
[[2, 6, 11, 26, 42, 63], [0, 2, 3, 5, 6, 7, 8, 9, 10, 12, 14, 15, 18]]
[[2, 6, 11, 26, 7, 93], [0, 2, 5, 9, 10, 13, 14, 15, 16, 18, 19]]
[[2, 6, 11, 26, 7, 93], [0, 1, 2, 3, 4, 7, 8, 9, 10, 12, 13, 15, 16, 18, 19]]
[[2, 6, 11, 26, 7, 93], [0, 1, 7, 9, 11, 13, 14, 15, 18]]
[[2, 6, 11, 26, 7, 93], [0, 2, 3, 5, 6, 7, 8, 9, 10, 11, 12, 13, 14, 15, 18]]
[[2, 6, 11, 26, 7, 93], [0, 2, 4, 6, 7, 9, 11, 15, 16, 18, 19]]
[[2, 6, 11, 26, 7, 93], [0, 3, 4, 7, 8, 9, 12, 13, 14, 15, 18]]
[[2, 6, 11, 26, 7, 93], [0, 1, 3, 4, 7, 8, 9, 10, 12, 13, 14, 15, 18]]
[[2, 6, 11, 26, 7, 93], [0, 2, 5, 9, 10, 13, 14, 15, 18]]
[[2, 6, 11, 26, 7, 93], [0, 1, 2, 7, 11, 12, 14, 15, 16, 18, 19]]
[[2, 6, 11, 26, 7, 93], [0, 1, 5, 9, 13, 15, 16, 18, 19]]
[[2, 6, 11, 26, 7, 93], [0, 1, 2, 5, 9, 13, 14, 15, 18]]
[[2, 6, 11, 26, 7, 93], [0, 2, 3, 6, 10, 11, 14, 15, 16, 18, 19]]
[[2, 6, 11, 26, 7, 93], [0, 3, 4, 7, 8, 9, 12, 13, 14, 15, 16, 18, 19]]
[[2, 6, 11, 26, 7, 93], [0, 4, 5, 9, 10, 11, 12, 15, 16, 18, 19]]
[[2, 6, 11, 26, 7, 93], [0, 4, 9, 10, 11, 13, 14, 15, 18]]
[[2, 6, 11, 26, 7, 93], [0, 2, 4, 5, 6, 8, 9, 11, 12, 13, 14, 15, 18]]
[[2, 6, 11, 26, 12, 69], [0, 2, 4, 8, 10, 11, 14, 15, 16, 18, 19]]
[[2, 6, 11, 26, 12, 69], [0, 1, 2, 6, 8, 9, 10, 11, 12, 15, 16, 18, 19]]
[[2, 6, 11, 26, 12, 69], [0, 1, 2, 5, 7, 8, 9, 11, 12, 13, 14, 15, 18]]
[[2, 6, 11, 26, 12, 69], [0, 1, 6, 7, 9, 10, 11, 13, 14, 15, 18]]
[[2, 6, 11, 26, 12, 69], [0, 1, 2, 3, 4, 6, 7, 8, 11, 12, 14, 15, 16, 18, 19]]
[[2, 6, 11, 26, 12, 69], [0, 2, 4, 5, 8, 9, 10, 11, 12, 13, 14, 15, 18]]
[[2, 6, 11, 26, 12, 69], [0, 1, 5, 7, 8, 9, 11, 15, 16, 18, 19]]
[[2, 6, 11, 26, 12, 69], [0, 1, 3, 4, 6, 9, 11, 13, 14, 15, 18]]
[[2, 6, 11, 26, 57, 69], [0, 2, 3, 6, 10, 11, 14, 15, 18]]
[[2, 6, 11, 26, 57, 69], [0, 4, 5, 6, 8, 9, 11, 12, 13, 15, 16, 18, 19]]
[[2, 6, 11, 26, 57, 69], [0, 2, 7, 9, 10, 11, 13, 15, 16, 18, 19]]
[[2, 6, 11, 26, 57, 69], [0, 4, 6, 7, 9, 11, 14, 15, 18]]
[[2, 6, 11, 26, 57, 69], [0, 1, 2, 4, 5, 9, 11, 12, 14, 15, 18]]
[[2, 6, 11, 26, 57, 69], [0, 2, 3, 5, 6, 7, 8, 9, 10, 11, 12, 13, 14, 15, 16, 18, 19]]
[[2, 6, 11, 26, 57, 69], [0, 2, 7, 10, 11, 12, 14, 15, 18]]
[[2, 6, 11, 26, 57, 69], [0, 1, 4, 9, 11, 13, 14, 15, 16, 18, 19]]
[[2, 6, 11, 26, 37, 69], [0, 1, 3, 4, 5, 7, 10, 11, 14, 15, 18]]
[[2, 6, 11, 26, 37, 69], [0, 2, 3, 9, 11, 12, 13, 15, 16, 18, 19]]
[[2, 6, 11, 26, 37, 69], [0, 6, 7, 9, 11, 12, 14, 15, 18]]
[[2, 6, 11, 26, 37, 69], [0, 2, 3, 5, 9, 11, 14, 15, 18]]
[[2, 6, 11, 26, 37, 69], [0, 6, 8, 9, 11, 13, 14, 15, 16, 18, 19]]
[[2, 6, 11, 26, 37, 69], [0, 3, 4, 5, 6, 10, 11, 12, 14, 15, 18]]
[[2, 6, 11, 26, 37, 69], [0, 3, 4, 5, 6, 7, 8, 9, 10, 11, 13, 15, 16, 18, 19]]
[[2, 6, 11, 26, 37, 69], [0, 1, 2, 3, 4, 5, 7, 9, 10, 11, 12, 13, 14, 15, 16, 18, 19]]
[[2, 6, 11, 18, 27, 81], [0, 1, 2, 5, 8, 9, 11, 12, 14, 15, 19]]
[[2, 6, 11, 18, 27, 81], [0, 1, 4, 5, 6, 10, 11, 13, 14, 15, 16]]
[[2, 6, 11, 18, 27, 81], [0, 1, 3, 6, 8, 9, 11, 12, 14, 15, 19]]
[[2, 6, 11, 18, 27, 81], [0, 4, 5, 7, 8, 9, 10, 11, 12, 15, 19]]
[[2, 6, 11, 18, 27, 81], [0, 4, 7, 8, 9, 10, 11, 13, 14, 15, 16]]
[[2, 6, 11, 18, 27, 81], [0, 1, 2, 3, 5, 6, 7, 9, 11, 13, 14, 15, 16]]
[[2, 6, 11, 18, 27, 81], [0, 1, 2, 4, 6, 7, 8, 9, 10, 11, 12, 15, 19]]
[[2, 6, 11, 18, 27, 81], [0, 1, 5, 8, 11, 13, 14, 15, 16]]
[[2, 6, 11, 18, 32, 63], [0, 1, 3, 6, 7, 15, 17, 18, 19]]
[[2, 6, 11, 18, 32, 63], [0, 1, 2, 5, 6, 7, 8, 9, 10, 12, 14, 15, 17, 18, 19]]
[[2, 6, 11, 18, 32, 63], [0, 3, 12, 15, 17, 18, 19]]
[[2, 6, 11, 18, 32, 63], [0, 1, 2, 3, 5, 8, 10, 15, 16, 17, 19]]
[[2, 6, 11, 18, 32, 63], [0, 1, 5, 6, 10, 12, 14, 15, 16, 17, 19]]
[[2, 6, 11, 18, 32, 63], [0, 1, 2, 3, 5, 6, 8, 15, 16, 17, 19]]
[[2, 6, 11, 18, 32, 63], [0, 1, 3, 8, 9, 10, 14, 15, 17, 18, 19]]
[[2, 6, 11, 18, 32, 63], [0, 3, 5, 12, 14, 15, 16, 17, 19]]
[[2, 6, 11, 18, 42, 105], [0, 1, 2, 4, 5, 12, 13, 15, 16, 17, 19]]
[[2, 6, 11, 18, 42, 105], [0, 2, 3, 6, 7, 10, 12, 13, 14, 15, 17, 18, 19]]
[[2, 6, 11, 18, 42, 105], [0, 2, 3, 5, 6, 8, 10, 12, 13, 15, 16, 17, 19]]
[[2, 6, 11, 18, 42, 105], [0, 6, 7, 8, 13, 15, 17, 18, 19]]
[[2, 6, 11, 18, 42, 105], [0, 2, 4, 5, 8, 9, 10, 13, 14, 15, 16, 17, 19]]
[[2, 6, 11, 18, 42, 105], [0, 6, 9, 13, 14, 15, 16, 17, 19]]
[[2, 6, 11, 18, 42, 105], [0, 2, 4, 8, 10, 13, 14, 15, 17, 18, 19]]
[[2, 6, 11, 18, 42, 105], [0, 1, 4, 12, 13, 15, 17, 18, 19]]
[[2, 6, 11, 18, 27, 69], [0, 1, 3, 5, 6, 13, 14, 15, 17, 18, 19]]
[[2, 6, 11, 18, 27, 69], [0, 1, 2, 6, 7, 10, 12, 13, 14, 15, 16, 17, 19]]
[[2, 6, 11, 18, 27, 69], [0, 1, 2, 4, 7, 8, 12, 13, 14, 15, 16, 17, 19]]
[[2, 6, 11, 18, 27, 69], [0, 1, 4, 5, 7, 8, 12, 13, 14, 15, 17, 18, 19]]
[[2, 6, 11, 18, 27, 69], [0, 4, 5, 7, 9, 10, 13, 15, 16, 17, 19]]
[[2, 6, 11, 18, 27, 69], [0, 4, 7, 10, 13, 15, 17, 18, 19]]
[[2, 6, 11, 18, 27, 69], [0, 1, 2, 3, 6, 7, 8, 9, 13, 15, 16, 17, 19]]
[[2, 6, 11, 18, 27, 69], [0, 1, 6, 8, 10, 12, 13, 15, 17, 18, 19]]
[[2, 6, 11, 18, 32, 39], [0, 2, 3, 6, 9, 10, 12, 15, 16, 17, 19]]
[[2, 6, 11, 18, 32, 39], [0, 1, 2, 5, 9, 12, 14, 15, 17, 18, 19]]
[[2, 6, 11, 18, 32, 39], [0, 2, 5, 8, 9, 10, 14, 15, 16, 17, 19]]
[[2, 6, 11, 18, 32, 39], [0, 2, 3, 5, 6, 7, 8, 10, 12, 15, 17, 18, 19]]
[[2, 6, 11, 18, 32, 39], [0, 6, 7, 9, 14, 15, 17, 18, 19]]
[[2, 6, 11, 18, 32, 39], [0, 1, 5, 9, 12, 15, 16, 17, 19]]
[[2, 6, 11, 18, 32, 39], [0, 6, 8, 9, 14, 15, 16, 17, 19]]
[[2, 6, 11, 18, 32, 39], [0, 2, 5, 8, 10, 15, 17, 18, 19]]
[[2, 6, 11, 18, 42, 75], [0, 2, 3, 5, 9, 12, 14, 15, 18]]
[[2, 6, 11, 18, 42, 75], [0, 3, 7, 9, 14, 15, 18]]
[[2, 6, 11, 18, 42, 75], [0, 1, 2, 3, 10, 12, 14, 15, 18]]
[[2, 6, 11, 18, 42, 75], [0, 3, 5, 7, 14, 15, 16, 18, 19]]
[[2, 6, 11, 18, 42, 75], [0, 1, 2, 3, 7, 10, 14, 15, 18]]
[[2, 6, 11, 18, 42, 75], [0, 1, 3, 5, 10, 12, 14, 15, 16, 18, 19]]
[[2, 6, 11, 18, 42, 75], [0, 2, 3, 9, 12, 15, 16, 18, 19]]
[[2, 6, 11, 18, 42, 75], [0, 1, 3, 5, 7, 9, 10, 15, 16, 18, 19]]
[[2, 6, 11, 18, 27, 93], [0, 6, 7, 8, 11, 15, 16, 18, 19]]
[[2, 6, 11, 18, 27, 93], [0, 8, 9, 10, 11, 13, 14, 15, 18]]
[[2, 6, 11, 18, 27, 93], [0, 8, 10, 11, 12, 15, 16, 18, 19]]
[[2, 6, 11, 18, 27, 93], [0, 1, 2, 4, 5, 7, 8, 9, 11, 13, 14, 15, 18]]
[[2, 6, 11, 18, 27, 93], [0, 6, 9, 11, 12, 13, 14, 15, 18]]
[[2, 6, 11, 18, 27, 93], [0, 2, 3, 4, 5, 6, 8, 9, 10, 11, 14, 15, 16, 18, 19]]
[[2, 6, 11, 18, 27, 93], [0, 2, 3, 4, 5, 6, 7, 9, 10, 11, 12, 13, 14, 15, 18]]
[[2, 6, 11, 18, 27, 93], [0, 1, 4, 7, 8, 9, 11, 12, 14, 15, 16, 18, 19]]
[[2, 6, 11, 34, 42, 69], [0, 1, 4, 9, 11, 12, 14, 15, 19]]
[[2, 6, 11, 34, 42, 69], [0, 1, 2, 3, 4, 5, 6, 9, 11, 12, 14, 15, 19]]
[[2, 6, 11, 34, 42, 69], [0, 5, 7, 10, 11, 13, 14, 15, 16]]
[[2, 6, 11, 34, 42, 69], [0, 1, 6, 8, 9, 10, 11, 13, 14, 15, 16]]
[[2, 6, 11, 34, 42, 69], [0, 1, 2, 4, 5, 9, 11, 13, 14, 15, 16]]
[[2, 6, 11, 34, 42, 69], [0, 5, 7, 9, 10, 11, 12, 15, 19]]
[[2, 6, 11, 34, 42, 69], [0, 1, 3, 4, 5, 6, 7, 8, 11, 13, 14, 15, 16]]
[[2, 6, 11, 34, 42, 69], [0, 1, 2, 6, 7, 9, 10, 11, 12, 15, 19]]
[[2, 6, 11, 34, 32, 93], [0, 2, 4, 5, 10, 12, 13, 15, 16, 17, 19]]
[[2, 6, 11, 34, 32, 93], [0, 1, 2, 4, 5, 8, 9, 13, 14, 15, 16, 17, 19]]
[[2, 6, 11, 34, 32, 93], [0, 1, 2, 4, 6, 7, 10, 12, 14, 15, 18]]
[[2, 6, 11, 34, 32, 93], [0, 1, 6, 9, 10, 13, 14, 15, 16, 17, 19]]
[[2, 6, 11, 34, 32, 93], [0, 1, 4, 5, 6, 8, 10, 12, 14, 15, 16, 18, 19]]
[[2, 6, 11, 34, 32, 93], [0, 1, 3, 4, 5, 6, 8, 9, 12, 15, 16, 18, 19]]
[[2, 6, 11, 34, 32, 93], [0, 2, 3, 4, 6, 10, 14, 15, 18]]
[[2, 6, 11, 34, 32, 93], [0, 4, 5, 6, 7, 8, 14, 15, 16, 18, 19]]
[[2, 6, 11, 34, 32, 93], [0, 1, 4, 8, 13, 15, 17, 18, 19]]
[[2, 6, 11, 34, 32, 93], [0, 1, 2, 3, 4, 5, 6, 7, 9, 12, 14, 15, 18]]
[[2, 6, 11, 34, 32, 93], [0, 1, 2, 6, 7, 8, 10, 13, 14, 15, 17, 18, 19]]
[[2, 6, 11, 34, 32, 93], [0, 2, 4, 10, 12, 13, 14, 15, 17, 18, 19]]
[[2, 6, 11, 34, 32, 93], [0, 4, 6, 9, 14, 15, 18]]
[[2, 6, 11, 34, 32, 93], [0, 1, 3, 6, 7, 12, 13, 15, 17, 18, 19]]
[[2, 6, 11, 34, 32, 93], [0, 1, 2, 3, 5, 6, 8, 12, 13, 15, 16, 17, 19]]
[[2, 6, 11, 34, 32, 93], [0, 2, 3, 4, 6, 7, 8, 9, 10, 15, 16, 18, 19]]
[[2, 6, 11, 30, 62, 51], [0, 4, 9, 10, 11, 12, 14, 15, 16]]
[[2, 6, 11, 30, 62, 51], [0, 4, 5, 9, 10, 11, 13, 15, 19]]
[[2, 6, 11, 30, 62, 51], [0, 1, 2, 3, 4, 5, 6, 9, 11, 12, 14, 15, 16]]
[[2, 6, 11, 30, 62, 51], [0, 1, 2, 5, 7, 9, 11, 12, 14, 15, 16]]
[[2, 6, 11, 30, 62, 51], [0, 1, 5, 7, 11, 13, 14, 15, 19]]
[[2, 6, 11, 30, 62, 51], [0, 1, 3, 4, 5, 6, 7, 8, 11, 13, 14, 15, 19]]
[[2, 6, 11, 30, 62, 51], [0, 1, 6, 7, 9, 10, 11, 12, 14, 15, 16]]
[[2, 6, 11, 30, 62, 51], [0, 1, 2, 6, 8, 9, 10, 11, 13, 15, 19]]
[[2, 6, 11, 30, 42, 63], [0, 2, 4, 5, 8, 10, 13, 15, 16, 17, 19]]
[[2, 6, 11, 30, 42, 63], [0, 2, 4, 8, 9, 10, 13, 15, 17, 18, 19]]
[[2, 6, 11, 30, 42, 63], [0, 2, 5, 6, 7, 8, 9, 13, 14, 15, 17, 18, 19]]
[[2, 6, 11, 30, 42, 63], [0, 3, 5, 6, 7, 9, 10, 12, 13, 15, 17, 18, 19]]
[[2, 6, 11, 30, 42, 63], [0, 2, 5, 6, 13, 15, 16, 17, 19]]
[[2, 6, 11, 30, 42, 63], [0, 1, 2, 4, 5, 9, 12, 13, 14, 15, 16, 17, 19]]
[[2, 6, 11, 30, 42, 63], [0, 1, 4, 9, 12, 13, 14, 15, 17, 18, 19]]
[[2, 6, 11, 30, 42, 63], [0, 3, 6, 8, 9, 10, 12, 13, 14, 15, 16, 17, 19]]
[[2, 6, 11, 30, 42, 99], [0, 1, 4, 6, 7, 10, 12, 15, 16, 17, 19]]
[[2, 6, 11, 30, 42, 99], [0, 1, 4, 7, 12, 15, 16, 17, 19]]
[[2, 6, 11, 30, 42, 99], [0, 1, 3, 4, 6, 9, 14, 15, 17, 18, 19]]
[[2, 6, 11, 30, 42, 99], [0, 1, 2, 4, 5, 7, 9, 12, 14, 15, 17, 18, 19]]
[[2, 6, 11, 30, 42, 99], [0, 1, 2, 3, 4, 6, 7, 8, 14, 15, 16, 17, 19]]
[[2, 6, 11, 30, 42, 99], [0, 2, 4, 7, 8, 10, 14, 15, 16, 17, 19]]
[[2, 6, 11, 30, 42, 99], [0, 2, 4, 5, 7, 8, 10, 15, 17, 18, 19]]
[[2, 6, 11, 30, 42, 99], [0, 1, 2, 4, 5, 6, 8, 10, 12, 15, 17, 18, 19]]
[[2, 6, 11, 30, 37, 63], [0, 1, 2, 4, 5, 7, 9, 13, 14, 15, 16, 17, 19]]
[[2, 6, 11, 30, 37, 63], [0, 4, 7, 8, 10, 12, 13, 15, 16, 17, 19]]
[[2, 6, 11, 30, 37, 63], [0, 3, 6, 7, 8, 9, 10, 13, 14, 15, 16, 17, 19]]
[[2, 6, 11, 30, 37, 63], [0, 4, 5, 7, 8, 10, 12, 13, 14, 15, 17, 18, 19]]
[[2, 6, 11, 30, 37, 63], [0, 1, 4, 7, 13, 15, 17, 18, 19]]
[[2, 6, 11, 30, 37, 63], [0, 3, 5, 6, 10, 13, 14, 15, 17, 18, 19]]
[[2, 6, 11, 30, 37, 63], [0, 6, 7, 12, 13, 15, 16, 17, 19]]
[[2, 6, 11, 30, 37, 63], [0, 6, 8, 12, 13, 15, 17, 18, 19]]
[[2, 6, 11, 30, 32, 99], [0, 1, 2, 3, 6, 8, 11, 12, 14, 15, 16, 17, 19]]
[[2, 6, 11, 30, 32, 99], [0, 2, 3, 6, 7, 10, 11, 13, 14, 15, 17, 18, 19]]
[[2, 6, 11, 30, 32, 99], [0, 2, 4, 5, 6, 8, 11, 12, 13, 15, 17, 18, 19]]
[[2, 6, 11, 30, 32, 99], [0, 1, 2, 4, 5, 6, 7, 10, 11, 15, 16, 17, 19]]
[[2, 6, 11, 30, 32, 99], [0, 2, 5, 6, 8, 11, 12, 15, 16, 17, 19]]
[[2, 6, 11, 30, 32, 99], [0, 1, 6, 7, 10, 11, 13, 15, 17, 18, 19]]
[[2, 6, 11, 30, 32, 99], [0, 2, 3, 4, 6, 8, 10, 11, 12, 13, 14, 15, 17, 18, 19]]
[[2, 6, 11, 30, 32, 99], [0, 1, 2, 6, 8, 10, 11, 12, 14, 15, 16, 17, 19]]
[[2, 6, 11, 30, 32, 99], [0, 2, 3, 5, 6, 8, 10, 11, 12, 15, 16, 17, 19]]
[[2, 6, 11, 30, 32, 99], [0, 1, 3, 5, 6, 7, 11, 13, 14, 15, 17, 18, 19]]
[[2, 6, 11, 30, 32, 99], [0, 2, 3, 4, 6, 7, 10, 11, 14, 15, 16, 17, 19]]
[[2, 6, 11, 30, 32, 99], [0, 1, 4, 6, 8, 10, 11, 12, 13, 15, 17, 18, 19]]
[[2, 6, 11, 30, 32, 99], [0, 2, 5, 6, 7, 11, 13, 15, 17, 18, 19]]
[[2, 6, 11, 30, 32, 99], [0, 1, 3, 4, 5, 6, 8, 11, 12, 13, 14, 15, 17, 18, 19]]
[[2, 6, 11, 30, 32, 99], [0, 2, 4, 6, 7, 11, 14, 15, 16, 17, 19]]
[[2, 6, 11, 30, 32, 99], [0, 1, 2, 3, 4, 5, 6, 7, 11, 15, 16, 17, 19]]
[[2, 6, 11, 30, 22, 99], [0, 3, 4, 11, 12, 15, 16, 17, 19]]
[[2, 6, 11, 30, 22, 99], [0, 1, 2, 7, 8, 11, 14, 15, 16, 17, 19]]
[[2, 6, 11, 30, 22, 99], [0, 4, 5, 10, 11, 13, 14, 15, 17, 18, 19]]
[[2, 6, 11, 30, 22, 99], [0, 1, 7, 8, 11, 12, 13, 15, 17, 18, 19]]
[[2, 6, 11, 30, 22, 99], [0, 4, 10, 11, 12, 15, 16, 17, 19]]
[[2, 6, 11, 30, 22, 99], [0, 1, 2, 3, 7, 8, 10, 11, 14, 15, 16, 17, 19]]
[[2, 6, 11, 30, 22, 99], [0, 1, 3, 5, 7, 8, 10, 11, 12, 13, 14, 15, 17, 18, 19]]
[[2, 6, 11, 30, 22, 99], [0, 3, 4, 11, 13, 15, 17, 18, 19]]
[[2, 6, 11, 30, 52, 63], [0, 1, 2, 4, 5, 7, 8, 9, 12, 13, 14, 15, 16, 18, 19]]
[[2, 6, 11, 30, 52, 63], [0, 4, 5, 7, 8, 9, 10, 12, 13, 15, 16, 18, 19]]
[[2, 6, 11, 30, 52, 63], [0, 1, 2, 3, 5, 9, 10, 13, 14, 15, 18]]
[[2, 6, 11, 30, 52, 63], [0, 4, 7, 8, 9, 10, 12, 13, 14, 15, 18]]
[[2, 6, 11, 30, 52, 63], [0, 1, 4, 7, 8, 9, 12, 13, 14, 15, 18]]
[[2, 6, 11, 30, 52, 63], [0, 2, 3, 9, 13, 15, 16, 18, 19]]
[[2, 6, 11, 30, 52, 63], [0, 2, 3, 5, 9, 13, 14, 15, 18]]
[[2, 6, 11, 30, 52, 63], [0, 1, 3, 9, 10, 13, 14, 15, 16, 18, 19]]
[[2, 6, 11, 30, 52, 75], [0, 2, 5, 7, 8, 9, 10, 11, 14, 15, 16, 18, 19]]
[[2, 6, 11, 30, 52, 75], [0, 3, 4, 6, 7, 8, 10, 11, 12, 15, 16, 18, 19]]
[[2, 6, 11, 30, 52, 75], [0, 1, 2, 4, 5, 8, 9, 11, 12, 13, 14, 15, 18]]
[[2, 6, 11, 30, 52, 75], [0, 3, 4, 6, 9, 10, 11, 13, 14, 15, 18]]
[[2, 6, 11, 30, 52, 75], [0, 6, 8, 9, 11, 12, 14, 15, 16, 18, 19]]
[[2, 6, 11, 30, 52, 75], [0, 6, 7, 9, 11, 13, 14, 15, 18]]
[[2, 6, 11, 30, 52, 75], [0, 2, 5, 7, 8, 9, 10, 11, 12, 13, 14, 15, 18]]
[[2, 6, 11, 30, 52, 75], [0, 1, 4, 8, 11, 15, 16, 18, 19]]
[[2, 6, 11, 30, 27, 87], [0, 2, 3, 5, 6, 7, 9, 10, 11, 12, 14, 15, 18]]
[[2, 6, 11, 30, 27, 87], [0, 2, 4, 6, 11, 12, 14, 15, 18]]
[[2, 6, 11, 30, 27, 87], [0, 9, 10, 11, 12, 13, 14, 15, 16, 18, 19]]
[[2, 6, 11, 30, 27, 87], [0, 2, 3, 6, 8, 9, 10, 11, 13, 15, 16, 18, 19]]
[[2, 6, 11, 30, 27, 87], [0, 1, 4, 5, 7, 9, 11, 12, 13, 15, 16, 18, 19]]
[[2, 6, 11, 30, 27, 87], [0, 2, 4, 5, 6, 7, 8, 9, 11, 13, 14, 15, 16, 18, 19]]
[[2, 6, 11, 30, 27, 87], [0, 1, 2, 4, 7, 11, 14, 15, 18]]
[[2, 6, 11, 30, 27, 87], [0, 9, 10, 11, 14, 15, 18]]
[[2, 6, 11, 14, 32, 99], [0, 3, 4, 5, 8, 9, 11, 12, 13, 15, 19]]
[[2, 6, 11, 14, 32, 99], [0, 1, 3, 5, 7, 8, 10, 11, 12, 13, 14, 15, 19]]
[[2, 6, 11, 14, 32, 99], [0, 3, 4, 5, 6, 7, 10, 11, 12, 13, 14, 15, 19]]
[[2, 6, 11, 14, 32, 99], [0, 2, 6, 9, 11, 12, 13, 15, 19]]
[[2, 6, 11, 14, 32, 99], [0, 2, 6, 7, 8, 11, 14, 15, 16]]
[[2, 6, 11, 14, 32, 99], [0, 1, 2, 3, 7, 8, 10, 11, 14, 15, 16]]
[[2, 6, 11, 14, 32, 99], [0, 3, 4, 5, 8, 11, 14, 15, 16]]
[[2, 6, 11, 14, 32, 99], [0, 3, 4, 5, 6, 8, 10, 11, 14, 15, 16]]
[[2, 6, 11, 14, 52, 75], [0, 3, 4, 5, 6, 7, 8, 9, 10, 12, 13, 15, 19]]
[[2, 6, 11, 14, 52, 75], [0, 5, 6, 7, 12, 13, 14, 15, 19]]
[[2, 6, 11, 14, 52, 75], [0, 5, 6, 8, 12, 13, 14, 15, 16]]
[[2, 6, 11, 14, 52, 75], [0, 4, 5, 6, 7, 8, 12, 13, 14, 15, 19]]
[[2, 6, 11, 14, 52, 75], [0, 4, 6, 9, 12, 13, 14, 15, 16]]
[[2, 6, 11, 14, 52, 75], [0, 2, 3, 6, 7, 9, 10, 12, 13, 15, 19]]
[[2, 6, 11, 14, 52, 75], [0, 3, 4, 5, 6, 10, 12, 13, 14, 15, 16]]
[[2, 6, 11, 14, 52, 75], [0, 2, 3, 5, 6, 8, 9, 10, 12, 13, 14, 15, 16]]
[[2, 6, 11, 14, 62, 51], [0, 1, 3, 4, 5, 7, 10, 11, 14, 15, 17, 18, 19]]
[[2, 6, 11, 14, 62, 51], [0, 1, 3, 4, 6, 8, 12, 15, 16, 17, 19]]
[[2, 6, 11, 14, 62, 51], [0, 1, 2, 3, 5, 7, 10, 11, 12, 15, 16, 17, 19]]
[[2, 6, 11, 14, 62, 51], [0, 3, 5, 7, 8, 9, 11, 15, 17, 18, 19]]
[[2, 6, 11, 14, 62, 51], [0, 4, 5, 8, 9, 10, 12, 15, 17, 18, 19]]
[[2, 6, 11, 14, 62, 51], [0, 1, 2, 3, 4, 5, 8, 9, 10, 11, 12, 13, 14, 15, 17, 18, 19]]
[[2, 6, 11, 14, 62, 51], [0, 1, 2, 3, 4, 5, 10, 11, 13, 15, 16, 17, 19]]
[[2, 6, 11, 14, 62, 51], [0, 3, 7, 8, 9, 11, 12, 13, 14, 15, 16, 17, 19]]
[[2, 6, 11, 14, 62, 51], [0, 1, 3, 4, 5, 10, 11, 12, 14, 15, 17, 18, 19]]
[[2, 6, 11, 14, 62, 51], [0, 4, 8, 10, 12, 15, 16, 17, 19]]
[[2, 6, 11, 14, 62, 51], [0, 1, 3, 4, 5, 8, 10, 11, 14, 15, 16, 17, 19]]
[[2, 6, 11, 14, 62, 51], [0, 1, 3, 7, 9, 10, 11, 13, 14, 15, 17, 18, 19]]
[[2, 6, 11, 14, 62, 51], [0, 2, 3, 5, 8, 11, 13, 15, 16, 17, 19]]
[[2, 6, 11, 14, 62, 51], [0, 2, 3, 5, 7, 11, 12, 15, 16, 17, 19]]
[[2, 6, 11, 14, 62, 51], [0, 3, 4, 5, 8, 11, 14, 15, 16, 17, 19]]
[[2, 6, 11, 14, 62, 51], [0, 1, 4, 5, 6, 10, 14, 15, 16, 17, 19]]
[[2, 6, 11, 14, 62, 51], [0, 1, 4, 5, 14, 15, 16, 17, 19]]
[[2, 6, 11, 14, 62, 51], [0, 1, 2, 3, 4, 6, 7, 12, 14, 15, 17, 18, 19]]
[[2, 6, 11, 14, 62, 51], [0, 1, 2, 3, 4, 5, 7, 9, 10, 11, 12, 13, 14, 15, 16, 17, 19]]
[[2, 6, 11, 14, 62, 51], [0, 1, 2, 4, 14, 15, 17, 18, 19]]
[[2, 6, 11, 14, 62, 51], [0, 1, 2, 4, 6, 7, 8, 9, 10, 15, 17, 18, 19]]
[[2, 6, 11, 14, 62, 51], [0, 3, 4, 5, 8, 9, 11, 12, 13, 15, 17, 18, 19]]
[[2, 6, 11, 14, 62, 51], [0, 2, 3, 8, 9, 11, 12, 15, 17, 18, 19]]
[[2, 6, 11, 14, 62, 51], [0, 2, 3, 7, 9, 11, 13, 15, 17, 18, 19]]
[[2, 6, 11, 14, 22, 99], [0, 1, 4, 6, 8, 10, 12, 15, 16, 17, 19]]
[[2, 6, 11, 14, 22, 99], [0, 1, 3, 4, 5, 10, 14, 15, 16, 17, 19]]
[[2, 6, 11, 14, 22, 99], [0, 1, 3, 4, 5, 6, 14, 15, 16, 17, 19]]
[[2, 6, 11, 14, 22, 99], [0, 1, 2, 5, 6, 10, 11, 12, 13, 15, 16, 17, 19]]
[[2, 6, 11, 14, 22, 99], [0, 1, 2, 3, 4, 5, 10, 15, 17, 18, 19]]
[[2, 6, 11, 14, 22, 99], [0, 1, 6, 7, 9, 10, 11, 13, 14, 15, 16, 17, 19]]
[[2, 6, 11, 14, 22, 99], [0, 1, 3, 4, 5, 6, 7, 11, 14, 15, 17, 18, 19]]
[[2, 6, 11, 14, 22, 99], [0, 3, 4, 8, 12, 15, 16, 17, 19]]
[[2, 6, 11, 14, 22, 99], [0, 1, 2, 3, 4, 5, 6, 7, 8, 9, 11, 13, 14, 15, 16, 17, 19]]
[[2, 6, 11, 14, 22, 99], [0, 3, 4, 8, 9, 12, 14, 15, 17, 18, 19]]
[[2, 6, 11, 14, 22, 99], [0, 1, 2, 6, 8, 9, 10, 11, 12, 15, 17, 18, 19]]
[[2, 6, 11, 14, 22, 99], [0, 1, 2, 4, 5, 6, 7, 10, 12, 15, 17, 18, 19]]
[[2, 6, 11, 14, 22, 99], [0, 1, 5, 6, 7, 8, 9, 10, 11, 15, 17, 18, 19]]
[[2, 6, 11, 14, 22, 99], [0, 1, 2, 3, 4, 5, 6, 8, 11, 12, 13, 15, 16, 17, 19]]
[[2, 6, 11, 14, 22, 99], [0, 1, 2, 3, 4, 5, 6, 7, 8, 9, 14, 15, 17, 18, 19]]
[[2, 6, 11, 14, 22, 99], [0, 1, 3, 4, 5, 6, 11, 12, 14, 15, 17, 18, 19]]
[[2, 6, 11, 14, 42, 87], [0, 1, 3, 4, 5, 6, 8, 13, 14, 15, 16, 17, 19]]
[[2, 6, 11, 14, 42, 87], [0, 1, 2, 3, 4, 5, 6, 7, 13, 15, 17, 18, 19]]
[[2, 6, 11, 14, 42, 87], [0, 1, 2, 3, 10, 13, 14, 15, 17, 18, 19]]
[[2, 6, 11, 14, 42, 87], [0, 2, 3, 5, 8, 12, 13, 15, 17, 18, 19]]
[[2, 6, 11, 14, 42, 87], [0, 1, 3, 5, 10, 13, 14, 15, 16, 17, 19]]
[[2, 6, 11, 14, 42, 87], [0, 2, 3, 8, 9, 12, 13, 15, 16, 17, 19]]
[[2, 6, 11, 14, 42, 87], [0, 1, 2, 4, 6, 7, 8, 10, 12, 13, 14, 15, 17, 18, 19]]
[[2, 6, 11, 14, 42, 87], [0, 1, 4, 5, 6, 9, 10, 12, 13, 15, 16, 17, 19]]
[[2, 6, 11, 14, 37, 75], [0, 3, 4, 5, 7, 8, 12, 13, 14, 15, 17, 18, 19]]
[[2, 6, 11, 14, 37, 75], [0, 3, 6, 8, 10, 12, 13, 15, 17, 18, 19]]
[[2, 6, 11, 14, 37, 75], [0, 3, 5, 6, 7, 10, 12, 13, 14, 15, 16, 17, 19]]
[[2, 6, 11, 14, 37, 75], [0, 1, 2, 3, 4, 7, 9, 10, 13, 15, 16, 17, 19]]
[[2, 6, 11, 14, 37, 75], [0, 5, 6, 7, 8, 9, 13, 15, 16, 17, 19]]
[[2, 6, 11, 14, 37, 75], [0, 1, 3, 4, 7, 10, 13, 15, 17, 18, 19]]
[[2, 6, 11, 14, 37, 75], [0, 5, 6, 13, 14, 15, 17, 18, 19]]
[[2, 6, 11, 14, 37, 75], [0, 3, 4, 5, 7, 8, 12, 13, 14, 15, 16, 17, 19]]
[[2, 6, 11, 14, 27, 99], [0, 1, 2, 3, 4, 5, 6, 7, 9, 11, 12, 13, 14, 15, 16, 17, 19]]
[[2, 6, 11, 14, 27, 99], [0, 3, 6, 7, 8, 9, 10, 11, 12, 13, 14, 15, 16, 17, 19]]
[[2, 6, 11, 14, 27, 99], [0, 1, 5, 6, 7, 10, 11, 12, 14, 15, 17, 18, 19]]
[[2, 6, 11, 14, 27, 99], [0, 2, 4, 6, 7, 8, 9, 11, 12, 15, 17, 18, 19]]
[[2, 6, 11, 14, 27, 99], [0, 1, 2, 5, 6, 8, 10, 11, 13, 15, 16, 17, 19]]
[[2, 6, 11, 14, 27, 99], [0, 1, 3, 4, 5, 6, 8, 9, 11, 15, 17, 18, 19]]
[[2, 6, 11, 14, 27, 99], [0, 2, 4, 5, 6, 11, 13, 15, 16, 17, 19]]
[[2, 6, 11, 14, 27, 99], [0, 3, 5, 6, 10, 11, 14, 15, 17, 18, 19]]
[[2, 6, 11, 14, 42, 75], [0, 1, 2, 3, 4, 5, 7, 10, 11, 15, 16, 17, 19]]
[[2, 6, 11, 14, 42, 75], [0, 2, 3, 8, 11, 12, 14, 15, 16, 17, 19]]
[[2, 6, 11, 14, 42, 75], [0, 2, 3, 5, 8, 9, 11, 13, 14, 15, 17, 18, 19]]
[[2, 6, 11, 14, 42, 75], [0, 1, 3, 4, 5, 7, 9, 10, 11, 12, 13, 15, 17, 18, 19]]
[[2, 6, 11, 14, 42, 75], [0, 1, 4, 7, 9, 11, 12, 13, 14, 15, 17, 18, 19]]
[[2, 6, 11, 14, 42, 75], [0, 2, 8, 10, 11, 12, 14, 15, 16, 17, 19]]
[[2, 6, 11, 14, 42, 75], [0, 2, 8, 9, 10, 11, 13, 15, 17, 18, 19]]
[[2, 6, 11, 14, 42, 75], [0, 1, 2, 4, 5, 7, 11, 15, 16, 17, 19]]
[[2, 6, 11, 14, 42, 51], [0, 1, 2, 3, 6, 9, 11, 15, 17, 18, 19]]
[[2, 6, 11, 14, 42, 51], [0, 1, 4, 5, 6, 7, 8, 10, 11, 12, 14, 15, 17, 18, 19]]
[[2, 6, 11, 14, 42, 51], [0, 3, 4, 5, 6, 8, 10, 11, 14, 15, 17, 18, 19]]
[[2, 6, 11, 14, 42, 51], [0, 3, 4, 5, 6, 7, 10, 11, 12, 13, 14, 15, 16, 17, 19]]
[[2, 6, 11, 14, 42, 51], [0, 5, 6, 7, 9, 11, 12, 15, 17, 18, 19]]
[[2, 6, 11, 14, 42, 51], [0, 1, 3, 5, 6, 7, 8, 11, 12, 13, 14, 15, 16, 17, 19]]
[[2, 6, 11, 14, 42, 51], [0, 5, 6, 8, 9, 11, 13, 15, 16, 17, 19]]
[[2, 6, 11, 14, 42, 51], [0, 1, 2, 4, 6, 9, 10, 11, 13, 15, 16, 17, 19]]
[[2, 6, 11, 14, 27, 51], [0, 1, 2, 7, 9, 11, 13, 15, 16, 17, 19]]
[[2, 6, 11, 14, 27, 51], [0, 3, 5, 11, 12, 13, 14, 15, 16, 17, 19]]
[[2, 6, 11, 14, 27, 51], [0, 1, 3, 4, 5, 7, 8, 9, 10, 11, 13, 15, 16, 17, 19]]
[[2, 6, 11, 14, 27, 51], [0, 1, 7, 11, 12, 15, 17, 18, 19]]
[[2, 6, 11, 14, 27, 51], [0, 1, 2, 3, 4, 5, 7, 8, 9, 10, 11, 12, 14, 15, 17, 18, 19]]
[[2, 6, 11, 14, 27, 51], [0, 3, 11, 15, 17, 18, 19]]
[[2, 6, 11, 14, 27, 51], [0, 4, 5, 8, 10, 11, 12, 13, 14, 15, 16, 17, 19]]
[[2, 6, 11, 14, 27, 51], [0, 4, 8, 9, 10, 11, 14, 15, 17, 18, 19]]
[[2, 6, 11, 14, 52, 63], [0, 1, 2, 5, 6, 10, 11, 12, 13, 15, 17, 18, 19]]
[[2, 6, 11, 14, 52, 63], [0, 1, 2, 4, 5, 6, 7, 8, 10, 11, 13, 15, 17, 18, 19]]
[[2, 6, 11, 14, 52, 63], [0, 1, 2, 3, 6, 7, 8, 9, 11, 15, 16, 17, 19]]
[[2, 6, 11, 14, 52, 63], [0, 1, 3, 4, 5, 6, 7, 8, 11, 13, 14, 15, 17, 18, 19]]
[[2, 6, 11, 14, 52, 63], [0, 1, 3, 5, 6, 11, 12, 13, 14, 15, 17, 18, 19]]
[[2, 6, 11, 14, 52, 63], [0, 1, 4, 6, 9, 10, 11, 12, 14, 15, 16, 17, 19]]
[[2, 6, 11, 14, 52, 63], [0, 1, 5, 6, 7, 8, 9, 10, 11, 15, 16, 17, 19]]
[[2, 6, 11, 14, 52, 63], [0, 1, 2, 3, 4, 5, 6, 9, 11, 12, 14, 15, 16, 17, 19]]
[[2, 6, 11, 10, 52, 93], [0, 1, 5, 6, 8, 10, 11, 13, 14, 15, 16, 17, 19]]
[[2, 6, 11, 10, 52, 93], [0, 4, 6, 7, 8, 9, 11, 12, 14, 15, 17, 18, 19]]
[[2, 6, 11, 10, 52, 93], [0, 1, 2, 3, 4, 5, 6, 8, 9, 11, 14, 15, 17, 18, 19]]
[[2, 6, 11, 10, 52, 93], [0, 1, 2, 5, 6, 7, 10, 11, 12, 15, 17, 18, 19]]
[[2, 6, 11, 10, 52, 93], [0, 4, 5, 6, 11, 13, 14, 15, 16, 17, 19]]
[[2, 6, 11, 10, 52, 93], [0, 2, 3, 6, 7, 8, 9, 10, 11, 12, 13, 15, 16, 17, 19]]
[[2, 6, 11, 10, 52, 93], [0, 2, 3, 5, 6, 10, 11, 15, 17, 18, 19]]
[[2, 6, 11, 10, 52, 93], [0, 1, 3, 4, 5, 6, 7, 9, 11, 12, 13, 15, 16, 17, 19]]
[[2, 6, 11, 38, 42, 87], [0, 2, 3, 4, 5, 6, 8, 9, 10, 11, 12, 13, 14, 15, 16]]
[[2, 6, 11, 38, 42, 87], [0, 5, 6, 7, 8, 11, 12, 13, 14, 15, 16]]
[[2, 6, 11, 38, 42, 87], [0, 4, 5, 7, 10, 11, 12, 13, 14, 15, 16]]
[[2, 6, 11, 38, 42, 87], [0, 5, 6, 9, 11, 15, 19]]
[[2, 6, 11, 38, 42, 87], [0, 2, 3, 4, 5, 6, 7, 9, 10, 11, 14, 15, 19]]
[[2, 6, 11, 38, 42, 87], [0, 4, 7, 9, 10, 11, 14, 15, 19]]
[[2, 6, 11, 38, 42, 87], [0, 1, 9, 11, 12, 13, 14, 15, 16]]
[[2, 6, 11, 38, 42, 87], [0, 1, 2, 9, 11, 15, 19]]
[[2, 6, 11, 38, 52, 75], [0, 2, 3, 5, 6, 9, 10, 11, 12, 13, 14, 15, 16]]
[[2, 6, 11, 38, 52, 75], [0, 2, 7, 8, 10, 11, 12, 13, 14, 15, 16]]
[[2, 6, 11, 38, 52, 75], [0, 2, 4, 5, 6, 8, 11, 15, 19]]
[[2, 6, 11, 38, 52, 75], [0, 1, 2, 4, 5, 8, 11, 15, 19]]
[[2, 6, 11, 38, 52, 75], [0, 2, 3, 6, 7, 8, 10, 11, 14, 15, 19]]
[[2, 6, 11, 38, 52, 75], [0, 1, 4, 8, 9, 11, 12, 13, 14, 15, 16]]
[[2, 6, 11, 38, 52, 75], [0, 2, 7, 8, 10, 11, 14, 15, 19]]
[[2, 6, 11, 38, 52, 75], [0, 2, 4, 6, 7, 11, 12, 13, 14, 15, 16]]
[[2, 6, 11, 38, 42, 75], [0, 1, 3, 4, 5, 6, 11, 12, 14, 15, 16, 17, 19]]
[[2, 6, 11, 38, 42, 75], [0, 1, 2, 3, 5, 6, 7, 8, 11, 15, 16, 17, 19]]
[[2, 6, 11, 38, 42, 75], [0, 1, 2, 3, 4, 5, 6, 7, 8, 9, 11, 13, 14, 15, 17, 18, 19]]
[[2, 6, 11, 38, 42, 75], [0, 1, 2, 4, 6, 7, 8, 9, 10, 11, 13, 15, 17, 18, 19]]
[[2, 6, 11, 38, 42, 75], [0, 1, 4, 5, 6, 10, 11, 12, 14, 15, 16, 17, 19]]
[[2, 6, 11, 38, 42, 75], [0, 1, 3, 6, 9, 11, 12, 13, 14, 15, 17, 18, 19]]
[[2, 6, 11, 38, 42, 75], [0, 1, 2, 5, 6, 7, 8, 10, 11, 15, 16, 17, 19]]
[[2, 6, 11, 38, 42, 75], [0, 1, 5, 6, 9, 10, 11, 12, 13, 15, 17, 18, 19]]
[[2, 6, 11, 38, 57, 63], [0, 1, 2, 4, 5, 8, 11, 12, 13, 15, 16, 17, 19]]
[[2, 6, 11, 38, 57, 63], [0, 1, 3, 10, 11, 15, 17, 18, 19]]
[[2, 6, 11, 38, 57, 63], [0, 1, 4, 8, 9, 11, 14, 15, 17, 18, 19]]
[[2, 6, 11, 38, 57, 63], [0, 2, 3, 4, 5, 7, 8, 9, 11, 12, 14, 15, 17, 18, 19]]
[[2, 6, 11, 38, 57, 63], [0, 1, 2, 3, 5, 10, 11, 12, 13, 15, 16, 17, 19]]
[[2, 6, 11, 38, 57, 63], [0, 7, 10, 11, 12, 15, 17, 18, 19]]
[[2, 6, 11, 38, 57, 63], [0, 7, 9, 10, 11, 13, 14, 15, 16, 17, 19]]
[[2, 6, 11, 38, 57, 63], [0, 2, 3, 4, 5, 7, 8, 9, 11, 13, 14, 15, 16, 17, 19]]
[[2, 6, 11, 38, 47, 87], [0, 3, 6, 9, 10, 11, 12, 13, 14, 15, 16, 18, 19]]
[[2, 6, 11, 38, 47, 87], [0, 1, 3, 5, 8, 10, 11, 12, 14, 15, 18]]
[[2, 6, 11, 38, 47, 87], [0, 4, 6, 8, 9, 11, 14, 15, 18]]
[[2, 6, 11, 38, 47, 87], [0, 1, 2, 3, 8, 9, 10, 11, 13, 15, 16, 18, 19]]
[[2, 6, 11, 38, 47, 87], [0, 4, 5, 6, 7, 9, 11, 12, 13, 15, 16, 18, 19]]
[[2, 6, 11, 38, 47, 87], [0, 2, 3, 4, 5, 7, 8, 9, 11, 12, 14, 15, 18]]
[[2, 6, 11, 38, 47, 87], [0, 3, 5, 6, 7, 8, 10, 11, 14, 15, 18]]
[[2, 6, 11, 38, 47, 87], [0, 2, 3, 4, 5, 7, 8, 9, 11, 13, 14, 15, 16, 18, 19]]
[[2, 6, 11, 42, 47, 81], [0, 2, 5, 8, 10, 12, 13, 15, 17, 18, 19]]
[[2, 6, 11, 42, 47, 81], [0, 1, 2, 3, 4, 6, 7, 8, 12, 13, 14, 15, 17, 18, 19]]
[[2, 6, 11, 42, 47, 81], [0, 1, 2, 4, 5, 6, 7, 10, 13, 15, 17, 18, 19]]
[[2, 6, 11, 42, 47, 81], [0, 1, 13, 15, 16, 17, 19]]
[[2, 6, 11, 42, 47, 81], [0, 1, 4, 6, 8, 10, 13, 15, 16, 17, 19]]
[[2, 6, 11, 42, 47, 81], [0, 2, 5, 8, 9, 10, 12, 13, 14, 15, 16, 17, 19]]
[[2, 6, 11, 42, 47, 81], [0, 1, 2, 13, 14, 15, 17, 18, 19]]
[[2, 6, 11, 42, 47, 81], [0, 1, 3, 4, 6, 9, 12, 13, 14, 15, 16, 17, 19]]
[[2, 6, 17, 30, 27, 87], [0, 1, 3, 4, 5, 6, 7, 9, 12, 15, 17, 18, 19]]
[[2, 6, 17, 30, 27, 87], [0, 1, 4, 5, 9, 15, 16, 17, 19]]
[[2, 6, 17, 30, 27, 87], [0, 1, 4, 5, 6, 7, 8, 10, 14, 15, 17, 18, 19]]
[[2, 6, 17, 30, 27, 87], [0, 4, 8, 9, 10, 12, 14, 15, 16, 17, 19]]
[[2, 6, 17, 30, 27, 87], [0, 1, 2, 4, 6, 9, 10, 15, 16, 17, 19]]
[[2, 6, 17, 30, 27, 87], [0, 4, 5, 8, 10, 12, 14, 15, 17, 18, 19]]
[[2, 6, 17, 30, 27, 87], [0, 1, 2, 3, 4, 5, 6, 8, 9, 12, 14, 15, 16, 17, 19]]
[[2, 6, 17, 30, 27, 87], [0, 1, 2, 4, 9, 15, 17, 18, 19]]
[[2, 6, 17, 30, 42, 75], [0, 2, 5, 7, 8, 9, 10, 13, 14, 15, 17, 18, 19]]
[[2, 6, 17, 30, 42, 75], [0, 1, 4, 6, 9, 10, 12, 13, 14, 15, 17, 18, 19]]
[[2, 6, 17, 30, 42, 75], [0, 1, 2, 5, 7, 12, 13, 15, 16, 17, 19]]
[[2, 6, 17, 30, 42, 75], [0, 2, 5, 7, 8, 9, 10, 13, 14, 15, 16, 17, 19]]
[[2, 6, 17, 30, 42, 75], [0, 1, 2, 4, 5, 6, 7, 8, 10, 12, 13, 15, 16, 17, 19]]
[[2, 6, 17, 30, 42, 75], [0, 1, 5, 7, 9, 12, 13, 15, 17, 18, 19]]
[[2, 6, 17, 30, 42, 75], [0, 1, 2, 3, 4, 6, 8, 9, 13, 15, 17, 18, 19]]
[[2, 6, 17, 30, 42, 75], [0, 1, 3, 4, 6, 7, 9, 13, 14, 15, 16, 17, 19]]
[[2, 6, 17, 30, 22, 99], [0, 2, 3, 5, 7, 11, 13, 15, 16, 17, 19]]
[[2, 6, 17, 30, 22, 99], [0, 1, 3, 4, 8, 9, 10, 11, 12, 13, 14, 15, 16, 17, 19]]
[[2, 6, 17, 30, 22, 99], [0, 2, 4, 7, 8, 10, 11, 12, 14, 15, 17, 18, 19]]
[[2, 6, 17, 30, 22, 99], [0, 1, 5, 9, 11, 15, 17, 18, 19]]
[[2, 6, 17, 30, 22, 99], [0, 1, 2, 3, 4, 8, 10, 11, 14, 15, 17, 18, 19]]
[[2, 6, 17, 30, 22, 99], [0, 1, 2, 5, 9, 11, 12, 13, 14, 15, 16, 17, 19]]
[[2, 6, 17, 30, 22, 99], [0, 2, 3, 7, 9, 11, 12, 15, 17, 18, 19]]
[[2, 6, 17, 30, 22, 99], [0, 2, 4, 5, 7, 8, 10, 11, 13, 15, 16, 17, 19]]
[[2, 6, 17, 22, 32, 63], [0, 4, 6, 7, 12, 15, 16, 17, 19]]
[[2, 6, 17, 22, 32, 63], [0, 1, 2, 4, 7, 8, 14, 15, 16, 17, 19]]
[[2, 6, 17, 22, 32, 63], [0, 4, 5, 7, 9, 10, 12, 15, 17, 18, 19]]
[[2, 6, 17, 22, 32, 63], [0, 2, 3, 4, 6, 9, 10, 15, 17, 18, 19]]
[[2, 6, 17, 22, 32, 63], [0, 2, 3, 4, 6, 7, 8, 10, 14, 15, 16, 17, 19]]
[[2, 6, 17, 22, 32, 63], [0, 1, 4, 5, 7, 8, 14, 15, 17, 18, 19]]
[[2, 6, 17, 22, 32, 63], [0, 4, 7, 10, 12, 15, 16, 17, 19]]
[[2, 6, 17, 22, 32, 63], [0, 4, 5, 6, 8, 12, 14, 15, 17, 18, 19]]
[[2, 6, 17, 22, 22, 63], [0, 1, 2, 3, 4, 6, 7, 9, 13, 15, 16, 17, 19]]
[[2, 6, 17, 22, 22, 63], [0, 1, 5, 7, 12, 13, 14, 15, 16, 17, 19]]
[[2, 6, 17, 22, 22, 63], [0, 1, 2, 4, 6, 9, 10, 12, 13, 15, 17, 18, 19]]
[[2, 6, 17, 22, 22, 63], [0, 5, 7, 8, 9, 10, 13, 15, 16, 17, 19]]
[[2, 6, 17, 22, 22, 63], [0, 5, 7, 8, 9, 10, 13, 15, 17, 18, 19]]
[[2, 6, 17, 22, 22, 63], [0, 1, 3, 4, 6, 8, 9, 13, 14, 15, 17, 18, 19]]
[[2, 6, 17, 22, 22, 63], [0, 1, 2, 5, 7, 9, 12, 13, 14, 15, 17, 18, 19]]
[[2, 6, 17, 22, 22, 63], [0, 1, 4, 5, 6, 7, 8, 10, 12, 13, 14, 15, 16, 17, 19]]
[[2, 6, 17, 22, 17, 99], [0, 1, 3, 4, 5, 6, 7, 8, 9, 15, 16, 17, 19]]
[[2, 6, 17, 22, 17, 99], [0, 1, 2, 3, 4, 5, 6, 15, 17, 18, 19]]
[[2, 6, 17, 22, 17, 99], [0, 1, 4, 6, 8, 9, 10, 12, 14, 15, 17, 18, 19]]
[[2, 6, 17, 22, 17, 99], [0, 1, 2, 4, 5, 6, 7, 9, 10, 12, 14, 15, 16, 17, 19]]
[[2, 6, 17, 22, 17, 99], [0, 1, 4, 7, 9, 12, 14, 15, 16, 17, 19]]
[[2, 6, 17, 22, 17, 99], [0, 1, 2, 4, 5, 7, 12, 15, 17, 18, 19]]
[[2, 6, 17, 22, 17, 99], [0, 2, 4, 7, 8, 9, 10, 15, 16, 17, 19]]
[[2, 6, 17, 22, 17, 99], [0, 2, 4, 5, 7, 8, 9, 10, 14, 15, 17, 18, 19]]
[[2, 6, 17, 22, 32, 87], [0, 1, 3, 4, 7, 9, 10, 11, 12, 13, 14, 15, 17, 18, 19]]
[[2, 6, 17, 22, 32, 87], [0, 1, 4, 5, 7, 9, 11, 12, 13, 15, 17, 18, 19]]
[[2, 6, 17, 22, 32, 87], [0, 2, 3, 5, 8, 11, 12, 15, 16, 17, 19]]
[[2, 6, 17, 22, 32, 87], [0, 2, 3, 8, 9, 11, 13, 15, 17, 18, 19]]
[[2, 6, 17, 22, 32, 87], [0, 2, 5, 8, 9, 10, 11, 13, 14, 15, 17, 18, 19]]
[[2, 6, 17, 22, 32, 87], [0, 1, 2, 4, 7, 11, 14, 15, 16, 17, 19]]
[[2, 6, 17, 22, 32, 87], [0, 1, 2, 3, 4, 7, 10, 11, 14, 15, 16, 17, 19]]
[[2, 6, 17, 22, 32, 87], [0, 2, 5, 8, 10, 11, 12, 15, 16, 17, 19]]
[[2, 6, 17, 22, 32, 99], [0, 1, 2, 3, 8, 10, 11, 12, 14, 15, 16, 17, 19]]
[[2, 6, 17, 22, 32, 99], [0, 4, 7, 8, 10, 11, 12, 15, 17, 18, 19]]
[[2, 6, 17, 22, 32, 99], [0, 2, 4, 7, 9, 10, 11, 12, 13, 15, 17, 18, 19]]
[[2, 6, 17, 22, 32, 99], [0, 1, 3, 5, 8, 9, 10, 11, 13, 15, 17, 18, 19]]
[[2, 6, 17, 22, 32, 99], [0, 2, 4, 5, 7, 10, 11, 15, 16, 17, 19]]
[[2, 6, 17, 22, 32, 99], [0, 4, 5, 7, 8, 10, 11, 13, 14, 15, 16, 17, 19]]
[[2, 6, 17, 22, 32, 99], [0, 3, 5, 7, 11, 13, 14, 15, 16, 17, 19]]
[[2, 6, 17, 22, 32, 99], [0, 1, 2, 8, 11, 12, 14, 15, 16, 17, 19]]
[[2, 6, 17, 22, 32, 99], [0, 2, 3, 4, 5, 7, 11, 15, 16, 17, 19]]
[[2, 6, 17, 22, 32, 99], [0, 3, 7, 9, 11, 12, 14, 15, 17, 18, 19]]
[[2, 6, 17, 22, 32, 99], [0, 1, 3, 4, 8, 10, 11, 15, 17, 18, 19]]
[[2, 6, 17, 22, 32, 99], [0, 2, 3, 4, 5, 7, 9, 11, 12, 13, 14, 15, 17, 18, 19]]
[[2, 6, 17, 22, 32, 99], [0, 1, 2, 3, 4, 8, 9, 10, 11, 12, 13, 15, 16, 17, 19]]
[[2, 6, 17, 22, 32, 99], [0, 1, 2, 5, 9, 11, 14, 15, 17, 18, 19]]
[[2, 6, 17, 22, 32, 99], [0, 1, 8, 9, 11, 13, 14, 15, 17, 18, 19]]
[[2, 6, 17, 22, 32, 99], [0, 1, 5, 9, 11, 12, 13, 15, 16, 17, 19]]
[[2, 6, 17, 18, 37, 81], [0, 2, 9, 10, 13, 15, 17, 18, 19]]
[[2, 6, 17, 18, 37, 81], [0, 4, 6, 7, 9, 13, 14, 15, 17, 18, 19]]
[[2, 6, 17, 18, 37, 81], [0, 3, 4, 5, 6, 10, 12, 13, 14, 15, 16, 17, 19]]
[[2, 6, 17, 18, 37, 81], [0, 1, 5, 8, 12, 13, 14, 15, 16, 17, 19]]
[[2, 6, 17, 18, 37, 81], [0, 4, 5, 6, 8, 9, 13, 15, 16, 17, 19]]
[[2, 6, 17, 18, 37, 81], [0, 2, 9, 10, 13, 15, 16, 17, 19]]
[[2, 6, 17, 18, 37, 81], [0, 3, 4, 5, 6, 7, 8, 9, 10, 12, 13, 15, 17, 18, 19]]
[[2, 6, 17, 18, 37, 81], [0, 1, 2, 5, 8, 9, 12, 13, 14, 15, 17, 18, 19]]
[[2, 6, 17, 18, 27, 93], [0, 1, 4, 8, 9, 12, 14, 15, 16, 17, 19]]
[[2, 6, 17, 18, 27, 93], [0, 2, 4, 6, 9, 15, 16, 17, 19]]
[[2, 6, 17, 18, 27, 93], [0, 4, 5, 9, 10, 15, 16, 17, 19]]
[[2, 6, 17, 18, 27, 93], [0, 2, 3, 4, 5, 6, 8, 9, 10, 12, 14, 15, 16, 17, 19]]
[[2, 6, 17, 18, 27, 93], [0, 4, 9, 10, 14, 15, 17, 18, 19]]
[[2, 6, 17, 18, 27, 93], [0, 2, 4, 5, 6, 7, 8, 15, 17, 18, 19]]
[[2, 6, 17, 18, 27, 93], [0, 2, 3, 4, 5, 6, 7, 9, 10, 12, 14, 15, 17, 18, 19]]
[[2, 6, 17, 18, 27, 93], [0, 1, 2, 4, 5, 8, 12, 15, 17, 18, 19]]
[[2, 6, 17, 18, 22, 87], [0, 2, 5, 9, 10, 12, 14, 15, 17, 18, 19]]
[[2, 6, 17, 18, 22, 87], [0, 1, 3, 6, 9, 12, 14, 15, 16, 17, 19]]
[[2, 6, 17, 18, 22, 87], [0, 2, 5, 9, 10, 12, 14, 15, 16, 17, 19]]
[[2, 6, 17, 18, 22, 87], [0, 1, 2, 3, 5, 6, 7, 8, 12, 15, 17, 18, 19]]
[[2, 6, 17, 18, 22, 87], [0, 1, 2, 5, 8, 15, 17, 18, 19]]
[[2, 6, 17, 18, 22, 87], [0, 1, 6, 7, 9, 10, 14, 15, 17, 18, 19]]
[[2, 6, 17, 18, 22, 87], [0, 1, 2, 6, 8, 9, 10, 15, 16, 17, 19]]
[[2, 6, 17, 18, 22, 87], [0, 1, 5, 8, 9, 15, 16, 17, 19]]
[[2, 6, 17, 18, 32, 75], [0, 2, 6, 8, 9, 15, 16, 17, 19]]
[[2, 6, 17, 18, 32, 75], [0, 3, 6, 9, 10, 12, 14, 15, 16, 17, 19]]
[[2, 6, 17, 18, 32, 75], [0, 5, 8, 10, 14, 15, 17, 18, 19]]
[[2, 6, 17, 18, 32, 75], [0, 1, 2, 5, 9, 12, 14, 15, 16, 17, 19]]
[[2, 6, 17, 18, 32, 75], [0, 2, 6, 7, 9, 15, 17, 18, 19]]
[[2, 6, 17, 18, 32, 75], [0, 5, 8, 9, 10, 15, 16, 17, 19]]
[[2, 6, 17, 18, 32, 75], [0, 1, 5, 9, 12, 15, 17, 18, 19]]
[[2, 6, 17, 18, 32, 75], [0, 3, 5, 6, 7, 8, 10, 12, 14, 15, 17, 18, 19]]
[[2, 6, 17, 26, 17, 105], [0, 1, 4, 6, 7, 9, 10, 11, 14, 15, 18]]
[[2, 6, 17, 26, 17, 105], [0, 2, 10, 13, 14, 15, 17, 18, 19]]
[[2, 6, 17, 26, 17, 105], [0, 2, 4, 6, 8, 13, 14, 15, 16, 17, 19]]
[[2, 6, 17, 26, 17, 105], [0, 1, 3, 5, 6, 7, 8, 9, 11, 12, 13, 15, 16, 18, 19]]
[[2, 6, 17, 26, 17, 105], [0, 1, 5, 8, 9, 12, 13, 15, 16, 17, 19]]
[[2, 6, 17, 26, 17, 105], [0, 2, 4, 5, 9, 10, 11, 12, 14, 15, 18]]
[[2, 6, 17, 26, 17, 105], [0, 2, 4, 5, 6, 7, 13, 15, 17, 18, 19]]
[[2, 6, 17, 26, 17, 105], [0, 1, 2, 7, 11, 12, 14, 15, 18]]
[[2, 6, 17, 26, 17, 105], [0, 1, 2, 3, 6, 11, 14, 15, 18]]
[[2, 6, 17, 26, 17, 105], [0, 1, 2, 5, 8, 12, 13, 15, 17, 18, 19]]
[[2, 6, 17, 26, 17, 105], [0, 1, 2, 4, 5, 6, 8, 9, 10, 11, 12, 13, 14, 15, 16, 18, 19]]
[[2, 6, 17, 26, 17, 105], [0, 2, 10, 13, 14, 15, 16, 17, 19]]
[[2, 6, 17, 26, 17, 105], [0, 2, 3, 4, 6, 7, 8, 10, 12, 13, 14, 15, 17, 18, 19]]
[[2, 6, 17, 26, 17, 105], [0, 2, 3, 4, 6, 9, 10, 12, 13, 15, 16, 17, 19]]
[[2, 6, 17, 26, 17, 105], [0, 1, 7, 9, 11, 13, 14, 15, 16, 18, 19]]
[[2, 6, 17, 26, 17, 105], [0, 2, 4, 9, 10, 11, 13, 15, 16, 18, 19]]
[[2, 6, 17, 26, 17, 81], [0, 2, 3, 5, 6, 7, 8, 10, 13, 15, 16, 17, 19]]
[[2, 6, 17, 26, 17, 81], [0, 2, 5, 6, 8, 9, 12, 13, 14, 15, 17, 18, 19]]
[[2, 6, 17, 26, 17, 81], [0, 4, 7, 8, 9, 10, 12, 13, 14, 15, 16, 17, 19]]
[[2, 6, 17, 26, 17, 81], [0, 2, 5, 6, 7, 9, 12, 13, 14, 15, 16, 17, 19]]
[[2, 6, 17, 26, 17, 81], [0, 1, 4, 7, 9, 13, 14, 15, 17, 18, 19]]
[[2, 6, 17, 26, 17, 81], [0, 1, 2, 4, 5, 7, 13, 15, 16, 17, 19]]
[[2, 6, 17, 26, 17, 81], [0, 4, 5, 7, 8, 9, 10, 12, 13, 15, 17, 18, 19]]
[[2, 6, 17, 26, 17, 81], [0, 2, 3, 6, 9, 10, 13, 15, 17, 18, 19]]
[[2, 6, 17, 26, 32, 105], [0, 1, 2, 4, 5, 7, 8, 11, 12, 15, 17, 18, 19]]
[[2, 6, 17, 26, 32, 105], [0, 2, 3, 4, 5, 8, 11, 15, 17, 18, 19]]
[[2, 6, 17, 26, 32, 105], [0, 1, 4, 7, 8, 11, 13, 15, 16, 17, 19]]
[[2, 6, 17, 26, 32, 105], [0, 1, 3, 7, 10, 11, 13, 15, 16, 17, 19]]
[[2, 6, 17, 26, 32, 105], [0, 9, 10, 11, 12, 13, 14, 15, 16, 17, 19]]
[[2, 6, 17, 26, 32, 105], [0, 2, 3, 4, 5, 8, 9, 11, 12, 13, 14, 15, 16, 17, 19]]
[[2, 6, 17, 26, 32, 105], [0, 1, 2, 3, 5, 7, 9, 10, 11, 12, 14, 15, 17, 18, 19]]
[[2, 6, 17, 26, 32, 105], [0, 9, 10, 11, 14, 15, 17, 18, 19]]
[[2, 6, 17, 26, 32, 69], [0, 2, 9, 10, 11, 15, 17, 18, 19]]
[[2, 6, 17, 26, 32, 69], [0, 1, 4, 5, 7, 8, 11, 12, 14, 15, 17, 18, 19]]
[[2, 6, 17, 26, 32, 69], [0, 2, 9, 10, 11, 12, 13, 15, 16, 17, 19]]
[[2, 6, 17, 26, 32, 69], [0, 3, 4, 5, 8, 11, 14, 15, 17, 18, 19]]
[[2, 6, 17, 26, 32, 69], [0, 1, 2, 3, 7, 10, 11, 13, 14, 15, 16, 17, 19]]
[[2, 6, 17, 26, 32, 69], [0, 1, 2, 4, 7, 8, 11, 13, 14, 15, 16, 17, 19]]
[[2, 6, 17, 26, 32, 69], [0, 3, 4, 5, 8, 9, 11, 12, 13, 15, 16, 17, 19]]
[[2, 6, 17, 26, 32, 69], [0, 1, 3, 5, 7, 9, 10, 11, 12, 15, 17, 18, 19]]
[[2, 6, 17, 26, 12, 105], [0, 1, 9, 11, 12, 13, 14, 15, 17, 18, 19]]
[[2, 6, 17, 26, 12, 105], [0, 1, 2, 9, 11, 15, 16, 17, 19]]
[[2, 6, 17, 26, 12, 105], [0, 1, 2, 4, 5, 7, 8, 9, 11, 13, 14, 15, 17, 18, 19]]
[[2, 6, 17, 26, 12, 105], [0, 2, 4, 5, 7, 8, 9, 10, 11, 12, 14, 15, 16, 17, 19]]
[[2, 6, 17, 26, 12, 105], [0, 5, 9, 10, 11, 12, 13, 15, 17, 18, 19]]
[[2, 6, 17, 26, 12, 105], [0, 5, 9, 10, 11, 15, 16, 17, 19]]
[[2, 6, 17, 26, 12, 105], [0, 2, 4, 7, 8, 9, 10, 11, 13, 15, 17, 18, 19]]
[[2, 6, 17, 26, 12, 105], [0, 1, 4, 7, 8, 9, 11, 12, 14, 15, 16, 17, 19]]
[[2, 6, 17, 26, 27, 105], [0, 2, 7, 10, 11, 12, 14, 15, 17, 18, 19]]
[[2, 6, 17, 26, 27, 105], [0, 1, 4, 5, 8, 11, 12, 13, 14, 15, 16, 17, 19]]
[[2, 6, 17, 26, 27, 105], [0, 3, 4, 5, 7, 8, 9, 11, 13, 15, 16, 17, 19]]
[[2, 6, 17, 26, 27, 105], [0, 2, 7, 9, 10, 11, 13, 15, 16, 17, 19]]
[[2, 6, 17, 26, 27, 105], [0, 3, 4, 5, 7, 8, 9, 11, 12, 15, 17, 18, 19]]
[[2, 6, 17, 26, 27, 105], [0, 1, 3, 5, 10, 11, 12, 13, 14, 15, 16, 17, 19]]
[[2, 6, 17, 26, 27, 105], [0, 1, 2, 4, 8, 9, 11, 15, 17, 18, 19]]
[[2, 6, 17, 26, 27, 105], [0, 1, 2, 3, 10, 11, 14, 15, 17, 18, 19]]
[[2, 6, 17, 26, 27, 81], [0, 1, 2, 5, 7, 9, 11, 13, 14, 15, 17]]
[[2, 6, 17, 26, 27, 81], [0, 3, 4, 7, 8, 9, 11, 13, 14, 15, 17]]
[[2, 6, 17, 26, 27, 81], [0, 1, 3, 5, 10, 11, 14, 15, 16, 17, 18]]
[[2, 6, 17, 26, 27, 81], [0, 1, 5, 7, 11, 12, 14, 15, 16, 17, 18]]
[[2, 6, 17, 26, 27, 81], [0, 2, 4, 5, 8, 9, 10, 11, 14, 15, 16, 17, 18]]
[[2, 6, 17, 26, 27, 81], [0, 3, 4, 7, 8, 9, 11, 12, 14, 15, 16, 17, 18]]
[[2, 6, 17, 26, 27, 81], [0, 1, 2, 3, 10, 11, 12, 13, 14, 15, 17]]
[[2, 6, 17, 26, 27, 81], [0, 2, 4, 8, 10, 11, 12, 13, 14, 15, 17]]
[[2, 6, 17, 34, 57, 69], [0, 1, 2, 9, 11, 12, 13, 15, 17, 18, 19]]
[[2, 6, 17, 34, 57, 69], [0, 4, 7, 8, 9, 10, 11, 13, 14, 15, 17, 18, 19]]
[[2, 6, 17, 34, 57, 69], [0, 2, 5, 9, 10, 11, 14, 15, 16, 17, 19]]
[[2, 6, 17, 34, 57, 69], [0, 4, 5, 7, 8, 9, 10, 11, 12, 15, 16, 17, 19]]
[[2, 6, 17, 34, 57, 69], [0, 1, 9, 11, 14, 15, 16, 17, 19]]
[[2, 6, 17, 34, 57, 69], [0, 1, 2, 4, 7, 8, 9, 11, 12, 15, 16, 17, 19]]
[[2, 6, 17, 34, 57, 69], [0, 2, 5, 9, 10, 11, 12, 13, 14, 15, 17, 18, 19]]
[[2, 6, 17, 34, 57, 69], [0, 1, 4, 5, 7, 8, 9, 11, 13, 15, 17, 18, 19]]
[[2, 6, 5, 38, 27, 51], [0, 2, 3, 5, 7, 8, 13, 15, 19]]
[[2, 6, 5, 38, 27, 51], [0, 2, 4, 5, 7, 9, 10, 13, 14, 15, 19]]
[[2, 6, 5, 38, 27, 51], [0, 1, 3, 7, 8, 9, 10, 13, 14, 15, 19]]
[[2, 6, 5, 38, 27, 51], [0, 1, 4, 7, 9, 13, 14, 15, 16]]
[[2, 6, 5, 38, 27, 51], [0, 2, 3, 7, 8, 13, 14, 15, 16]]
[[2, 6, 5, 38, 27, 51], [0, 1, 2, 3, 5, 7, 8, 9, 10, 13, 14, 15, 16]]
[[2, 6, 5, 38, 27, 51], [0, 2, 4, 7, 10, 13, 14, 15, 16]]
[[2, 6, 5, 38, 27, 51], [0, 1, 2, 4, 5, 7, 13, 15, 19]]
[[2, 6, 5, 38, 47, 51], [0, 2, 4, 5, 6, 7, 11, 15, 19]]
[[2, 6, 5, 38, 47, 51], [0, 3, 6, 7, 8, 9, 10, 11, 12, 13, 14, 15, 16]]
[[2, 6, 5, 38, 47, 51], [0, 1, 2, 3, 10, 11, 12, 13, 14, 15, 16]]
[[2, 6, 5, 38, 47, 51], [0, 2, 3, 4, 5, 7, 9, 11, 12, 13, 14, 15, 16]]
[[2, 6, 5, 38, 47, 51], [0, 3, 5, 6, 10, 11, 14, 15, 19]]
[[2, 6, 5, 38, 47, 51], [0, 2, 4, 6, 8, 11, 12, 13, 14, 15, 16]]
[[2, 6, 5, 38, 47, 51], [0, 1, 3, 5, 10, 11, 14, 15, 19]]
[[2, 6, 5, 38, 47, 51], [0, 2, 3, 4, 5, 7, 11, 15, 19]]
[[2, 6, 5, 38, 32, 87], [0, 1, 4, 7, 8, 9, 12, 13, 14, 15, 17]]
[[2, 6, 5, 38, 32, 87], [0, 1, 2, 4, 5, 7, 8, 9, 12, 13, 14, 15, 16, 17, 18]]
[[2, 6, 5, 38, 32, 87], [0, 2, 5, 6, 7, 9, 12, 13, 14, 15, 17]]
[[2, 6, 5, 38, 32, 87], [0, 3, 5, 6, 7, 8, 10, 13, 14, 15, 17]]
[[2, 6, 5, 38, 32, 87], [0, 3, 6, 9, 10, 13, 14, 15, 16, 17, 18]]
[[2, 6, 5, 38, 32, 87], [0, 4, 7, 9, 10, 13, 14, 15, 16, 17, 18]]
[[2, 6, 5, 38, 32, 87], [0, 2, 5, 6, 8, 9, 12, 13, 14, 15, 16, 17, 18]]
[[2, 6, 5, 38, 32, 87], [0, 4, 5, 7, 10, 13, 14, 15, 17]]
[[2, 6, 5, 38, 32, 51], [0, 1, 2, 4, 5, 7, 9, 11, 12, 13, 14, 15, 18]]
[[2, 6, 5, 38, 32, 51], [0, 1, 4, 6, 10, 11, 12, 15, 16, 18, 19]]
[[2, 6, 5, 38, 32, 51], [0, 1, 2, 4, 5, 6, 7, 8, 9, 10, 11, 13, 14, 15, 18]]
[[2, 6, 5, 38, 32, 51], [0, 9, 10, 11, 12, 13, 14, 15, 18]]
[[2, 6, 5, 38, 32, 51], [0, 1, 4, 7, 11, 15, 16, 18, 19]]
[[2, 6, 5, 38, 32, 51], [0, 1, 3, 6, 8, 9, 11, 13, 14, 15, 18]]
[[2, 6, 5, 38, 32, 51], [0, 1, 2, 3, 5, 6, 7, 9, 11, 12, 14, 15, 16, 18, 19]]
[[2, 6, 5, 38, 32, 51], [0, 9, 10, 11, 14, 15, 16, 18, 19]]
[[2, 6, 5, 10, 37, 93], [0, 3, 4, 5, 6, 8, 10, 13, 14, 15, 19]]
[[2, 6, 5, 10, 37, 93], [0, 3, 5, 6, 10, 13, 14, 15, 19]]
[[2, 6, 5, 10, 37, 93], [0, 2, 4, 5, 6, 7, 9, 13, 14, 15, 16]]
[[2, 6, 5, 10, 37, 93], [0, 5, 6, 7, 8, 13, 14, 15, 16]]
[[2, 6, 5, 10, 37, 93], [0, 3, 4, 5, 6, 7, 10, 13, 14, 15, 16]]
[[2, 6, 5, 10, 37, 93], [0, 5, 6, 9, 13, 15, 19]]
[[2, 6, 5, 10, 37, 93], [0, 3, 6, 7, 8, 9, 10, 13, 14, 15, 16]]
[[2, 6, 5, 10, 37, 93], [0, 2, 4, 6, 8, 9, 13, 15, 19]]
[[2, 6, 5, 10, 42, 81], [0, 1, 2, 3, 5, 7, 8, 10, 13, 15, 17, 18, 19]]
[[2, 6, 5, 10, 42, 81], [0, 3, 7, 9, 12, 13, 14, 15, 16, 17, 19]]
[[2, 6, 5, 10, 42, 81], [0, 4, 6, 7, 13, 15, 16, 17, 19]]
[[2, 6, 5, 10, 42, 81], [0, 2, 3, 4, 5, 6, 7, 8, 9, 10, 12, 13, 14, 15, 16, 17, 19]]
[[2, 6, 5, 10, 42, 81], [0, 2, 3, 4, 5, 6, 10, 12, 13, 15, 17, 18, 19]]
[[2, 6, 5, 10, 42, 81], [0, 4, 5, 6, 8, 13, 14, 15, 17, 18, 19]]
[[2, 6, 5, 10, 42, 81], [0, 3, 5, 7, 12, 13, 14, 15, 17, 18, 19]]
[[2, 6, 5, 10, 42, 81], [0, 1, 3, 7, 8, 10, 13, 15, 16, 17, 19]]
[[2, 6, 5, 10, 37, 69], [0, 1, 2, 3, 5, 6, 7, 12, 13, 15, 16, 17, 19]]
[[2, 6, 5, 10, 37, 69], [0, 1, 3, 6, 8, 12, 13, 15, 17, 18, 19]]
[[2, 6, 5, 10, 37, 69], [0, 1, 5, 6, 10, 13, 14, 15, 17, 18, 19]]
[[2, 6, 5, 10, 37, 69], [0, 1, 2, 5, 6, 7, 8, 9, 10, 13, 14, 15, 16, 17, 19]]
[[2, 6, 5, 10, 37, 69], [0, 3, 4, 7, 13, 15, 17, 18, 19]]
[[2, 6, 5, 10, 37, 69], [0, 1, 3, 4, 5, 7, 8, 10, 12, 13, 14, 15, 17, 18, 19]]
[[2, 6, 5, 10, 37, 69], [0, 1, 2, 3, 4, 5, 7, 8, 10, 12, 13, 15, 16, 17, 19]]
[[2, 6, 5, 10, 37, 69], [0, 3, 4, 7, 9, 13, 14, 15, 16, 17, 19]]
[[2, 6, 5, 22, 22, 39], [0, 2, 3, 5, 6, 9, 10, 11, 12, 13, 14, 15, 19]]
[[2, 6, 5, 22, 22, 39], [0, 2, 3, 6, 7, 8, 10, 11, 14, 15, 16]]
[[2, 6, 5, 22, 22, 39], [0, 4, 8, 9, 10, 11, 12, 13, 14, 15, 19]]
[[2, 6, 5, 22, 22, 39], [0, 4, 5, 6, 8, 11, 14, 15, 16]]
[[2, 6, 5, 22, 22, 39], [0, 1, 7, 8, 11, 12, 13, 15, 19]]
[[2, 6, 5, 22, 22, 39], [0, 1, 2, 7, 8, 11, 14, 15, 16]]
[[2, 6, 5, 22, 22, 39], [0, 4, 5, 8, 10, 11, 14, 15, 16]]
[[2, 6, 5, 22, 22, 39], [0, 4, 6, 7, 11, 12, 13, 15, 19]]
[[2, 6, 5, 22, 32, 63], [0, 1, 3, 4, 5, 8, 10, 11, 14, 15, 16, 18, 19]]
[[2, 6, 5, 22, 32, 63], [0, 1, 2, 4, 6, 8, 10, 11, 12, 13, 14, 15, 16]]
[[2, 6, 5, 22, 32, 63], [0, 4, 5, 6, 7, 8, 11, 12, 14, 15, 16, 18, 19]]
[[2, 6, 5, 22, 32, 63], [0, 2, 3, 7, 8, 9, 11, 15, 16, 18, 19]]
[[2, 6, 5, 22, 32, 63], [0, 2, 3, 11, 12, 13, 14, 15, 16]]
[[2, 6, 5, 22, 32, 63], [0, 4, 6, 9, 11, 13, 14, 15, 18]]
[[2, 6, 5, 22, 32, 63], [0, 3, 6, 7, 9, 10, 11, 13, 14, 15, 18]]
[[2, 6, 5, 22, 32, 63], [0, 1, 4, 5, 6, 7, 10, 11, 14, 15, 19]]
[[2, 6, 5, 22, 32, 63], [0, 1, 2, 3, 5, 6, 11, 15, 19]]
[[2, 6, 5, 22, 32, 63], [0, 2, 3, 5, 7, 8, 9, 11, 12, 13, 14, 15, 18]]
[[2, 6, 5, 22, 32, 63], [0, 2, 3, 5, 11, 15, 19]]
[[2, 6, 5, 22, 32, 63], [0, 1, 3, 6, 7, 8, 9, 11, 12, 13, 14, 15, 16]]
[[2, 6, 5, 22, 32, 63], [0, 3, 5, 6, 8, 9, 10, 11, 12, 15, 16, 18, 19]]
[[2, 6, 5, 22, 32, 63], [0, 1, 3, 4, 5, 7, 10, 11, 14, 15, 19]]
[[2, 6, 5, 22, 32, 63], [0, 1, 2, 3, 4, 5, 7, 9, 10, 11, 12, 13, 14, 15, 16]]
[[2, 6, 5, 22, 32, 63], [0, 1, 2, 3, 4, 5, 8, 9, 10, 11, 12, 13, 14, 15, 18]]
[[2, 6, 5, 22, 17, 111], [0, 1, 2, 3, 5, 7, 8, 9, 10, 11, 14, 15, 17, 18, 19]]
[[2, 6, 5, 22, 17, 111], [0, 1, 3, 8, 9, 10, 11, 12, 14, 15, 17, 18, 19]]
[[2, 6, 5, 22, 17, 111], [0, 1, 3, 7, 8, 9, 10, 11, 12, 13, 14, 15, 16, 17, 19]]
[[2, 6, 5, 22, 17, 111], [0, 2, 3, 4, 5, 7, 9, 11, 12, 13, 14, 15, 16, 17, 19]]
[[2, 6, 5, 22, 17, 111], [0, 2, 3, 4, 5, 7, 11, 15, 17, 18, 19]]
[[2, 6, 5, 22, 17, 111], [0, 2, 3, 4, 5, 11, 12, 15, 17, 18, 19]]
[[2, 6, 5, 22, 17, 111], [0, 2, 3, 4, 5, 11, 13, 15, 16, 17, 19]]
[[2, 6, 5, 22, 17, 111], [0, 1, 2, 3, 5, 8, 10, 11, 13, 15, 16, 17, 19]]
[[2, 6, 5, 22, 42, 75], [0, 2, 4, 5, 6, 7, 11, 15, 16, 17, 19]]
[[2, 6, 5, 22, 42, 75], [0, 1, 2, 3, 4, 10, 14, 15, 18]]
[[2, 6, 5, 22, 42, 75], [0, 1, 3, 4, 10, 15, 16, 18, 19]]
[[2, 6, 5, 22, 42, 75], [0, 2, 4, 7, 10, 12, 14, 15, 18]]
[[2, 6, 5, 22, 42, 75], [0, 2, 3, 6, 8, 10, 11, 12, 14, 15, 16, 17, 19]]
[[2, 6, 5, 22, 42, 75], [0, 2, 6, 7, 11, 13, 14, 15, 17, 18, 19]]
[[2, 6, 5, 22, 42, 75], [0, 2, 3, 4, 5, 6, 8, 10, 11, 12, 13, 15, 17, 18, 19]]
[[2, 6, 5, 22, 42, 75], [0, 2, 4, 5, 7, 9, 10, 12, 14, 15, 16, 18, 19]]
[[2, 6, 5, 22, 42, 75], [0, 2, 6, 8, 11, 12, 14, 15, 16, 17, 19]]
[[2, 6, 5, 22, 42, 75], [0, 3, 4, 9, 14, 15, 18]]
[[2, 6, 5, 22, 42, 75], [0, 1, 4, 7, 12, 15, 16, 18, 19]]
[[2, 6, 5, 22, 42, 75], [0, 2, 3, 5, 6, 7, 10, 11, 13, 15, 17, 18, 19]]
[[2, 6, 5, 22, 42, 75], [0, 2, 4, 6, 8, 11, 12, 13, 14, 15, 17, 18, 19]]
[[2, 6, 5, 22, 42, 75], [0, 2, 3, 4, 5, 6, 7, 10, 11, 15, 16, 17, 19]]
[[2, 6, 5, 22, 42, 75], [0, 3, 4, 9, 14, 15, 16, 18, 19]]
[[2, 6, 5, 22, 42, 75], [0, 1, 2, 4, 5, 7, 9, 12, 14, 15, 18]]
[[2, 6, 5, 22, 22, 63], [0, 1, 4, 5, 6, 8, 10, 11, 14, 15, 16, 17, 19]]
[[2, 6, 5, 22, 22, 63], [0, 2, 3, 6, 8, 10, 11, 13, 14, 15, 17, 18, 19]]
[[2, 6, 5, 22, 22, 63], [0, 4, 6, 7, 11, 12, 13, 15, 17, 18, 19]]
[[2, 6, 5, 22, 22, 63], [0, 2, 3, 5, 6, 7, 10, 11, 12, 15, 16, 17, 19]]
[[2, 6, 5, 22, 22, 63], [0, 4, 5, 6, 8, 11, 14, 15, 16, 17, 19]]
[[2, 6, 5, 22, 22, 63], [0, 1, 3, 6, 8, 11, 13, 15, 17, 18, 19]]
[[2, 6, 5, 22, 22, 63], [0, 1, 2, 3, 5, 6, 7, 11, 12, 15, 16, 17, 19]]
[[2, 6, 5, 22, 22, 63], [0, 1, 2, 4, 6, 7, 10, 11, 12, 13, 14, 15, 17, 18, 19]]
[[2, 6, 5, 22, 32, 75], [0, 1, 4, 5, 11, 13, 14, 15, 16, 17, 18]]
[[2, 6, 5, 22, 32, 75], [0, 2, 7, 8, 10, 11, 12, 13, 14, 15, 16, 17, 18]]
[[2, 6, 5, 22, 32, 75], [0, 1, 2, 3, 7, 8, 10, 11, 14, 15, 17]]
[[2, 6, 5, 22, 32, 75], [0, 2, 7, 8, 10, 11, 14, 15, 17]]
[[2, 6, 5, 22, 32, 75], [0, 2, 3, 4, 11, 13, 14, 15, 16, 17, 18]]
[[2, 6, 5, 22, 32, 75], [0, 1, 3, 5, 7, 8, 10, 11, 12, 13, 14, 15, 16, 17, 18]]
[[2, 6, 5, 22, 32, 75], [0, 2, 3, 4, 11, 12, 14, 15, 17]]
[[2, 6, 5, 22, 32, 75], [0, 1, 2, 4, 11, 12, 14, 15, 17]]
[[2, 6, 5, 22, 22, 87], [0, 2, 3, 4, 5, 6, 8, 9, 10, 12, 14, 15, 18]]
[[2, 6, 5, 22, 22, 87], [0, 3, 4, 6, 7, 8, 9, 10, 14, 15, 18]]
[[2, 6, 5, 22, 22, 87], [0, 3, 4, 6, 10, 15, 16, 18, 19]]
[[2, 6, 5, 22, 22, 87], [0, 2, 3, 4, 5, 6, 7, 9, 10, 12, 14, 15, 16, 18, 19]]
[[2, 6, 5, 22, 22, 87], [0, 4, 6, 9, 14, 15, 16, 18, 19]]
[[2, 6, 5, 22, 22, 87], [0, 4, 5, 6, 8, 12, 14, 15, 18]]
[[2, 6, 5, 22, 22, 87], [0, 4, 6, 7, 12, 15, 16, 18, 19]]
[[2, 6, 5, 22, 22, 87], [0, 4, 5, 6, 7, 8, 14, 15, 18]]
[[2, 6, 5, 22, 37, 51], [0, 1, 3, 4, 6, 7, 8, 9, 12, 13, 14, 15, 18]]
[[2, 6, 5, 22, 37, 51], [0, 2, 5, 6, 9, 13, 14, 15, 18]]
[[2, 6, 5, 22, 37, 51], [0, 1, 2, 3, 4, 6, 12, 13, 14, 15, 16, 18, 19]]
[[2, 6, 5, 22, 37, 51], [0, 2, 3, 6, 7, 8, 10, 13, 14, 15, 16, 18, 19]]
[[2, 6, 5, 22, 37, 51], [0, 2, 5, 6, 7, 8, 13, 15, 16, 18, 19]]
[[2, 6, 5, 22, 37, 51], [0, 1, 4, 6, 7, 8, 9, 10, 12, 13, 14, 15, 18]]
[[2, 6, 5, 22, 37, 51], [0, 2, 3, 5, 6, 9, 10, 13, 14, 15, 18]]
[[2, 6, 5, 22, 37, 51], [0, 1, 2, 4, 5, 6, 10, 12, 13, 15, 16, 18, 19]]
[[2, 6, 5, 22, 17, 87], [0, 1, 4, 9, 11, 13, 14, 15, 18]]
[[2, 6, 5, 22, 17, 87], [0, 7, 10, 11, 12, 15, 16, 18, 19]]
[[2, 6, 5, 22, 17, 87], [0, 1, 2, 4, 5, 6, 8, 9, 10, 11, 12, 13, 14, 15, 18]]
[[2, 6, 5, 22, 17, 87], [0, 1, 3, 6, 11, 15, 16, 18, 19]]
[[2, 6, 5, 22, 17, 87], [0, 7, 9, 10, 11, 13, 14, 15, 18]]
[[2, 6, 5, 22, 17, 87], [0, 1, 2, 4, 5, 9, 11, 12, 14, 15, 16, 18, 19]]
[[2, 6, 5, 22, 17, 87], [0, 1, 4, 6, 7, 9, 10, 11, 14, 15, 16, 18, 19]]
[[2, 6, 5, 22, 17, 87], [0, 1, 2, 3, 5, 6, 7, 8, 9, 11, 12, 13, 14, 15, 18]]
[[2, 6, 5, 30, 42, 51], [0, 1, 4, 8, 9, 11, 14, 15, 16]]
[[2, 6, 5, 30, 42, 51], [0, 1, 2, 3, 5, 6, 11, 12, 13, 15, 19]]
[[2, 6, 5, 30, 42, 51], [0, 1, 2, 4, 5, 6, 8, 9, 10, 11, 14, 15, 16]]
[[2, 6, 5, 30, 42, 51], [0, 2, 5, 7, 8, 9, 10, 11, 12, 13, 14, 15, 19]]
[[2, 6, 5, 30, 42, 51], [0, 2, 5, 7, 8, 9, 10, 11, 14, 15, 16]]
[[2, 6, 5, 30, 42, 51], [0, 1, 3, 6, 7, 8, 9, 11, 14, 15, 16]]
[[2, 6, 5, 30, 42, 51], [0, 1, 4, 6, 7, 9, 10, 11, 12, 13, 14, 15, 19]]
[[2, 6, 5, 30, 42, 51], [0, 1, 2, 4, 5, 8, 11, 12, 13, 15, 19]]
[[2, 6, 5, 30, 22, 39], [0, 1, 2, 4, 5, 7, 8, 9, 11, 12, 14, 15, 16]]
[[2, 6, 5, 30, 22, 39], [0, 2, 5, 8, 9, 10, 11, 12, 14, 15, 16]]
[[2, 6, 5, 30, 22, 39], [0, 1, 4, 7, 8, 9, 11, 13, 14, 15, 19]]
[[2, 6, 5, 30, 22, 39], [0, 1, 2, 4, 5, 6, 10, 11, 13, 15, 19]]
[[2, 6, 5, 30, 22, 39], [0, 1, 3, 6, 8, 9, 11, 12, 14, 15, 16]]
[[2, 6, 5, 30, 22, 39], [0, 1, 4, 6, 7, 8, 9, 10, 11, 12, 14, 15, 16]]
[[2, 6, 5, 30, 22, 39], [0, 2, 5, 8, 10, 11, 13, 15, 19]]
[[2, 6, 5, 30, 22, 39], [0, 1, 2, 3, 5, 6, 7, 9, 11, 13, 14, 15, 19]]
[[2, 6, 5, 30, 37, 63], [0, 1, 2, 5, 8, 9, 11, 13, 14, 15, 16, 17, 18]]
[[2, 6, 5, 30, 37, 63], [0, 1, 5, 8, 11, 12, 14, 15, 17]]
[[2, 6, 5, 30, 37, 63], [0, 1, 3, 4, 7, 9, 10, 11, 12, 13, 14, 15, 16, 17, 18]]
[[2, 6, 5, 30, 37, 63], [0, 2, 4, 5, 7, 9, 10, 11, 12, 13, 14, 15, 16, 17, 18]]
[[2, 6, 5, 30, 37, 63], [0, 3, 8, 9, 11, 13, 14, 15, 16, 17, 18]]
[[2, 6, 5, 30, 37, 63], [0, 2, 4, 7, 10, 11, 14, 15, 17]]
[[2, 6, 5, 30, 37, 63], [0, 1, 2, 3, 4, 7, 10, 11, 14, 15, 17]]
[[2, 6, 5, 30, 37, 63], [0, 3, 5, 8, 11, 12, 14, 15, 17]]
[[2, 6, 5, 30, 52, 63], [0, 1, 2, 3, 4, 5, 6, 7, 8, 9, 14, 15, 16, 18, 19]]
[[2, 6, 5, 30, 52, 63], [0, 1, 2, 4, 5, 6, 9, 10, 14, 15, 18]]
[[2, 6, 5, 30, 52, 63], [0, 4, 6, 8, 12, 15, 16, 18, 19]]
[[2, 6, 5, 30, 52, 63], [0, 3, 4, 6, 7, 9, 10, 12, 14, 15, 18]]
[[2, 6, 5, 30, 52, 63], [0, 1, 4, 6, 7, 8, 10, 15, 16, 18, 19]]
[[2, 6, 5, 30, 52, 63], [0, 4, 5, 6, 7, 12, 14, 15, 18]]
[[2, 6, 5, 30, 52, 63], [0, 3, 4, 6, 8, 9, 10, 12, 14, 15, 16, 18, 19]]
[[2, 6, 5, 30, 52, 63], [0, 1, 3, 4, 5, 6, 14, 15, 18]]
[[2, 6, 5, 30, 37, 51], [0, 1, 2, 3, 4, 5, 6, 9, 11, 12, 14, 15, 16, 18, 19]]
[[2, 6, 5, 30, 37, 51], [0, 1, 3, 4, 5, 6, 7, 8, 11, 13, 14, 15, 18]]
[[2, 6, 5, 30, 37, 51], [0, 1, 2, 3, 4, 7, 10, 11, 12, 13, 14, 15, 18]]
[[2, 6, 5, 30, 37, 51], [0, 3, 5, 11, 12, 13, 14, 15, 18]]
[[2, 6, 5, 30, 37, 51], [0, 1, 3, 4, 7, 9, 10, 11, 14, 15, 16, 18, 19]]
[[2, 6, 5, 30, 37, 51], [0, 1, 2, 6, 8, 10, 11, 13, 14, 15, 18]]
[[2, 6, 5, 30, 37, 51], [0, 3, 11, 15, 16, 18, 19]]
[[2, 6, 5, 30, 37, 51], [0, 1, 6, 7, 10, 11, 12, 15, 16, 18, 19]]
[[2, 6, 5, 18, 42, 69], [0, 1, 3, 4, 5, 6, 12, 13, 14, 15, 16]]
[[2, 6, 5, 18, 42, 69], [0, 1, 5, 6, 8, 10, 12, 13, 14, 15, 16]]
[[2, 6, 5, 18, 42, 69], [0, 1, 2, 4, 5, 6, 7, 8, 10, 12, 13, 15, 19]]
[[2, 6, 5, 18, 42, 69], [0, 1, 2, 3, 5, 6, 8, 9, 12, 13, 14, 15, 16]]
[[2, 6, 5, 18, 42, 69], [0, 1, 2, 3, 4, 5, 6, 7, 8, 9, 12, 13, 14, 15, 19]]
[[2, 6, 5, 18, 42, 69], [0, 1, 4, 6, 9, 10, 12, 13, 14, 15, 16]]
[[2, 6, 5, 18, 42, 69], [0, 1, 3, 6, 7, 9, 12, 13, 14, 15, 19]]
[[2, 6, 5, 18, 42, 69], [0, 1, 2, 5, 6, 7, 10, 12, 13, 15, 19]]
[[2, 6, 5, 18, 27, 93], [0, 2, 5, 6, 7, 9, 11, 12, 14, 15, 17, 18, 19]]
[[2, 6, 5, 18, 27, 93], [0, 2, 3, 4, 5, 6, 7, 10, 11, 12, 13, 15, 16, 17, 19]]
[[2, 6, 5, 18, 27, 93], [0, 1, 2, 4, 5, 6, 7, 8, 10, 11, 12, 15, 17, 18, 19]]
[[2, 6, 5, 18, 27, 93], [0, 1, 2, 3, 5, 6, 7, 8, 11, 12, 13, 15, 16, 17, 19]]
[[2, 6, 5, 18, 27, 93], [0, 2, 3, 4, 5, 6, 8, 10, 11, 15, 17, 18, 19]]
[[2, 6, 5, 18, 27, 93], [0, 1, 4, 6, 9, 10, 11, 13, 14, 15, 16, 17, 19]]
[[2, 6, 5, 18, 27, 93], [0, 1, 3, 6, 9, 11, 14, 15, 17, 18, 19]]
[[2, 6, 5, 18, 27, 93], [0, 2, 5, 6, 8, 9, 11, 13, 14, 15, 16, 17, 19]]
