[0, 0, 0, 20, 15, 90, 4]
[0, 0, 9, 24, 30, 105, 4]
[0, 0, 12, 24, 30, 84, 1]
[0, 0, 15, 24, 30, 57, 4]
[0, 0, 18, 24, 30, 24, 1]
[0, 0, 18, 28, 45, 66, 4]
[0, 2, 3, 30, 25, 107, 4]
[0, 2, 6, 30, 20, 98, 3]
[0, 2, 9, 30, 15, 83, 4]
[0, 2, 9, 34, 30, 119, 2]
[0, 2, 12, 34, 25, 98, 4]
[0, 2, 15, 34, 20, 71, 2]
[0, 2, 15, 38, 35, 107, 4]
[0, 2, 18, 34, 15, 38, 4]
[0, 2, 18, 38, 30, 74, 3]
[0, 2, 21, 42, 40, 71, 2]
[0, 2, 24, 46, 50, 62, 3]
[0, 4, 0, 32, 30, 76, 1]
[0, 4, 3, 24, 0, 73, 4]
[0, 4, 3, 36, 35, 103, 3]
[0, 4, 6, 36, 25, 94, 4]
[0, 4, 9, 36, 15, 79, 3]
[0, 4, 9, 40, 30, 109, 4]
[0, 4, 12, 36, 5, 58, 4]
[0, 4, 12, 40, 20, 88, 1]
[0, 4, 15, 40, 10, 61, 4]
[0, 4, 15, 44, 25, 91, 3]
[0, 4, 18, 48, 30, 88, 1]
[0, 6, 0, 34, 45, 66, 4]
[0, 6, 0, 38, 60, 90, 3]
[0, 6, 3, 26, 10, 75, 2]
[0, 6, 3, 34, 30, 63, 2]
[0, 6, 3, 38, 45, 87, 4]
[0, 6, 6, 34, 15, 54, 4]
[0, 6, 6, 38, 30, 78, 3]
[0, 6, 6, 42, 45, 102, 4]
[0, 6, 9, 34, 0, 39, 2]
[0, 6, 9, 42, 30, 87, 2]
[0, 6, 12, 38, 0, 42, 3]
[0, 6, 12, 42, 15, 66, 4]
[0, 6, 12, 46, 30, 90, 3]
[0, 6, 15, 46, 15, 63, 4]
[0, 6, 15, 50, 30, 87, 2]
[0, 8, 0, 20, 25, 62, 4]
[0, 8, 0, 28, 45, 38, 4]
[0, 8, 0, 32, 60, 56, 1]
[0, 8, 3, 24, 20, 77, 4]
[0, 8, 3, 32, 40, 53, 4]
[0, 8, 3, 36, 55, 71, 3]
[0, 8, 3, 40, 70, 89, 4]
[0, 8, 6, 32, 20, 44, 1]
[0, 8, 6, 36, 35, 62, 4]
[0, 8, 6, 40, 50, 80, 1]
[0, 8, 9, 32, 0, 29, 4]
[0, 8, 9, 36, 15, 47, 3]
[0, 8, 9, 40, 30, 65, 4]
[0, 8, 9, 44, 45, 83, 3]
[0, 8, 12, 40, 10, 44, 1]
[0, 8, 12, 44, 25, 62, 4]
[0, 8, 12, 48, 40, 80, 1]
[0, 8, 15, 48, 20, 53, 4]
[0, 10, 0, 10, 25, 70, 4]
[0, 10, 0, 14, 40, 82, 3]
[0, 10, 3, 18, 30, 91, 2]
[0, 10, 3, 22, 35, 43, 4]
[0, 10, 3, 26, 50, 55, 2]
[0, 10, 6, 22, 10, 34, 3]
[0, 10, 6, 26, 25, 46, 4]
[0, 10, 6, 30, 40, 58, 3]
[0, 10, 6, 34, 55, 70, 4]
[0, 10, 6, 38, 70, 82, 3]
[0, 10, 9, 30, 15, 43, 4]
[0, 10, 9, 34, 30, 55, 2]
[0, 10, 9, 38, 45, 67, 4]
[0, 10, 9, 42, 60, 79, 2]
[0, 10, 12, 38, 20, 46, 3]
[0, 10, 12, 42, 35, 58, 4]
[0, 10, 12, 46, 50, 70, 3]
[0, 10, 15, 46, 25, 43, 4]
[0, 10, 15, 50, 40, 55, 2]
[1, 1, 1, 21, 21, 73, 4]
[1, 1, 1, 33, 41, 97, 0]
[1, 1, 4, 29, 41, 94, 4]
[1, 1, 7, 5, 11, 61, 4]
[1, 1, 7, 25, 41, 85, 0]
[1, 1, 7, 29, 51, 109, 4]
[1, 1, 10, 1, 11, 46, 3]
[1, 1, 10, 13, 31, 70, 4]
[1, 1, 10, 21, 41, 70, 4]
[1, 1, 10, 25, 51, 94, 3]
[1, 1, 13, 17, 41, 49, 0]
[1, 1, 13, 21, 51, 73, 4]
[1, 1, 13, 25, 61, 97, 0]
[1, 3, 1, 27, 21, 81, 4]
[1, 3, 1, 35, 31, 69, 4]
[1, 3, 1, 39, 41, 87, 2]
[1, 3, 4, 23, 16, 84, 3]
[1, 3, 4, 35, 36, 90, 4]
[1, 3, 4, 39, 46, 108, 3]
[1, 3, 7, 11, 1, 93, 4]
[1, 3, 7, 19, 11, 81, 4]
[1, 3, 7, 23, 21, 99, 2]
[1, 3, 7, 31, 31, 87, 2]
[1, 3, 7, 35, 41, 105, 4]
[1, 3, 7, 39, 51, 123, 2]
[1, 3, 10, 19, 16, 90, 4]
[1, 3, 10, 27, 26, 78, 4]
[1, 3, 10, 31, 36, 96, 3]
[1, 3, 10, 35, 46, 114, 4]
[1, 3, 13, 15, 11, 75, 2]
[1, 3, 13, 19, 21, 93, 4]
[1, 3, 13, 23, 21, 63, 2]
[1, 3, 13, 27, 31, 81, 4]
[1, 3, 13, 31, 41, 99, 2]
[1, 3, 13, 35, 51, 117, 4]
[1, 3, 16, 19, 16, 42, 4]
[1, 3, 16, 23, 26, 60, 3]
[1, 3, 16, 27, 36, 78, 4]
[1, 3, 16, 31, 46, 96, 3]
[1, 3, 19, 19, 21, 33, 4]
[1, 3, 19, 23, 31, 51, 2]
[1, 3, 19, 27, 41, 69, 4]
[1, 3, 19, 31, 51, 87, 2]
[1, 5, 1, 17, 1, 89, 0]
[1, 5, 1, 29, 21, 77, 4]
[1, 5, 1, 41, 41, 65, 0]
[1, 5, 4, 17, 1, 110, 3]
[1, 5, 4, 25, 11, 86, 3]
[1, 5, 4, 29, 21, 98, 4]
[1, 5, 4, 33, 21, 62, 3]
[1, 5, 4, 37, 31, 74, 4]
[1, 5, 4, 41, 41, 86, 3]
[1, 5, 4, 45, 51, 98, 4]
[1, 5, 7, 21, 1, 89, 4]
[1, 5, 7, 25, 11, 101, 0]
[1, 5, 7, 29, 11, 65, 4]
[1, 5, 7, 33, 21, 77, 0]
[1, 5, 7, 37, 31, 89, 4]
[1, 5, 7, 41, 41, 101, 0]
[1, 5, 7, 45, 51, 113, 4]
[1, 5, 10, 25, 11, 110, 3]
[1, 5, 10, 29, 11, 74, 4]
[1, 5, 10, 33, 21, 86, 3]
[1, 5, 10, 37, 31, 98, 4]
[1, 5, 10, 41, 41, 110, 3]
[1, 5, 13, 25, 1, 65, 0]
[1, 5, 13, 29, 11, 77, 4]
[1, 5, 13, 33, 21, 89, 0]
[1, 5, 13, 37, 31, 101, 4]
[1, 5, 13, 41, 41, 113, 0]
[1, 5, 16, 25, 1, 62, 3]
[1, 5, 16, 29, 11, 74, 4]
[1, 5, 16, 33, 21, 86, 3]
[1, 5, 16, 37, 31, 98, 4]
[1, 5, 16, 41, 41, 110, 3]
[1, 5, 19, 29, 11, 65, 4]
[1, 5, 19, 33, 21, 77, 0]
[1, 5, 19, 37, 31, 89, 4]
[1, 5, 19, 41, 41, 101, 0]
[1, 5, 22, 33, 21, 62, 3]
[1, 5, 22, 37, 31, 74, 4]
[1, 5, 22, 41, 41, 86, 3]
[1, 5, 25, 37, 31, 53, 4]
[1, 5, 25, 41, 41, 65, 0]
[1, 7, 1, 19, 11, 109, 4]
[1, 7, 1, 23, 11, 67, 2]
[1, 7, 1, 27, 21, 73, 4]
[1, 7, 1, 31, 31, 79, 2]
[1, 7, 1, 35, 31, 37, 4]
[1, 7, 1, 39, 41, 43, 2]
[1, 7, 1, 43, 51, 49, 4]
[1, 7, 1, 47, 61, 55, 2]
[1, 7, 4, 23, 6, 88, 3]
[1, 7, 4, 27, 16, 94, 4]
[1, 7, 4, 31, 16, 52, 3]
[1, 7, 4, 35, 26, 58, 4]
[1, 7, 4, 39, 36, 64, 3]
[1, 7, 4, 43, 46, 70, 4]
[1, 7, 4, 47, 56, 76, 3]
[1, 7, 7, 27, 1, 61, 4]
[1, 7, 7, 27, 11, 109, 4]
[1, 7, 7, 31, 11, 67, 2]
[1, 7, 7, 35, 21, 73, 4]
[1, 7, 7, 39, 31, 79, 2]
[1, 7, 7, 47, 51, 91, 2]
[1, 7, 10, 31, 6, 76, 3]
[1, 7, 10, 35, 16, 82, 4]
[1, 7, 10, 39, 26, 88, 3]
[1, 7, 10, 43, 36, 94, 4]
[1, 7, 10, 47, 46, 100, 3]
[1, 7, 13, 31, 1, 79, 2]
[1, 7, 13, 35, 11, 85, 4]
[1, 7, 13, 39, 21, 91, 2]
[1, 7, 13, 43, 31, 97, 4]
[1, 7, 13, 47, 41, 103, 2]
[1, 7, 16, 35, 6, 82, 4]
[1, 7, 16, 39, 16, 88, 3]
[1, 7, 16, 43, 26, 94, 4]
[1, 7, 16, 47, 36, 100, 3]
[1, 7, 19, 39, 11, 79, 2]
[1, 7, 19, 43, 21, 85, 4]
[1, 7, 19, 47, 31, 91, 2]
[1, 7, 22, 43, 16, 70, 4]
[1, 7, 22, 47, 26, 76, 3]
[1, 7, 25, 47, 21, 55, 2]
[1, 9, 1, 21, 21, 81, 4]
[1, 9, 1, 25, 21, 33, 0]
[1, 9, 1, 25, 31, 81, 0]
[1, 9, 1, 29, 31, 33, 4]
[1, 9, 1, 29, 41, 81, 4]
[1, 9, 1, 33, 41, 33, 0]
[1, 9, 1, 37, 51, 33, 4]
[1, 9, 4, 25, 11, 54, 3]
[1, 9, 4, 25, 21, 102, 3]
[1, 9, 4, 29, 21, 54, 4]
[1, 9, 4, 33, 31, 54, 3]
[1, 9, 4, 37, 41, 54, 4]
[1, 9, 4, 41, 51, 54, 3]
[1, 9, 4, 45, 61, 54, 4]
[1, 9, 4, 49, 71, 54, 3]
[1, 9, 7, 29, 11, 69, 4]
[1, 9, 7, 33, 21, 69, 0]
[1, 9, 7, 37, 31, 69, 4]
[1, 9, 7, 41, 41, 69, 0]
[1, 9, 7, 45, 51, 69, 4]
[1, 9, 7, 49, 61, 69, 0]
[1, 9, 10, 33, 11, 78, 3]
[1, 9, 10, 37, 21, 78, 4]
[1, 9, 10, 41, 31, 78, 3]
[1, 9, 10, 45, 41, 78, 4]
[1, 9, 13, 37, 11, 81, 4]
[1, 9, 13, 41, 21, 81, 0]
[1, 9, 13, 49, 41, 81, 0]
[1, 9, 16, 41, 11, 78, 3]
[1, 9, 16, 45, 21, 78, 4]
[1, 9, 19, 45, 11, 69, 4]
[1, 9, 19, 49, 21, 69, 0]
[1, 9, 22, 49, 11, 54, 3]
[2, 2, 2, 2, 17, 74, 4]
[2, 2, 2, 14, 22, 74, 3]
[2, 2, 2, 22, 22, 62, 3]
[2, 2, 2, 26, 27, 74, 4]
[2, 2, 2, 34, 27, 62, 4]
[2, 2, 2, 38, 32, 74, 3]
[2, 2, 2, 42, 27, 50, 4]
[2, 2, 2, 46, 32, 62, 3]
[2, 2, 2, 50, 37, 74, 4]
[2, 2, 5, 6, 27, 71, 4]
[2, 2, 5, 14, 27, 59, 4]
[2, 2, 5, 18, 32, 71, 2]
[2, 2, 5, 26, 32, 59, 2]
[2, 2, 5, 30, 37, 71, 4]
[2, 2, 5, 34, 32, 47, 2]
[2, 2, 5, 38, 37, 59, 4]
[2, 2, 5, 42, 42, 71, 2]
[2, 2, 5, 46, 47, 83, 4]
[2, 2, 5, 50, 52, 95, 2]
[2, 2, 8, 6, 32, 50, 3]
[2, 2, 8, 10, 37, 62, 4]
[2, 2, 8, 18, 37, 50, 4]
[2, 2, 8, 22, 42, 62, 3]
[2, 2, 8, 26, 37, 38, 4]
[2, 2, 8, 26, 47, 74, 4]
[2, 2, 8, 30, 42, 50, 3]
[2, 2, 8, 34, 47, 62, 4]
[2, 2, 8, 38, 52, 74, 3]
[2, 2, 8, 42, 57, 86, 4]
[2, 2, 11, 18, 42, 23, 2]
[2, 2, 11, 22, 47, 35, 4]
[2, 2, 11, 26, 52, 47, 2]
[2, 2, 11, 30, 57, 59, 4]
[2, 2, 11, 34, 62, 71, 2]
[2, 2, 11, 38, 67, 83, 4]
[2, 2, 14, 34, 77, 74, 4]
[2, 4, 2, 12, 17, 106, 4]
[2, 4, 2, 20, 17, 82, 4]
[2, 4, 2, 24, 22, 88, 1]
[2, 4, 2, 28, 17, 58, 4]
[2, 4, 2, 32, 22, 64, 1]
[2, 4, 2, 36, 27, 70, 4]
[2, 4, 2, 40, 22, 40, 1]
[2, 4, 2, 40, 32, 76, 1]
[2, 4, 2, 44, 27, 46, 4]
[2, 4, 2, 48, 32, 52, 1]
[2, 4, 5, 8, 22, 121, 4]
[2, 4, 5, 12, 17, 91, 3]
[2, 4, 5, 16, 22, 97, 4]
[2, 4, 5, 20, 27, 103, 3]
[2, 4, 5, 24, 22, 73, 4]
[2, 4, 5, 28, 27, 79, 3]
[2, 4, 5, 32, 22, 49, 4]
[2, 4, 5, 32, 32, 85, 4]
[2, 4, 5, 36, 27, 55, 3]
[2, 4, 5, 36, 37, 91, 3]
[2, 4, 5, 40, 32, 61, 4]
[2, 4, 5, 44, 37, 67, 3]
[2, 4, 5, 48, 42, 73, 4]
[2, 4, 8, 8, 22, 100, 1]
[2, 4, 8, 12, 27, 106, 4]
[2, 4, 8, 16, 22, 76, 1]
[2, 4, 8, 20, 27, 82, 4]
[2, 4, 8, 24, 22, 52, 1]
[2, 4, 8, 24, 32, 88, 1]
[2, 4, 8, 28, 27, 58, 4]
[2, 4, 8, 28, 37, 94, 4]
[2, 4, 8, 32, 32, 64, 1]
[2, 4, 8, 36, 37, 70, 4]
[2, 4, 8, 40, 42, 76, 1]
[2, 4, 8, 44, 47, 82, 4]
[2, 4, 8, 48, 52, 88, 1]
[2, 4, 11, 8, 22, 73, 4]
[2, 4, 11, 8, 32, 109, 4]
[2, 4, 11, 12, 27, 79, 3]
[2, 4, 11, 16, 22, 49, 4]
[2, 4, 11, 16, 32, 85, 4]
[2, 4, 11, 20, 27, 55, 3]
[2, 4, 11, 20, 37, 91, 3]
[2, 4, 11, 24, 32, 61, 4]
[2, 4, 11, 24, 42, 97, 4]
[2, 4, 11, 28, 37, 67, 3]
[2, 4, 11, 32, 42, 73, 4]
[2, 4, 11, 36, 47, 79, 3]
[2, 4, 11, 40, 52, 85, 4]
[2, 4, 11, 44, 57, 91, 3]
[2, 4, 14, 8, 22, 40, 1]
[2, 4, 14, 12, 27, 46, 4]
[2, 4, 14, 12, 37, 82, 4]
[2, 4, 14, 16, 32, 52, 1]
[2, 4, 14, 16, 42, 88, 1]
[2, 4, 14, 20, 37, 58, 4]
[2, 4, 14, 24, 42, 64, 1]
[2, 4, 14, 28, 47, 70, 4]
[2, 4, 14, 32, 52, 76, 1]
[2, 4, 14, 36, 57, 82, 4]
[2, 4, 14, 40, 62, 88, 1]
[2, 4, 17, 24, 52, 61, 4]
[2, 4, 17, 28, 57, 67, 3]
[2, 4, 17, 32, 62, 73, 4]
[2, 4, 17, 36, 67, 79, 3]
[2, 6, 2, 14, 12, 114, 3]
[2, 6, 2, 18, 17, 114, 4]
[2, 6, 2, 22, 12, 78, 3]
[2, 6, 2, 22, 22, 114, 3]
[2, 6, 2, 26, 17, 78, 4]
[2, 6, 2, 30, 22, 78, 3]
[2, 6, 2, 34, 17, 42, 4]
[2, 6, 2, 34, 27, 78, 4]
[2, 6, 2, 38, 22, 42, 3]
[2, 6, 2, 38, 32, 78, 3]
[2, 6, 2, 42, 27, 42, 4]
[2, 6, 2, 46, 32, 42, 3]
[2, 6, 2, 50, 37, 42, 4]
[2, 6, 5, 14, 7, 99, 4]
[2, 6, 5, 18, 12, 99, 2]
[2, 6, 5, 22, 17, 99, 4]
[2, 6, 5, 26, 12, 63, 2]
[2, 6, 5, 26, 22, 99, 2]
[2, 6, 5, 30, 17, 63, 4]
[2, 6, 5, 30, 27, 99, 4]
[2, 6, 5, 34, 22, 63, 2]
[2, 6, 5, 34, 32, 99, 2]
[2, 6, 5, 38, 27, 63, 4]
[2, 6, 5, 42, 32, 63, 2]
[2, 6, 5, 46, 37, 63, 4]
[2, 6, 5, 50, 42, 63, 2]
[2, 6, 8, 18, 7, 78, 4]
[2, 6, 8, 18, 17, 114, 4]
[2, 6, 8, 22, 12, 78, 3]
[2, 6, 8, 22, 22, 114, 3]
[2, 6, 8, 26, 17, 78, 4]
[2, 6, 8, 26, 27, 114, 4]
[2, 6, 8, 30, 22, 78, 3]
[2, 6, 8, 30, 32, 114, 3]
[2, 6, 8, 34, 27, 78, 4]
[2, 6, 8, 38, 32, 78, 3]
[2, 6, 8, 42, 37, 78, 4]
[2, 6, 8, 46, 42, 78, 3]
[2, 6, 8, 50, 47, 78, 4]
[2, 6, 11, 14, 7, 87, 4]
[2, 6, 11, 18, 12, 87, 2]
[2, 6, 11, 18, 22, 123, 2]
[2, 6, 11, 22, 7, 51, 4]
[2, 6, 11, 22, 17, 87, 4]
[2, 6, 11, 22, 27, 123, 4]
[2, 6, 11, 26, 22, 87, 2]
[2, 6, 11, 30, 27, 87, 4]
[2, 6, 11, 34, 32, 87, 2]
[2, 6, 11, 38, 37, 87, 4]
[2, 6, 11, 42, 42, 87, 2]
[2, 6, 11, 46, 47, 87, 4]
[2, 6, 11, 50, 52, 87, 2]
[2, 6, 14, 14, 2, 54, 3]
[2, 6, 14, 18, 7, 54, 4]
[2, 6, 14, 18, 17, 90, 4]
[2, 6, 14, 22, 22, 90, 3]
[2, 6, 14, 26, 27, 90, 4]
[2, 6, 14, 30, 32, 90, 3]
[2, 6, 14, 34, 37, 90, 4]
[2, 6, 14, 38, 42, 90, 3]
[2, 6, 14, 42, 47, 90, 4]
[2, 6, 14, 46, 52, 90, 3]
[2, 6, 17, 14, 7, 51, 4]
[2, 6, 17, 18, 12, 51, 2]
[2, 6, 17, 18, 22, 87, 2]
[2, 6, 17, 22, 27, 87, 4]
[2, 6, 17, 26, 32, 87, 2]
[2, 6, 17, 30, 37, 87, 4]
[2, 6, 17, 34, 42, 87, 2]
[2, 6, 17, 38, 47, 87, 4]
[2, 6, 17, 42, 52, 87, 2]
[2, 6, 20, 14, 12, 42, 3]
[2, 6, 20, 22, 32, 78, 3]
[2, 6, 20, 26, 37, 78, 4]
[2, 6, 20, 30, 42, 78, 3]
[2, 6, 20, 34, 47, 78, 4]
[2, 6, 20, 38, 52, 78, 3]
[2, 6, 23, 26, 42, 63, 2]
[2, 6, 23, 30, 47, 63, 4]
[2, 6, 23, 34, 52, 63, 2]
[2, 8, 2, 20, 7, 74, 4]
[2, 8, 2, 20, 17, 110, 4]
[2, 8, 2, 24, 12, 68, 1]
[2, 8, 2, 24, 22, 104, 1]
[2, 8, 2, 28, 17, 62, 4]
[2, 8, 2, 28, 27, 98, 4]
[2, 8, 2, 32, 12, 20, 1]
[2, 8, 2, 32, 22, 56, 1]
[2, 8, 2, 32, 32, 92, 1]
[2, 8, 2, 36, 27, 50, 4]
[2, 8, 2, 36, 37, 86, 4]
[2, 8, 2, 40, 32, 44, 1]
[2, 8, 2, 44, 37, 38, 4]
[2, 8, 2, 48, 42, 32, 1]
[2, 8, 5, 20, 7, 95, 3]
[2, 8, 5, 24, 2, 53, 4]
[2, 8, 5, 24, 12, 89, 4]
[2, 8, 5, 24, 22, 125, 4]
[2, 8, 5, 28, 7, 47, 3]
[2, 8, 5, 28, 17, 83, 3]
[2, 8, 5, 28, 27, 119, 3]
[2, 8, 5, 32, 12, 41, 4]
[2, 8, 5, 32, 22, 77, 4]
[2, 8, 5, 32, 32, 113, 4]
[2, 8, 5, 36, 27, 71, 3]
[2, 8, 5, 40, 32, 65, 4]
[2, 8, 5, 44, 37, 59, 3]
[2, 8, 5, 48, 42, 53, 4]
[2, 8, 8, 24, 2, 68, 1]
[2, 8, 8, 24, 12, 104, 1]
[2, 8, 8, 28, 7, 62, 4]
[2, 8, 8, 28, 17, 98, 4]
[2, 8, 8, 32, 22, 92, 1]
[2, 8, 8, 36, 27, 86, 4]
[2, 8, 8, 40, 32, 80, 1]
[2, 8, 8, 44, 37, 74, 4]
[2, 8, 8, 48, 42, 68, 1]
[2, 8, 11, 24, 2, 77, 4]
[2, 8, 11, 24, 12, 113, 4]
[2, 8, 11, 28, 7, 71, 3]
[2, 8, 11, 28, 17, 107, 3]
[2, 8, 11, 32, 22, 101, 4]
[2, 8, 11, 36, 27, 95, 3]
[2, 8, 11, 40, 32, 89, 4]
[2, 8, 11, 44, 37, 83, 3]
[2, 8, 11, 48, 42, 77, 4]
[2, 8, 14, 24, 2, 80, 1]
[2, 8, 14, 28, 17, 110, 4]
[2, 8, 14, 32, 22, 104, 1]
[2, 8, 14, 36, 27, 98, 4]
[2, 8, 14, 40, 32, 92, 1]
[2, 8, 14, 44, 37, 86, 4]
[2, 8, 14, 48, 42, 80, 1]
[2, 8, 17, 24, 2, 77, 4]
[2, 8, 17, 32, 22, 101, 4]
[2, 8, 17, 36, 27, 95, 3]
[2, 8, 17, 40, 32, 89, 4]
[2, 8, 17, 44, 37, 83, 3]
[2, 8, 20, 24, 2, 68, 1]
[2, 8, 20, 32, 22, 92, 1]
[2, 8, 20, 36, 27, 86, 4]
[2, 8, 20, 40, 32, 80, 1]
[2, 8, 23, 24, 2, 53, 4]
[2, 8, 23, 32, 22, 77, 4]
[2, 8, 23, 36, 27, 71, 3]
[2, 8, 26, 32, 22, 56, 1]
[2, 10, 2, 18, 7, 70, 4]
[2, 10, 2, 22, 12, 58, 3]
[2, 10, 2, 22, 22, 94, 3]
[2, 10, 2, 26, 17, 46, 4]
[2, 10, 2, 26, 27, 82, 4]
[2, 10, 2, 26, 37, 118, 4]
[2, 10, 2, 30, 22, 34, 3]
[2, 10, 2, 30, 32, 70, 3]
[2, 10, 2, 30, 42, 106, 3]
[2, 10, 2, 34, 27, 22, 4]
[2, 10, 2, 34, 37, 58, 4]
[2, 10, 2, 38, 32, 10, 3]
[2, 10, 2, 38, 42, 46, 3]
[2, 10, 5, 22, 7, 79, 4]
[2, 10, 5, 26, 12, 67, 2]
[2, 10, 5, 26, 22, 103, 2]
[2, 10, 5, 30, 17, 55, 4]
[2, 10, 5, 30, 27, 91, 4]
[2, 10, 5, 34, 22, 43, 2]
[2, 10, 5, 34, 32, 79, 2]
[2, 10, 5, 38, 37, 67, 4]
[2, 10, 5, 42, 42, 55, 2]
[2, 10, 5, 46, 47, 43, 4]
[2, 10, 5, 50, 52, 31, 2]
[2, 10, 8, 26, 7, 82, 4]
[2, 10, 8, 30, 12, 70, 3]
[2, 10, 8, 30, 22, 106, 3]
[2, 10, 8, 34, 17, 58, 4]
[2, 10, 8, 34, 27, 94, 4]
[2, 10, 8, 38, 32, 82, 3]
[2, 10, 8, 42, 37, 70, 4]
[2, 10, 8, 46, 42, 58, 3]
[2, 10, 8, 50, 47, 46, 4]
[2, 10, 11, 26, 2, 91, 2]
[2, 10, 11, 30, 7, 79, 4]
[2, 10, 11, 34, 22, 103, 2]
[2, 10, 11, 38, 27, 91, 4]
[2, 10, 11, 42, 32, 79, 2]
[2, 10, 11, 50, 42, 55, 2]
[2, 10, 14, 30, 2, 82, 3]
[2, 10, 14, 34, 17, 106, 4]
[2, 10, 14, 38, 22, 94, 3]
[2, 10, 14, 42, 27, 82, 4]
[2, 10, 14, 46, 32, 70, 3]
[2, 10, 17, 38, 17, 91, 4]
[2, 10, 17, 42, 22, 79, 2]
[2, 10, 20, 38, 12, 82, 3]
[2, 10, 20, 42, 17, 70, 4]
[2, 10, 23, 38, 7, 67, 4]
[2, 10, 26, 38, 2, 46, 3]
