[0, 4, 0, 12, 40, 64, 4]
[0, 6, 6, 14, 40, 90, 2]
[0, 6, 9, 14, 40, 75, 5]
[0, 6, 12, 14, 40, 54, 2]
[0, 8, 0, 16, 35, 80, 5]
[0, 8, 0, 20, 40, 68, 4]
[0, 8, 3, 12, 25, 89, 5]
[0, 8, 3, 16, 30, 77, 3]
[0, 8, 3, 20, 35, 65, 5]
[0, 8, 3, 24, 40, 53, 3]
[0, 8, 6, 12, 20, 80, 4]
[0, 8, 6, 16, 25, 68, 5]
[0, 8, 6, 20, 30, 56, 4]
[0, 8, 9, 12, 15, 65, 5]
[0, 8, 9, 16, 30, 101, 3]
[0, 8, 9, 20, 35, 89, 5]
[0, 8, 9, 24, 40, 77, 3]
[0, 8, 12, 16, 25, 80, 5]
[0, 8, 12, 20, 30, 68, 4]
[0, 8, 15, 16, 20, 53, 3]
[0, 8, 15, 20, 35, 89, 5]
[0, 8, 15, 24, 40, 77, 3]
[0, 8, 18, 20, 30, 56, 4]
[0, 8, 21, 24, 40, 53, 3]
[0, 10, 0, 14, 30, 58, 2]
[0, 10, 3, 14, 30, 103, 5]
[0, 10, 3, 18, 35, 85, 4]
[0, 10, 3, 22, 40, 67, 5]
[0, 10, 6, 18, 25, 76, 5]
[0, 10, 6, 22, 30, 58, 2]
[0, 10, 9, 18, 15, 61, 4]
[0, 10, 9, 22, 30, 91, 5]
[0, 10, 9, 26, 35, 73, 4]
[0, 10, 12, 18, 5, 40, 5]
[0, 10, 12, 22, 20, 70, 2]
[0, 10, 12, 30, 40, 82, 2]
[0, 10, 15, 22, 10, 43, 5]
[0, 10, 15, 26, 25, 73, 4]
[0, 10, 18, 30, 30, 70, 2]
[0, 12, 0, 12, 40, 72, 4]
[0, 12, 3, 16, 30, 45, 3]
[0, 12, 3, 16, 40, 93, 3]
[0, 12, 6, 16, 15, 36, 5]
[0, 12, 6, 20, 30, 60, 4]
[0, 12, 9, 20, 15, 45, 5]
[0, 12, 9, 24, 30, 69, 3]
[0, 12, 12, 20, 0, 24, 4]
[0, 12, 12, 24, 15, 48, 5]
[0, 12, 12, 28, 30, 72, 4]
[0, 12, 15, 28, 15, 45, 5]
[0, 12, 15, 32, 30, 69, 3]
[0, 14, 3, 14, 40, 35, 5]
[0, 14, 6, 14, 20, 26, 2]
[0, 14, 6, 18, 35, 44, 5]
[0, 14, 9, 18, 15, 29, 4]
[0, 14, 9, 22, 30, 47, 5]
[0, 14, 12, 22, 10, 26, 2]
[0, 14, 12, 26, 25, 44, 5]
[0, 14, 12, 30, 40, 62, 2]
[0, 14, 15, 30, 20, 35, 5]
[0, 16, 9, 16, 30, 37, 3]
[0, 16, 12, 20, 20, 28, 4]
[0, 16, 12, 24, 35, 40, 5]
[0, 16, 15, 28, 25, 25, 5]
[0, 16, 15, 32, 40, 37, 3]
[1, 5, 1, 13, 41, 53, 3]
[1, 5, 1, 17, 41, 47, 5]
[1, 7, 1, 11, 41, 91, 5]
[1, 7, 1, 19, 41, 67, 5]
[1, 7, 1, 27, 41, 43, 5]
[1, 7, 4, 11, 41, 76, 5]
[1, 7, 4, 15, 41, 64, 4]
[1, 7, 4, 19, 41, 52, 5]
[1, 7, 4, 23, 41, 40, 4]
[1, 7, 7, 11, 41, 55, 5]
[1, 9, 1, 13, 31, 69, 3]
[1, 9, 1, 13, 41, 105, 3]
[1, 9, 1, 17, 31, 51, 5]
[1, 9, 1, 17, 41, 87, 5]
[1, 9, 1, 21, 41, 69, 3]
[1, 9, 1, 25, 41, 51, 5]
[1, 9, 1, 29, 41, 33, 3]
[1, 9, 4, 13, 36, 90, 4]
[1, 9, 4, 17, 36, 72, 5]
[1, 9, 4, 21, 36, 54, 4]
[1, 9, 4, 25, 36, 36, 5]
[1, 9, 7, 13, 31, 69, 3]
[1, 9, 7, 13, 41, 105, 3]
[1, 9, 7, 17, 31, 51, 5]
[1, 9, 7, 17, 41, 87, 5]
[1, 9, 7, 21, 41, 69, 3]
[1, 9, 7, 25, 41, 51, 5]
[1, 9, 10, 13, 26, 42, 4]
[1, 9, 10, 13, 36, 78, 4]
[1, 9, 10, 17, 36, 60, 5]
[1, 9, 13, 13, 41, 81, 3]
[1, 9, 13, 17, 41, 63, 5]
[1, 11, 1, 11, 31, 83, 5]
[1, 11, 1, 19, 31, 35, 5]
[1, 11, 1, 19, 41, 71, 5]
[1, 11, 1, 27, 41, 23, 5]
[1, 11, 4, 11, 21, 68, 5]
[1, 11, 4, 15, 21, 44, 4]
[1, 11, 4, 15, 31, 80, 4]
[1, 11, 4, 19, 31, 56, 5]
[1, 11, 4, 19, 41, 92, 5]
[1, 11, 4, 23, 31, 32, 4]
[1, 11, 4, 23, 41, 68, 4]
[1, 11, 4, 27, 41, 44, 5]
[1, 11, 7, 11, 11, 47, 5]
[1, 11, 7, 11, 21, 83, 5]
[1, 11, 7, 19, 31, 71, 5]
[1, 11, 7, 19, 41, 107, 5]
[1, 11, 7, 27, 41, 59, 5]
[1, 11, 10, 11, 11, 56, 5]
[1, 11, 10, 15, 21, 68, 4]
[1, 11, 10, 15, 31, 104, 4]
[1, 11, 10, 19, 31, 80, 5]
[1, 11, 10, 23, 41, 92, 4]
[1, 11, 10, 27, 41, 68, 5]
[1, 11, 13, 11, 11, 59, 5]
[1, 11, 13, 19, 31, 83, 5]
[1, 11, 16, 11, 11, 56, 5]
[1, 11, 16, 15, 21, 68, 4]
[1, 11, 16, 19, 31, 80, 5]
[1, 11, 16, 23, 41, 92, 4]
[1, 11, 19, 11, 11, 47, 5]
[1, 11, 19, 19, 31, 71, 5]
[1, 11, 22, 15, 21, 44, 4]
[1, 11, 22, 19, 31, 56, 5]
[1, 11, 22, 23, 41, 68, 4]
[1, 11, 25, 19, 31, 35, 5]
[1, 13, 1, 13, 31, 49, 3]
[1, 13, 1, 13, 41, 85, 3]
[1, 13, 1, 17, 41, 55, 5]
[1, 13, 1, 21, 41, 25, 3]
[1, 13, 4, 13, 16, 34, 4]
[1, 13, 4, 13, 26, 70, 4]
[1, 13, 4, 17, 26, 40, 5]
[1, 13, 4, 17, 36, 76, 5]
[1, 13, 4, 21, 36, 46, 4]
[1, 13, 7, 13, 11, 49, 3]
[1, 13, 7, 17, 21, 55, 5]
[1, 13, 7, 17, 31, 91, 5]
[1, 13, 7, 21, 31, 61, 3]
[1, 13, 7, 21, 41, 97, 3]
[1, 13, 7, 25, 41, 67, 5]
[1, 13, 10, 13, 6, 58, 4]
[1, 13, 10, 17, 16, 64, 5]
[1, 13, 10, 21, 26, 70, 4]
[1, 13, 10, 25, 36, 76, 5]
[1, 13, 13, 13, 1, 61, 3]
[1, 13, 13, 17, 11, 67, 5]
[1, 13, 13, 21, 21, 73, 3]
[1, 13, 13, 25, 31, 79, 5]
[1, 13, 13, 29, 41, 85, 3]
[1, 13, 16, 17, 6, 64, 5]
[1, 13, 16, 21, 16, 70, 4]
[1, 13, 16, 25, 26, 76, 5]
[1, 13, 16, 29, 36, 82, 4]
[1, 13, 19, 21, 11, 61, 3]
[1, 13, 19, 25, 21, 67, 5]
[1, 13, 19, 29, 31, 73, 3]
[1, 13, 22, 25, 16, 52, 5]
[1, 13, 22, 29, 26, 58, 4]
[1, 13, 25, 29, 21, 37, 3]
[1, 15, 4, 15, 31, 36, 4]
[1, 15, 4, 15, 41, 72, 4]
[1, 15, 4, 19, 41, 36, 5]
[1, 15, 7, 19, 31, 51, 5]
[1, 15, 10, 15, 11, 60, 4]
[1, 15, 10, 19, 21, 60, 5]
[1, 15, 10, 23, 31, 60, 4]
[1, 15, 10, 27, 41, 60, 5]
[1, 15, 13, 19, 11, 63, 5]
[1, 15, 13, 27, 31, 63, 5]
[1, 15, 16, 23, 11, 60, 4]
[1, 15, 16, 27, 21, 60, 5]
[1, 15, 16, 31, 31, 60, 4]
[1, 15, 19, 27, 11, 51, 5]
[1, 15, 22, 31, 11, 36, 4]
[2, 2, 2, 22, 32, 62, 2]
[2, 2, 2, 26, 27, 68, 5]
[2, 2, 2, 30, 22, 74, 2]
[2, 2, 5, 22, 42, 35, 5]
[2, 2, 5, 26, 37, 41, 4]
[2, 2, 5, 30, 32, 47, 5]
[2, 2, 5, 30, 42, 71, 5]
[2, 4, 2, 12, 42, 40, 4]
[2, 4, 2, 16, 37, 40, 5]
[2, 4, 2, 20, 32, 40, 4]
[2, 4, 2, 20, 42, 64, 4]
[2, 4, 2, 24, 37, 64, 5]
[2, 4, 2, 28, 32, 64, 4]
[2, 4, 2, 32, 27, 64, 5]
[2, 4, 5, 24, 42, 37, 3]
[2, 4, 5, 28, 37, 37, 5]
[2, 4, 5, 32, 32, 37, 3]
[2, 4, 5, 32, 42, 61, 3]
[2, 6, 2, 14, 42, 54, 2]
[2, 6, 2, 18, 37, 48, 5]
[2, 6, 2, 22, 32, 42, 2]
[2, 6, 2, 22, 42, 66, 2]
[2, 6, 2, 26, 27, 36, 5]
[2, 6, 2, 26, 37, 60, 5]
[2, 6, 2, 30, 22, 30, 2]
[2, 6, 2, 30, 32, 54, 2]
[2, 6, 2, 30, 42, 78, 2]
[2, 6, 5, 14, 42, 27, 5]
[2, 6, 5, 22, 42, 39, 5]
[2, 6, 5, 26, 37, 33, 4]
[2, 6, 5, 30, 32, 27, 5]
[2, 6, 5, 30, 42, 51, 5]
[2, 8, 2, 12, 42, 68, 4]
[2, 8, 2, 16, 37, 56, 5]
[2, 8, 2, 20, 32, 44, 4]
[2, 8, 2, 20, 42, 68, 4]
[2, 8, 2, 24, 27, 32, 5]
[2, 8, 2, 24, 37, 56, 5]
[2, 8, 2, 28, 32, 44, 4]
[2, 8, 2, 28, 42, 68, 4]
[2, 8, 2, 32, 27, 32, 5]
[2, 8, 2, 32, 37, 56, 5]
[2, 8, 5, 12, 37, 41, 5]
[2, 8, 5, 16, 32, 29, 3]
[2, 8, 5, 16, 42, 53, 3]
[2, 8, 5, 20, 37, 41, 5]
[2, 8, 5, 24, 32, 29, 3]
[2, 8, 5, 24, 42, 53, 3]
[2, 8, 5, 28, 37, 41, 5]
[2, 8, 5, 32, 32, 29, 3]
[2, 8, 5, 32, 42, 53, 3]
[2, 8, 8, 12, 42, 32, 4]
[2, 8, 8, 20, 42, 32, 4]
[2, 8, 8, 28, 42, 32, 4]
[2, 10, 2, 14, 32, 58, 2]
[2, 10, 2, 14, 42, 82, 2]
[2, 10, 2, 18, 27, 40, 5]
[2, 10, 2, 18, 37, 64, 5]
[2, 10, 2, 22, 32, 46, 2]
[2, 10, 2, 22, 42, 70, 2]
[2, 10, 2, 26, 27, 28, 5]
[2, 10, 2, 26, 37, 52, 5]
[2, 10, 2, 30, 32, 34, 2]
[2, 10, 2, 30, 42, 58, 2]
[2, 10, 5, 14, 22, 31, 5]
[2, 10, 5, 14, 32, 55, 5]
[2, 10, 5, 14, 42, 79, 5]
[2, 10, 5, 18, 27, 37, 4]
[2, 10, 5, 18, 37, 61, 4]
[2, 10, 5, 22, 32, 43, 5]
[2, 10, 5, 22, 42, 67, 5]
[2, 10, 5, 26, 37, 49, 4]
[2, 10, 5, 30, 32, 31, 5]
[2, 10, 5, 30, 42, 55, 5]
[2, 10, 8, 14, 32, 46, 2]
[2, 10, 8, 14, 42, 70, 2]
[2, 10, 8, 18, 37, 52, 5]
[2, 10, 8, 22, 42, 58, 2]
[2, 10, 8, 30, 42, 46, 2]
[2, 10, 11, 14, 42, 55, 5]
[2, 12, 2, 12, 22, 48, 4]
[2, 12, 2, 12, 32, 72, 4]
[2, 12, 2, 12, 42, 96, 4]
[2, 12, 2, 16, 17, 24, 5]
[2, 12, 2, 16, 27, 48, 5]
[2, 12, 2, 16, 37, 72, 5]
[2, 12, 2, 20, 22, 24, 4]
[2, 12, 2, 20, 32, 48, 4]
[2, 12, 2, 20, 42, 72, 4]
[2, 12, 2, 24, 27, 24, 5]
[2, 12, 2, 24, 37, 48, 5]
[2, 12, 2, 28, 32, 24, 4]
[2, 12, 2, 28, 42, 48, 4]
[2, 12, 2, 32, 37, 24, 5]
[2, 12, 5, 12, 17, 45, 5]
[2, 12, 5, 12, 27, 69, 5]
[2, 12, 5, 12, 37, 93, 5]
[2, 12, 5, 16, 22, 45, 3]
[2, 12, 5, 16, 32, 69, 3]
[2, 12, 5, 16, 42, 93, 3]
[2, 12, 5, 20, 27, 45, 5]
[2, 12, 5, 20, 37, 69, 5]
[2, 12, 5, 24, 32, 45, 3]
[2, 12, 5, 24, 42, 69, 3]
[2, 12, 5, 28, 37, 45, 5]
[2, 12, 5, 32, 42, 45, 3]
[2, 12, 8, 12, 22, 60, 4]
[2, 12, 8, 12, 32, 84, 4]
[2, 12, 8, 16, 27, 60, 5]
[2, 12, 8, 16, 37, 84, 5]
[2, 12, 8, 20, 32, 60, 4]
[2, 12, 8, 20, 42, 84, 4]
[2, 12, 8, 24, 37, 60, 5]
[2, 12, 8, 28, 42, 60, 4]
[2, 12, 11, 12, 27, 69, 5]
[2, 12, 11, 12, 37, 93, 5]
[2, 12, 11, 16, 32, 69, 3]
[2, 12, 11, 16, 42, 93, 3]
[2, 12, 11, 20, 37, 69, 5]
[2, 12, 11, 24, 42, 69, 3]
[2, 12, 14, 12, 32, 72, 4]
[2, 12, 14, 12, 42, 96, 4]
[2, 12, 14, 16, 37, 72, 5]
[2, 12, 14, 20, 42, 72, 4]
[2, 12, 17, 12, 37, 69, 5]
[2, 12, 17, 16, 42, 69, 3]
[2, 12, 20, 12, 42, 60, 4]
[2, 14, 2, 14, 22, 38, 2]
[2, 14, 2, 14, 32, 62, 2]
[2, 14, 2, 14, 42, 86, 2]
[2, 14, 2, 18, 37, 56, 5]
[2, 14, 2, 22, 32, 26, 2]
[2, 14, 2, 22, 42, 50, 2]
[2, 14, 5, 14, 22, 59, 5]
[2, 14, 5, 14, 32, 83, 5]
[2, 14, 5, 18, 27, 53, 4]
[2, 14, 5, 18, 37, 77, 4]
[2, 14, 5, 22, 32, 47, 5]
[2, 14, 5, 22, 42, 71, 5]
[2, 14, 5, 26, 37, 41, 4]
[2, 14, 5, 30, 42, 35, 5]
[2, 14, 8, 14, 22, 74, 2]
[2, 14, 8, 14, 32, 98, 2]
[2, 14, 8, 18, 27, 68, 5]
[2, 14, 8, 18, 37, 92, 5]
[2, 14, 8, 22, 32, 62, 2]
[2, 14, 8, 22, 42, 86, 2]
[2, 14, 8, 26, 37, 56, 5]
[2, 14, 8, 30, 42, 50, 2]
[2, 14, 11, 14, 22, 83, 5]
[2, 14, 11, 18, 27, 77, 4]
[2, 14, 11, 18, 37, 101, 4]
[2, 14, 11, 22, 32, 71, 5]
[2, 14, 11, 22, 42, 95, 5]
[2, 14, 11, 26, 37, 65, 4]
[2, 14, 11, 30, 42, 59, 5]
[2, 14, 14, 14, 22, 86, 2]
[2, 14, 14, 18, 27, 80, 5]
[2, 14, 14, 22, 32, 74, 2]
[2, 14, 14, 22, 42, 98, 2]
[2, 14, 14, 26, 37, 68, 5]
[2, 14, 14, 30, 42, 62, 2]
[2, 14, 17, 14, 22, 83, 5]
[2, 14, 17, 18, 27, 77, 4]
[2, 14, 17, 22, 32, 71, 5]
[2, 14, 17, 26, 37, 65, 4]
[2, 14, 20, 14, 22, 74, 2]
[2, 14, 20, 18, 27, 68, 5]
[2, 14, 20, 22, 32, 62, 2]
[2, 14, 23, 14, 22, 59, 5]
[2, 14, 23, 18, 27, 53, 4]
[2, 14, 26, 14, 22, 38, 2]
[2, 16, 2, 20, 42, 28, 4]
[2, 16, 5, 16, 32, 61, 3]
[2, 16, 5, 16, 42, 85, 3]
[2, 16, 5, 20, 37, 49, 5]
[2, 16, 8, 16, 27, 76, 5]
[2, 16, 8, 20, 32, 64, 4]
[2, 16, 8, 24, 37, 52, 5]
[2, 16, 8, 28, 42, 40, 4]
[2, 16, 11, 16, 22, 85, 3]
[2, 16, 11, 20, 27, 73, 5]
[2, 16, 11, 24, 32, 61, 3]
[2, 16, 11, 24, 42, 85, 3]
[2, 16, 11, 28, 37, 49, 5]
[2, 16, 11, 32, 42, 37, 3]
[2, 16, 14, 16, 17, 88, 5]
[2, 16, 14, 20, 22, 76, 4]
[2, 16, 14, 24, 27, 64, 5]
[2, 16, 14, 28, 32, 52, 4]
[2, 16, 17, 20, 17, 73, 5]
[2, 16, 17, 24, 22, 61, 3]
[2, 16, 20, 20, 12, 64, 4]
[2, 16, 20, 24, 17, 52, 5]
[2, 16, 23, 20, 7, 49, 5]
[2, 16, 26, 20, 2, 28, 4]
[3, 3, 3, 11, 43, 63, 5]
[3, 3, 3, 19, 23, 87, 5]
[3, 3, 3, 19, 33, 99, 5]
[3, 3, 6, 15, 33, 48, 4]
[3, 3, 6, 15, 43, 60, 4]
[3, 3, 6, 19, 23, 60, 5]
[3, 3, 6, 19, 33, 72, 5]
[3, 3, 6, 19, 43, 84, 5]
[3, 3, 6, 23, 13, 72, 4]
[3, 3, 6, 23, 23, 84, 4]
[3, 3, 6, 23, 33, 96, 4]
[3, 3, 9, 19, 33, 39, 5]
[3, 3, 9, 19, 43, 51, 5]
[3, 3, 9, 27, 23, 75, 5]
[3, 3, 9, 27, 33, 87, 5]
[3, 3, 12, 23, 33, 24, 4]
[3, 3, 12, 23, 43, 36, 4]
[3, 3, 12, 27, 33, 48, 5]
[3, 3, 12, 27, 43, 60, 5]
[3, 3, 12, 31, 23, 60, 4]
[3, 3, 12, 31, 33, 72, 4]
[3, 3, 12, 31, 43, 84, 4]
[3, 5, 3, 13, 43, 53, 3]
[3, 5, 3, 17, 33, 59, 5]
[3, 5, 3, 17, 43, 71, 5]
[3, 5, 3, 21, 23, 65, 3]
[3, 5, 3, 21, 33, 77, 3]
[3, 5, 3, 21, 43, 89, 3]
[3, 5, 3, 25, 13, 71, 5]
[3, 5, 3, 25, 23, 83, 5]
[3, 5, 3, 25, 33, 95, 5]
[3, 5, 3, 29, 23, 101, 3]
[3, 5, 6, 13, 38, 26, 4]
[3, 5, 6, 17, 28, 32, 5]
[3, 5, 6, 17, 38, 44, 5]
[3, 5, 6, 21, 18, 38, 4]
[3, 5, 6, 21, 28, 50, 4]
[3, 5, 6, 21, 38, 62, 4]
[3, 5, 6, 25, 8, 44, 5]
[3, 5, 6, 25, 18, 56, 5]
[3, 5, 6, 25, 28, 68, 5]
[3, 5, 6, 25, 38, 80, 5]
[3, 5, 6, 29, 18, 74, 4]
[3, 5, 6, 29, 28, 86, 4]
[3, 5, 6, 29, 38, 98, 4]
[3, 5, 9, 17, 43, 23, 5]
[3, 5, 9, 21, 33, 29, 3]
[3, 5, 9, 21, 43, 41, 3]
[3, 5, 9, 25, 23, 35, 5]
[3, 5, 9, 25, 33, 47, 5]
[3, 5, 9, 25, 43, 59, 5]
[3, 5, 9, 29, 13, 41, 3]
[3, 5, 9, 29, 23, 53, 3]
[3, 5, 9, 29, 33, 65, 3]
[3, 5, 9, 29, 43, 77, 3]
[3, 5, 12, 29, 38, 38, 4]
[3, 7, 3, 11, 43, 43, 5]
[3, 7, 3, 19, 23, 43, 5]
[3, 7, 3, 19, 33, 55, 5]
[3, 7, 3, 19, 43, 67, 5]
[3, 7, 3, 27, 3, 43, 5]
[3, 7, 3, 27, 13, 55, 5]
[3, 7, 3, 27, 23, 67, 5]
[3, 7, 3, 27, 33, 79, 5]
[3, 7, 3, 27, 43, 91, 5]
[3, 7, 6, 11, 43, 28, 5]
[3, 7, 6, 15, 33, 28, 4]
[3, 7, 6, 15, 43, 40, 4]
[3, 7, 6, 19, 23, 28, 5]
[3, 7, 6, 19, 33, 40, 5]
[3, 7, 6, 19, 43, 52, 5]
[3, 7, 6, 23, 13, 28, 4]
[3, 7, 6, 23, 23, 40, 4]
[3, 7, 6, 23, 33, 52, 4]
[3, 7, 6, 23, 43, 64, 4]
[3, 7, 6, 27, 13, 40, 5]
[3, 7, 6, 27, 23, 52, 5]
[3, 7, 6, 27, 33, 64, 5]
[3, 7, 6, 27, 43, 76, 5]
[3, 7, 6, 31, 3, 40, 4]
[3, 7, 6, 31, 13, 52, 4]
[3, 7, 6, 31, 23, 64, 4]
[3, 7, 6, 31, 33, 76, 4]
[3, 7, 6, 31, 43, 88, 4]
[3, 7, 9, 19, 43, 31, 5]
[3, 7, 9, 27, 23, 31, 5]
[3, 7, 9, 27, 33, 43, 5]
[3, 7, 9, 27, 43, 55, 5]
[3, 7, 12, 27, 43, 28, 5]
[3, 7, 12, 31, 43, 40, 4]
[3, 9, 3, 13, 23, 33, 3]
[3, 9, 3, 13, 33, 45, 3]
[3, 9, 3, 13, 43, 57, 3]
[3, 9, 3, 17, 13, 27, 5]
[3, 9, 3, 17, 23, 39, 5]
[3, 9, 3, 17, 33, 51, 5]
[3, 9, 3, 17, 43, 63, 5]
[3, 9, 3, 21, 13, 33, 3]
[3, 9, 3, 21, 23, 45, 3]
[3, 9, 3, 21, 33, 57, 3]
[3, 9, 3, 21, 43, 69, 3]
[3, 9, 3, 25, 3, 27, 5]
[3, 9, 3, 25, 13, 39, 5]
[3, 9, 3, 25, 23, 51, 5]
[3, 9, 3, 25, 33, 63, 5]
[3, 9, 3, 25, 43, 75, 5]
[3, 9, 3, 29, 3, 33, 3]
[3, 9, 3, 29, 13, 45, 3]
[3, 9, 3, 29, 23, 57, 3]
[3, 9, 3, 29, 33, 69, 3]
[3, 9, 3, 29, 43, 81, 3]
[3, 9, 6, 13, 28, 30, 4]
[3, 9, 6, 13, 38, 42, 4]
[3, 9, 6, 17, 18, 24, 5]
[3, 9, 6, 17, 28, 36, 5]
[3, 9, 6, 17, 38, 48, 5]
[3, 9, 6, 21, 18, 30, 4]
[3, 9, 6, 21, 28, 42, 4]
[3, 9, 6, 21, 38, 54, 4]
[3, 9, 6, 25, 18, 36, 5]
[3, 9, 6, 25, 28, 48, 5]
[3, 9, 6, 25, 38, 60, 5]
[3, 9, 6, 29, 18, 42, 4]
[3, 9, 6, 29, 28, 54, 4]
[3, 9, 6, 29, 38, 66, 4]
[3, 9, 9, 13, 43, 33, 3]
[3, 9, 9, 17, 33, 27, 5]
[3, 9, 9, 17, 43, 39, 5]
[3, 9, 9, 21, 33, 33, 3]
[3, 9, 9, 21, 43, 45, 3]
[3, 9, 9, 25, 33, 39, 5]
[3, 9, 9, 25, 43, 51, 5]
[3, 9, 9, 29, 33, 45, 3]
[3, 9, 9, 29, 43, 57, 3]
[3, 11, 3, 11, 13, 35, 5]
[3, 11, 3, 11, 23, 47, 5]
[3, 11, 3, 11, 33, 59, 5]
[3, 11, 3, 11, 43, 71, 5]
[3, 11, 3, 19, 13, 35, 5]
[3, 11, 3, 19, 23, 47, 5]
[3, 11, 3, 19, 33, 59, 5]
[3, 11, 3, 19, 43, 71, 5]
[3, 11, 3, 27, 13, 35, 5]
[3, 11, 3, 27, 23, 47, 5]
[3, 11, 3, 27, 33, 59, 5]
[3, 11, 3, 27, 43, 71, 5]
[3, 11, 6, 11, 33, 56, 5]
[3, 11, 6, 11, 43, 68, 5]
[3, 11, 6, 15, 23, 44, 4]
[3, 11, 6, 15, 33, 56, 4]
[3, 11, 6, 15, 43, 68, 4]
[3, 11, 6, 19, 23, 44, 5]
[3, 11, 6, 19, 33, 56, 5]
[3, 11, 6, 19, 43, 68, 5]
[3, 11, 6, 23, 23, 44, 4]
[3, 11, 6, 23, 33, 56, 4]
[3, 11, 6, 23, 43, 68, 4]
[3, 11, 6, 27, 23, 44, 5]
[3, 11, 6, 27, 33, 56, 5]
[3, 11, 6, 27, 43, 68, 5]
[3, 11, 6, 31, 23, 44, 4]
[3, 11, 6, 31, 33, 56, 4]
[3, 11, 6, 31, 43, 68, 4]
[3, 11, 9, 11, 33, 47, 5]
[3, 11, 9, 11, 43, 59, 5]
[3, 11, 9, 19, 33, 47, 5]
[3, 11, 9, 19, 43, 59, 5]
[3, 11, 9, 27, 33, 47, 5]
[3, 11, 9, 27, 43, 59, 5]
[3, 11, 12, 15, 43, 44, 4]
[3, 11, 12, 19, 43, 44, 5]
[3, 11, 12, 23, 43, 44, 4]
[3, 11, 12, 27, 43, 44, 5]
[3, 11, 12, 31, 43, 44, 4]
[3, 13, 3, 13, 23, 61, 3]
[3, 13, 3, 13, 33, 73, 3]
[3, 13, 3, 13, 43, 85, 3]
[3, 13, 3, 17, 23, 55, 5]
[3, 13, 3, 17, 33, 67, 5]
[3, 13, 3, 17, 43, 79, 5]
[3, 13, 3, 21, 23, 49, 3]
[3, 13, 3, 21, 33, 61, 3]
[3, 13, 3, 21, 43, 73, 3]
[3, 13, 3, 25, 23, 43, 5]
[3, 13, 3, 25, 33, 55, 5]
[3, 13, 3, 25, 43, 67, 5]
[3, 13, 3, 29, 23, 37, 3]
[3, 13, 3, 29, 33, 49, 3]
[3, 13, 3, 29, 43, 61, 3]
[3, 13, 6, 13, 28, 70, 4]
[3, 13, 6, 13, 38, 82, 4]
[3, 13, 6, 17, 28, 64, 5]
[3, 13, 6, 17, 38, 76, 5]
[3, 13, 6, 21, 38, 70, 4]
[3, 13, 6, 25, 28, 52, 5]
[3, 13, 6, 25, 38, 64, 5]
[3, 13, 6, 29, 28, 46, 4]
[3, 13, 6, 29, 38, 58, 4]
[3, 13, 9, 13, 33, 73, 3]
[3, 13, 9, 13, 43, 85, 3]
[3, 13, 9, 17, 43, 79, 5]
[3, 13, 9, 21, 33, 61, 3]
[3, 13, 9, 21, 43, 73, 3]
[3, 13, 9, 25, 43, 67, 5]
[3, 13, 9, 29, 33, 49, 3]
[3, 13, 9, 29, 43, 61, 3]
[3, 13, 12, 13, 38, 70, 4]
[3, 13, 12, 17, 38, 64, 5]
[3, 13, 12, 25, 38, 52, 5]
[3, 13, 12, 29, 38, 46, 4]
[3, 13, 15, 13, 43, 61, 3]
[3, 13, 15, 17, 43, 55, 5]
[3, 13, 15, 21, 43, 49, 3]
[3, 13, 15, 25, 43, 43, 5]
[3, 13, 15, 29, 43, 37, 3]
[3, 15, 3, 19, 33, 63, 5]
[3, 15, 3, 19, 43, 75, 5]
[3, 15, 3, 27, 33, 39, 5]
[3, 15, 3, 27, 43, 51, 5]
[3, 15, 6, 15, 33, 84, 4]
[3, 15, 6, 15, 43, 96, 4]
[3, 15, 6, 19, 33, 72, 5]
[3, 15, 6, 19, 43, 84, 5]
[3, 15, 6, 23, 33, 60, 4]
[3, 15, 6, 23, 43, 72, 4]
[3, 15, 6, 27, 43, 60, 5]
[3, 15, 6, 31, 33, 36, 4]
[3, 15, 6, 31, 43, 48, 4]
[3, 15, 9, 19, 33, 75, 5]
[3, 15, 9, 19, 43, 87, 5]
[3, 15, 9, 27, 33, 51, 5]
[3, 15, 9, 27, 43, 63, 5]
[3, 15, 12, 15, 33, 84, 4]
[3, 15, 12, 19, 33, 72, 5]
[3, 15, 12, 19, 43, 84, 5]
[3, 15, 12, 23, 33, 60, 4]
[3, 15, 12, 23, 43, 72, 4]
[3, 15, 12, 31, 33, 36, 4]
[3, 15, 15, 19, 33, 63, 5]
[3, 15, 15, 27, 33, 39, 5]
[3, 15, 18, 15, 33, 60, 4]
[3, 15, 18, 19, 33, 48, 5]
[4, 4, 4, 12, 34, 64, 4]
[4, 4, 4, 12, 44, 64, 4]
[4, 4, 4, 16, 29, 88, 5]
[4, 4, 4, 16, 39, 88, 5]
[4, 4, 4, 20, 34, 112, 4]
[4, 4, 4, 20, 44, 112, 4]
[4, 4, 7, 12, 29, 61, 5]
[4, 4, 7, 12, 39, 61, 5]
[4, 4, 7, 16, 24, 85, 3]
[4, 4, 7, 16, 34, 85, 3]
[4, 4, 7, 16, 44, 85, 3]
[4, 4, 7, 20, 39, 109, 5]
[4, 4, 10, 12, 14, 52, 4]
[4, 4, 10, 12, 24, 52, 4]
[4, 4, 10, 12, 34, 52, 4]
[4, 4, 10, 16, 19, 76, 5]
[4, 4, 10, 16, 29, 76, 5]
[4, 4, 10, 16, 39, 76, 5]
[4, 4, 10, 20, 34, 100, 4]
[4, 4, 10, 20, 44, 100, 4]
[4, 4, 13, 12, 9, 37, 5]
[4, 4, 13, 12, 19, 37, 5]
[4, 4, 13, 16, 14, 61, 3]
[4, 4, 13, 16, 24, 61, 3]
[4, 4, 13, 16, 34, 61, 3]
[4, 4, 13, 20, 29, 85, 5]
[4, 4, 13, 20, 39, 85, 5]
[4, 4, 13, 24, 44, 109, 3]
[4, 4, 16, 16, 29, 40, 5]
[4, 4, 16, 20, 24, 64, 4]
[4, 4, 16, 20, 34, 64, 4]
[4, 4, 16, 20, 44, 64, 4]
[4, 4, 16, 24, 39, 88, 5]
[4, 4, 19, 24, 34, 61, 3]
[4, 4, 19, 24, 44, 61, 3]
[4, 4, 22, 28, 44, 52, 4]
[4, 6, 4, 14, 24, 54, 2]
[4, 6, 4, 14, 34, 54, 2]
[4, 6, 4, 14, 44, 54, 2]
[4, 6, 4, 18, 9, 72, 5]
[4, 6, 4, 18, 19, 72, 5]
[4, 6, 4, 18, 29, 72, 5]
[4, 6, 4, 18, 39, 72, 5]
[4, 6, 4, 22, 24, 90, 2]
[4, 6, 4, 22, 34, 90, 2]
[4, 6, 4, 22, 44, 90, 2]
[4, 6, 4, 26, 39, 108, 5]
[4, 6, 7, 14, 4, 51, 5]
[4, 6, 7, 14, 14, 51, 5]
[4, 6, 7, 14, 24, 51, 5]
[4, 6, 7, 14, 34, 51, 5]
[4, 6, 7, 14, 44, 51, 5]
[4, 6, 7, 18, 9, 69, 4]
[4, 6, 7, 18, 19, 69, 4]
[4, 6, 7, 18, 29, 69, 4]
[4, 6, 7, 18, 39, 69, 4]
[4, 6, 7, 22, 14, 87, 5]
[4, 6, 7, 22, 24, 87, 5]
[4, 6, 7, 22, 34, 87, 5]
[4, 6, 7, 22, 44, 87, 5]
[4, 6, 7, 26, 29, 105, 4]
[4, 6, 7, 26, 39, 105, 4]
[4, 6, 10, 14, 4, 42, 2]
[4, 6, 10, 14, 14, 42, 2]
[4, 6, 10, 14, 24, 42, 2]
[4, 6, 10, 14, 34, 42, 2]
[4, 6, 10, 18, 9, 60, 5]
[4, 6, 10, 18, 19, 60, 5]
[4, 6, 10, 18, 29, 60, 5]
[4, 6, 10, 18, 39, 60, 5]
[4, 6, 10, 22, 14, 78, 2]
[4, 6, 10, 22, 24, 78, 2]
[4, 6, 10, 22, 34, 78, 2]
[4, 6, 10, 22, 44, 78, 2]
[4, 6, 10, 26, 29, 96, 5]
[4, 6, 10, 26, 39, 96, 5]
[4, 6, 13, 14, 24, 27, 5]
[4, 6, 13, 18, 19, 45, 4]
[4, 6, 13, 18, 29, 45, 4]
[4, 6, 13, 18, 39, 45, 4]
[4, 6, 13, 22, 14, 63, 5]
[4, 6, 13, 22, 24, 63, 5]
[4, 6, 13, 22, 34, 63, 5]
[4, 6, 13, 22, 44, 63, 5]
[4, 6, 13, 26, 19, 81, 4]
[4, 6, 13, 26, 29, 81, 4]
[4, 6, 13, 26, 39, 81, 4]
[4, 6, 13, 30, 34, 99, 5]
[4, 6, 13, 30, 44, 99, 5]
[4, 6, 16, 22, 34, 42, 2]
[4, 6, 16, 26, 29, 60, 5]
[4, 6, 16, 26, 39, 60, 5]
[4, 6, 16, 30, 24, 78, 2]
[4, 6, 16, 30, 34, 78, 2]
[4, 6, 16, 30, 44, 78, 2]
[4, 6, 19, 30, 34, 51, 5]
[4, 6, 19, 30, 44, 51, 5]
[4, 8, 4, 12, 4, 44, 4]
[4, 8, 4, 12, 14, 44, 4]
[4, 8, 4, 12, 24, 44, 4]
[4, 8, 4, 12, 34, 44, 4]
[4, 8, 4, 12, 44, 44, 4]
[4, 8, 4, 16, 9, 56, 5]
[4, 8, 4, 16, 19, 56, 5]
[4, 8, 4, 16, 29, 56, 5]
[4, 8, 4, 16, 39, 56, 5]
[4, 8, 4, 20, 4, 68, 4]
[4, 8, 4, 20, 14, 68, 4]
[4, 8, 4, 20, 24, 68, 4]
[4, 8, 4, 20, 34, 68, 4]
[4, 8, 4, 20, 44, 68, 4]
[4, 8, 4, 24, 19, 80, 5]
[4, 8, 4, 24, 29, 80, 5]
[4, 8, 4, 24, 39, 80, 5]
[4, 8, 4, 28, 24, 92, 4]
[4, 8, 4, 28, 34, 92, 4]
[4, 8, 4, 28, 44, 92, 4]
[4, 8, 4, 32, 39, 104, 5]
[4, 8, 7, 12, 9, 41, 5]
[4, 8, 7, 12, 19, 41, 5]
[4, 8, 7, 12, 29, 41, 5]
[4, 8, 7, 12, 39, 41, 5]
[4, 8, 7, 16, 4, 53, 3]
[4, 8, 7, 16, 14, 53, 3]
[4, 8, 7, 16, 24, 53, 3]
[4, 8, 7, 16, 34, 53, 3]
[4, 8, 7, 16, 44, 53, 3]
[4, 8, 7, 20, 9, 65, 5]
[4, 8, 7, 20, 19, 65, 5]
[4, 8, 7, 20, 29, 65, 5]
[4, 8, 7, 20, 39, 65, 5]
[4, 8, 7, 24, 4, 77, 3]
[4, 8, 7, 24, 14, 77, 3]
[4, 8, 7, 24, 24, 77, 3]
[4, 8, 7, 24, 34, 77, 3]
[4, 8, 7, 24, 44, 77, 3]
[4, 8, 7, 28, 19, 89, 5]
[4, 8, 7, 28, 29, 89, 5]
[4, 8, 7, 28, 39, 89, 5]
[4, 8, 7, 32, 34, 101, 3]
[4, 8, 7, 32, 44, 101, 3]
[4, 8, 10, 12, 24, 32, 4]
[4, 8, 10, 12, 34, 32, 4]
[4, 8, 10, 12, 44, 32, 4]
[4, 8, 10, 16, 19, 44, 5]
[4, 8, 10, 16, 29, 44, 5]
[4, 8, 10, 16, 39, 44, 5]
[4, 8, 10, 20, 14, 56, 4]
[4, 8, 10, 20, 24, 56, 4]
[4, 8, 10, 20, 34, 56, 4]
[4, 8, 10, 20, 44, 56, 4]
[4, 8, 10, 24, 9, 68, 5]
[4, 8, 10, 24, 19, 68, 5]
[4, 8, 10, 24, 29, 68, 5]
[4, 8, 10, 24, 39, 68, 5]
[4, 8, 10, 28, 14, 80, 4]
[4, 8, 10, 28, 24, 80, 4]
[4, 8, 10, 28, 34, 80, 4]
[4, 8, 10, 28, 44, 80, 4]
[4, 8, 10, 32, 29, 92, 5]
[4, 8, 10, 32, 39, 92, 5]
[4, 8, 13, 16, 34, 29, 3]
[4, 8, 13, 20, 29, 41, 5]
[4, 8, 13, 20, 39, 41, 5]
[4, 8, 13, 24, 24, 53, 3]
[4, 8, 13, 24, 34, 53, 3]
[4, 8, 13, 24, 44, 53, 3]
[4, 8, 13, 28, 19, 65, 5]
[4, 8, 13, 28, 29, 65, 5]
[4, 8, 13, 28, 39, 65, 5]
[4, 8, 13, 32, 14, 77, 3]
[4, 8, 13, 32, 24, 77, 3]
[4, 8, 13, 32, 34, 77, 3]
[4, 8, 13, 32, 44, 77, 3]
[4, 8, 16, 24, 39, 32, 5]
[4, 8, 16, 28, 34, 44, 4]
[4, 8, 16, 28, 44, 44, 4]
[4, 8, 16, 32, 29, 56, 5]
[4, 8, 16, 32, 39, 56, 5]
[4, 8, 19, 32, 44, 29, 3]
[4, 10, 4, 14, 14, 58, 2]
[4, 10, 4, 14, 24, 58, 2]
[4, 10, 4, 14, 34, 58, 2]
[4, 10, 4, 14, 44, 58, 2]
[4, 10, 4, 18, 9, 64, 5]
[4, 10, 4, 18, 19, 64, 5]
[4, 10, 4, 18, 29, 64, 5]
[4, 10, 4, 18, 39, 64, 5]
[4, 10, 4, 22, 4, 70, 2]
[4, 10, 4, 22, 14, 70, 2]
[4, 10, 4, 22, 24, 70, 2]
[4, 10, 4, 22, 34, 70, 2]
[4, 10, 4, 22, 44, 70, 2]
[4, 10, 4, 26, 19, 76, 5]
[4, 10, 4, 26, 29, 76, 5]
[4, 10, 4, 26, 39, 76, 5]
[4, 10, 4, 30, 24, 82, 2]
[4, 10, 4, 30, 34, 82, 2]
[4, 10, 4, 30, 44, 82, 2]
[4, 10, 7, 14, 24, 55, 5]
[4, 10, 7, 14, 34, 55, 5]
[4, 10, 7, 14, 44, 55, 5]
[4, 10, 7, 18, 19, 61, 4]
[4, 10, 7, 18, 29, 61, 4]
[4, 10, 7, 18, 39, 61, 4]
[4, 10, 7, 22, 14, 67, 5]
[4, 10, 7, 22, 24, 67, 5]
[4, 10, 7, 22, 34, 67, 5]
[4, 10, 7, 22, 44, 67, 5]
[4, 10, 7, 26, 9, 73, 4]
[4, 10, 7, 26, 19, 73, 4]
[4, 10, 7, 26, 29, 73, 4]
[4, 10, 7, 26, 39, 73, 4]
[4, 10, 7, 30, 14, 79, 5]
[4, 10, 7, 30, 24, 79, 5]
[4, 10, 7, 30, 34, 79, 5]
[4, 10, 7, 30, 44, 79, 5]
[4, 10, 10, 14, 34, 46, 2]
[4, 10, 10, 14, 44, 46, 2]
[4, 10, 10, 18, 29, 52, 5]
[4, 10, 10, 18, 39, 52, 5]
[4, 10, 10, 22, 24, 58, 2]
[4, 10, 10, 22, 34, 58, 2]
[4, 10, 10, 22, 44, 58, 2]
[4, 10, 10, 26, 19, 64, 5]
[4, 10, 10, 26, 29, 64, 5]
[4, 10, 10, 26, 39, 64, 5]
[4, 10, 10, 30, 14, 70, 2]
[4, 10, 10, 30, 24, 70, 2]
[4, 10, 10, 30, 34, 70, 2]
[4, 10, 10, 30, 44, 70, 2]
[4, 10, 13, 14, 44, 31, 5]
[4, 10, 13, 18, 39, 37, 4]
[4, 10, 13, 22, 34, 43, 5]
[4, 10, 13, 22, 44, 43, 5]
[4, 10, 13, 26, 29, 49, 4]
[4, 10, 13, 26, 39, 49, 4]
[4, 10, 13, 30, 24, 55, 5]
[4, 10, 13, 30, 34, 55, 5]
[4, 10, 13, 30, 44, 55, 5]
[4, 10, 16, 26, 39, 28, 5]
[4, 10, 16, 30, 34, 34, 2]
[4, 10, 16, 30, 44, 34, 2]
[4, 12, 4, 12, 34, 72, 4]
[4, 12, 4, 12, 44, 72, 4]
[4, 12, 4, 16, 29, 72, 5]
[4, 12, 4, 16, 39, 72, 5]
[4, 12, 4, 20, 24, 72, 4]
[4, 12, 4, 20, 34, 72, 4]
[4, 12, 4, 20, 44, 72, 4]
[4, 12, 4, 24, 19, 72, 5]
[4, 12, 4, 24, 29, 72, 5]
[4, 12, 4, 24, 39, 72, 5]
[4, 12, 4, 28, 14, 72, 4]
[4, 12, 4, 28, 24, 72, 4]
[4, 12, 4, 28, 34, 72, 4]
[4, 12, 4, 28, 44, 72, 4]
[4, 12, 4, 32, 29, 72, 5]
[4, 12, 4, 32, 39, 72, 5]
[4, 12, 7, 12, 39, 69, 5]
[4, 12, 7, 16, 34, 69, 3]
[4, 12, 7, 16, 44, 69, 3]
[4, 12, 7, 20, 29, 69, 5]
[4, 12, 7, 20, 39, 69, 5]
[4, 12, 7, 24, 24, 69, 3]
[4, 12, 7, 24, 34, 69, 3]
[4, 12, 7, 24, 44, 69, 3]
[4, 12, 7, 28, 19, 69, 5]
[4, 12, 7, 28, 29, 69, 5]
[4, 12, 7, 28, 39, 69, 5]
[4, 12, 7, 32, 14, 69, 3]
[4, 12, 7, 32, 24, 69, 3]
[4, 12, 7, 32, 34, 69, 3]
[4, 12, 7, 32, 44, 69, 3]
[4, 12, 10, 12, 44, 60, 4]
[4, 12, 10, 16, 39, 60, 5]
[4, 12, 10, 20, 34, 60, 4]
[4, 12, 10, 20, 44, 60, 4]
[4, 12, 10, 24, 29, 60, 5]
[4, 12, 10, 24, 39, 60, 5]
[4, 12, 10, 28, 24, 60, 4]
[4, 12, 10, 28, 34, 60, 4]
[4, 12, 10, 28, 44, 60, 4]
[4, 12, 10, 32, 19, 60, 5]
[4, 12, 10, 32, 29, 60, 5]
[4, 12, 10, 32, 39, 60, 5]
[4, 12, 13, 16, 44, 45, 3]
[4, 12, 13, 20, 39, 45, 5]
[4, 12, 13, 24, 34, 45, 3]
[4, 12, 13, 24, 44, 45, 3]
[4, 12, 13, 28, 29, 45, 5]
[4, 12, 13, 28, 39, 45, 5]
[4, 12, 13, 32, 24, 45, 3]
[4, 12, 13, 32, 34, 45, 3]
[4, 12, 16, 20, 44, 24, 4]
[4, 12, 16, 24, 39, 24, 5]
[4, 12, 16, 28, 34, 24, 4]
[4, 12, 16, 32, 29, 24, 5]
[4, 14, 4, 14, 34, 86, 2]
[4, 14, 4, 14, 44, 86, 2]
[4, 14, 4, 18, 39, 80, 5]
[4, 14, 4, 22, 34, 74, 2]
[4, 14, 4, 22, 44, 74, 2]
[4, 14, 4, 26, 29, 68, 5]
[4, 14, 4, 26, 39, 68, 5]
[4, 14, 4, 30, 24, 62, 2]
[4, 14, 4, 30, 34, 62, 2]
[4, 14, 4, 30, 44, 62, 2]
[4, 14, 7, 14, 44, 83, 5]
[4, 14, 7, 18, 39, 77, 4]
[4, 14, 7, 22, 34, 71, 5]
[4, 14, 7, 22, 44, 71, 5]
[4, 14, 7, 26, 29, 65, 4]
[4, 14, 7, 26, 39, 65, 4]
[4, 14, 7, 30, 24, 59, 5]
[4, 14, 7, 30, 34, 59, 5]
[4, 14, 7, 30, 44, 59, 5]
[4, 14, 10, 14, 44, 74, 2]
[4, 14, 10, 18, 39, 68, 5]
[4, 14, 10, 22, 34, 62, 2]
[4, 14, 10, 22, 44, 62, 2]
[4, 14, 10, 26, 29, 56, 5]
[4, 14, 10, 26, 39, 56, 5]
[4, 14, 10, 30, 24, 50, 2]
[4, 14, 10, 30, 34, 50, 2]
[4, 14, 13, 14, 44, 59, 5]
[4, 14, 13, 18, 39, 53, 4]
[4, 14, 13, 22, 34, 47, 5]
[4, 14, 13, 22, 44, 47, 5]
[4, 14, 13, 26, 29, 41, 4]
[4, 14, 13, 26, 39, 41, 4]
[4, 14, 13, 30, 24, 35, 5]
[4, 14, 16, 14, 44, 38, 2]
[4, 14, 16, 22, 34, 26, 2]
[4, 16, 4, 16, 39, 88, 5]
[4, 16, 4, 20, 44, 76, 4]
[4, 16, 4, 24, 39, 64, 5]
[4, 16, 4, 28, 34, 52, 4]
[4, 16, 4, 28, 44, 52, 4]
[4, 16, 4, 32, 39, 40, 5]
[4, 16, 7, 16, 44, 85, 3]
[4, 16, 7, 20, 39, 73, 5]
[4, 16, 7, 24, 34, 61, 3]
[4, 16, 7, 24, 44, 61, 3]
[4, 16, 7, 28, 29, 49, 5]
[4, 16, 7, 28, 39, 49, 5]
[4, 16, 7, 32, 24, 37, 3]
[4, 16, 7, 32, 34, 37, 3]
[4, 16, 10, 16, 39, 76, 5]
[4, 16, 10, 20, 34, 64, 4]
[4, 16, 10, 20, 44, 64, 4]
[4, 16, 10, 24, 29, 52, 5]
[4, 16, 10, 24, 39, 52, 5]
[4, 16, 10, 28, 24, 40, 4]
[4, 16, 10, 32, 19, 28, 5]
[4, 16, 13, 16, 34, 61, 3]
[4, 16, 13, 20, 29, 49, 5]
[4, 16, 13, 28, 19, 25, 5]
[4, 16, 16, 20, 24, 28, 4]
