[0, 2, 6, 18, 45, 74, 5]
[0, 2, 9, 14, 65, 71, 5]
[0, 4, 9, 16, 50, 61, 5]
[0, 6, 3, 14, 25, 75, 5]
[0, 6, 6, 18, 35, 78, 5]
[0, 6, 9, 14, 45, 87, 5]
[0, 6, 9, 18, 40, 63, 3]
[0, 6, 12, 14, 50, 66, 4]
[0, 6, 12, 18, 55, 78, 5]
[0, 6, 15, 14, 65, 75, 5]
[0, 8, 3, 16, 30, 89, 5]
[0, 8, 9, 16, 30, 65, 5]
[0, 8, 9, 16, 40, 101, 5]
[0, 8, 15, 16, 50, 89, 5]
[0, 10, 0, 14, 30, 70, 4]
[0, 10, 0, 18, 35, 70, 5]
[0, 10, 3, 14, 25, 67, 5]
[0, 10, 3, 14, 35, 103, 5]
[0, 10, 3, 18, 30, 67, 3]
[0, 10, 6, 14, 30, 94, 4]
[0, 10, 6, 18, 25, 58, 5]
[0, 10, 6, 18, 35, 94, 5]
[0, 10, 9, 14, 25, 79, 5]
[0, 10, 9, 14, 35, 115, 5]
[0, 10, 9, 18, 30, 79, 3]
[0, 10, 9, 18, 40, 115, 3]
[0, 10, 12, 14, 30, 94, 4]
[0, 10, 12, 14, 40, 130, 4]
[0, 10, 12, 18, 35, 94, 5]
[0, 10, 15, 14, 35, 103, 5]
[0, 10, 15, 18, 40, 103, 3]
[0, 10, 18, 14, 40, 106, 4]
[0, 10, 18, 18, 45, 106, 5]
[0, 12, 3, 16, 30, 45, 5]
[0, 12, 3, 16, 40, 81, 5]
[0, 12, 9, 16, 20, 57, 5]
[0, 12, 9, 16, 30, 93, 5]
[0, 12, 15, 16, 30, 117, 5]
[0, 14, 3, 14, 45, 59, 5]
[0, 14, 3, 14, 55, 95, 5]
[0, 14, 3, 18, 60, 83, 3]
[0, 14, 6, 14, 30, 50, 4]
[0, 14, 6, 14, 40, 86, 4]
[0, 14, 6, 14, 50, 122, 4]
[0, 14, 6, 18, 35, 38, 5]
[0, 14, 6, 18, 45, 74, 5]
[0, 14, 9, 14, 25, 71, 5]
[0, 14, 9, 14, 35, 107, 5]
[0, 14, 9, 18, 30, 59, 3]
[0, 14, 9, 18, 40, 95, 3]
[0, 14, 12, 14, 20, 86, 4]
[0, 14, 12, 14, 30, 122, 4]
[0, 14, 12, 18, 25, 74, 5]
[0, 14, 12, 18, 35, 110, 5]
[0, 14, 15, 14, 15, 95, 5]
[0, 14, 15, 18, 30, 119, 3]
[0, 14, 18, 14, 10, 98, 4]
[0, 14, 18, 18, 25, 122, 5]
[0, 16, 9, 16, 40, 61, 5]
[0, 16, 9, 16, 50, 97, 5]
[0, 16, 15, 16, 20, 85, 5]
[0, 18, 15, 18, 40, 87, 3]
[1, 1, 7, 13, 11, 85, 5]
[1, 1, 10, 13, 31, 70, 5]
[1, 3, 7, 15, 21, 87, 3]
[1, 3, 10, 15, 36, 72, 4]
[1, 3, 13, 15, 41, 27, 3]
[1, 5, 1, 17, 1, 89, 1]
[1, 5, 4, 17, 11, 86, 4]
[1, 5, 7, 13, 21, 65, 5]
[1, 5, 7, 13, 31, 89, 5]
[1, 5, 7, 17, 21, 77, 1]
[1, 5, 10, 13, 31, 50, 5]
[1, 5, 10, 13, 41, 74, 5]
[1, 5, 10, 17, 31, 62, 4]
[1, 5, 10, 17, 41, 86, 4]
[1, 5, 13, 13, 41, 29, 5]
[1, 5, 13, 13, 51, 53, 5]
[1, 5, 13, 17, 41, 41, 1]
[1, 5, 13, 17, 51, 65, 1]
[1, 7, 1, 15, 21, 103, 3]
[1, 7, 4, 15, 16, 76, 4]
[1, 7, 4, 15, 26, 100, 4]
[1, 7, 7, 15, 21, 67, 3]
[1, 7, 7, 15, 31, 91, 3]
[1, 7, 10, 15, 26, 52, 4]
[1, 7, 10, 15, 36, 76, 4]
[1, 7, 13, 15, 41, 55, 3]
[1, 7, 13, 15, 51, 79, 3]
[1, 7, 16, 15, 56, 52, 4]
[1, 9, 1, 13, 21, 81, 5]
[1, 9, 1, 13, 31, 105, 5]
[1, 9, 1, 17, 21, 81, 1]
[1, 9, 1, 17, 31, 105, 1]
[1, 9, 4, 13, 21, 78, 5]
[1, 9, 4, 13, 31, 102, 5]
[1, 9, 4, 17, 21, 78, 4]
[1, 9, 4, 17, 31, 102, 4]
[1, 9, 7, 13, 21, 69, 5]
[1, 9, 7, 13, 31, 93, 5]
[1, 9, 7, 13, 41, 117, 5]
[1, 9, 7, 17, 21, 69, 1]
[1, 9, 7, 17, 31, 93, 1]
[1, 9, 7, 17, 41, 117, 1]
[1, 9, 10, 13, 21, 54, 5]
[1, 9, 10, 13, 31, 78, 5]
[1, 9, 10, 13, 41, 102, 5]
[1, 9, 10, 17, 21, 54, 4]
[1, 9, 10, 17, 31, 78, 4]
[1, 9, 10, 17, 41, 102, 4]
[1, 9, 13, 13, 31, 57, 5]
[1, 9, 13, 13, 41, 81, 5]
[1, 9, 13, 13, 51, 105, 5]
[1, 9, 13, 17, 31, 57, 1]
[1, 9, 13, 17, 41, 81, 1]
[1, 9, 16, 13, 41, 54, 5]
[1, 9, 16, 13, 51, 78, 5]
[1, 9, 16, 17, 51, 78, 4]
[1, 11, 1, 15, 21, 59, 3]
[1, 11, 1, 15, 31, 83, 3]
[1, 11, 1, 15, 41, 107, 3]
[1, 11, 4, 15, 16, 56, 4]
[1, 11, 4, 15, 26, 80, 4]
[1, 11, 4, 15, 36, 104, 4]
[1, 11, 4, 15, 46, 128, 4]
[1, 11, 7, 15, 11, 47, 3]
[1, 11, 7, 15, 21, 71, 3]
[1, 11, 7, 15, 31, 95, 3]
[1, 11, 7, 15, 41, 119, 3]
[1, 11, 10, 15, 16, 56, 4]
[1, 11, 10, 15, 26, 80, 4]
[1, 11, 10, 15, 36, 104, 4]
[1, 11, 10, 15, 46, 128, 4]
[1, 11, 13, 15, 31, 83, 3]
[1, 11, 13, 15, 41, 107, 3]
[1, 11, 16, 15, 36, 80, 4]
[1, 11, 16, 15, 46, 104, 4]
[1, 13, 1, 13, 21, 37, 5]
[1, 13, 1, 13, 31, 61, 5]
[1, 13, 1, 13, 41, 85, 5]
[1, 13, 1, 13, 51, 109, 5]
[1, 13, 1, 13, 61, 133, 5]
[1, 13, 1, 17, 41, 73, 1]
[1, 13, 1, 17, 51, 97, 1]
[1, 13, 4, 13, 11, 34, 5]
[1, 13, 4, 13, 21, 58, 5]
[1, 13, 4, 13, 31, 82, 5]
[1, 13, 4, 13, 41, 106, 5]
[1, 13, 4, 13, 51, 130, 5]
[1, 13, 4, 17, 11, 22, 4]
[1, 13, 4, 17, 21, 46, 4]
[1, 13, 4, 17, 31, 70, 4]
[1, 13, 4, 17, 41, 94, 4]
[1, 13, 4, 17, 51, 118, 4]
[1, 13, 7, 13, 11, 49, 5]
[1, 13, 7, 13, 21, 73, 5]
[1, 13, 7, 13, 31, 97, 5]
[1, 13, 7, 13, 41, 121, 5]
[1, 13, 7, 13, 51, 145, 5]
[1, 13, 7, 17, 21, 61, 1]
[1, 13, 7, 17, 31, 85, 1]
[1, 13, 7, 17, 41, 109, 1]
[1, 13, 10, 13, 21, 82, 5]
[1, 13, 10, 13, 31, 106, 5]
[1, 13, 10, 13, 41, 130, 5]
[1, 13, 10, 17, 21, 70, 4]
[1, 13, 10, 17, 31, 94, 4]
[1, 13, 10, 17, 41, 118, 4]
[1, 13, 13, 13, 21, 85, 5]
[1, 13, 13, 13, 31, 109, 5]
[1, 13, 13, 13, 41, 133, 5]
[1, 13, 13, 17, 31, 97, 1]
[1, 13, 13, 17, 41, 121, 1]
[1, 13, 16, 13, 31, 106, 5]
[1, 13, 16, 13, 41, 130, 5]
[1, 13, 16, 17, 31, 94, 4]
[1, 13, 16, 17, 41, 118, 4]
[1, 15, 1, 15, 61, 87, 3]
[1, 15, 4, 15, 26, 36, 4]
[1, 15, 4, 15, 36, 60, 4]
[1, 15, 4, 15, 46, 84, 4]
[1, 15, 4, 15, 56, 108, 4]
[1, 15, 7, 15, 21, 51, 3]
[1, 15, 7, 15, 31, 75, 3]
[1, 15, 7, 15, 41, 99, 3]
[1, 15, 7, 15, 51, 123, 3]
[1, 15, 10, 15, 26, 84, 4]
[1, 15, 10, 15, 36, 108, 4]
[1, 15, 10, 15, 46, 132, 4]
[1, 15, 13, 15, 21, 87, 3]
[1, 15, 13, 15, 31, 111, 3]
[1, 15, 13, 15, 41, 135, 3]
[1, 15, 16, 15, 26, 108, 4]
[1, 17, 7, 17, 41, 53, 1]
[1, 17, 7, 17, 51, 77, 1]
[1, 17, 7, 17, 61, 101, 1]
[1, 17, 10, 17, 41, 86, 4]
[1, 17, 13, 17, 31, 89, 1]
[1, 17, 13, 17, 41, 113, 1]
[2, 2, 14, 14, 22, 122, 4]
[2, 2, 17, 14, 17, 71, 5]
[2, 2, 17, 14, 27, 83, 5]
[2, 2, 17, 14, 37, 95, 5]
[2, 4, 11, 16, 2, 97, 5]
[2, 4, 11, 16, 12, 109, 5]
[2, 4, 11, 16, 22, 121, 5]
[2, 4, 17, 16, 22, 49, 5]
[2, 4, 17, 16, 32, 61, 5]
[2, 6, 2, 14, 12, 114, 4]
[2, 6, 2, 14, 22, 126, 4]
[2, 6, 5, 14, 7, 99, 5]
[2, 6, 5, 14, 17, 111, 5]
[2, 6, 5, 14, 27, 123, 5]
[2, 6, 5, 18, 12, 123, 3]
[2, 6, 5, 18, 22, 135, 3]
[2, 6, 8, 14, 12, 90, 4]
[2, 6, 8, 14, 22, 102, 4]
[2, 6, 8, 14, 32, 114, 4]
[2, 6, 8, 18, 7, 102, 5]
[2, 6, 8, 18, 17, 114, 5]
[2, 6, 8, 18, 27, 126, 5]
[2, 6, 11, 14, 7, 63, 5]
[2, 6, 11, 14, 17, 75, 5]
[2, 6, 11, 14, 27, 87, 5]
[2, 6, 11, 14, 37, 99, 5]
[2, 6, 11, 18, 2, 75, 3]
[2, 6, 11, 18, 12, 87, 3]
[2, 6, 11, 18, 22, 99, 3]
[2, 6, 11, 18, 32, 111, 3]
[2, 6, 14, 14, 12, 42, 4]
[2, 6, 14, 14, 22, 54, 4]
[2, 6, 14, 14, 32, 66, 4]
[2, 6, 14, 14, 42, 78, 4]
[2, 6, 14, 18, 7, 54, 5]
[2, 6, 14, 18, 17, 66, 5]
[2, 6, 14, 18, 27, 78, 5]
[2, 6, 14, 18, 37, 90, 5]
[2, 6, 17, 18, 32, 51, 3]
[2, 6, 17, 18, 42, 63, 3]
[2, 8, 5, 16, 12, 89, 5]
[2, 8, 5, 16, 22, 101, 5]
[2, 8, 5, 16, 32, 113, 5]
[2, 8, 5, 16, 42, 125, 5]
[2, 8, 11, 16, 2, 53, 5]
[2, 8, 11, 16, 12, 65, 5]
[2, 8, 11, 16, 22, 77, 5]
[2, 8, 11, 16, 32, 89, 5]
[2, 8, 11, 16, 42, 101, 5]
[2, 8, 17, 16, 32, 41, 5]
[2, 8, 17, 16, 42, 53, 5]
[2, 8, 17, 16, 52, 65, 5]
[2, 10, 2, 14, 12, 70, 4]
[2, 10, 2, 14, 22, 82, 4]
[2, 10, 2, 14, 32, 94, 4]
[2, 10, 2, 14, 42, 106, 4]
[2, 10, 2, 14, 52, 118, 4]
[2, 10, 2, 14, 62, 130, 4]
[2, 10, 2, 18, 7, 70, 5]
[2, 10, 2, 18, 17, 82, 5]
[2, 10, 2, 18, 27, 94, 5]
[2, 10, 2, 18, 37, 106, 5]
[2, 10, 2, 18, 47, 118, 5]
[2, 10, 5, 14, 7, 67, 5]
[2, 10, 5, 14, 17, 79, 5]
[2, 10, 5, 14, 27, 91, 5]
[2, 10, 5, 14, 37, 103, 5]
[2, 10, 5, 14, 47, 115, 5]
[2, 10, 5, 14, 57, 127, 5]
[2, 10, 5, 18, 2, 67, 3]
[2, 10, 5, 18, 12, 79, 3]
[2, 10, 5, 18, 22, 91, 3]
[2, 10, 5, 18, 32, 103, 3]
[2, 10, 5, 18, 42, 115, 3]
[2, 10, 5, 18, 52, 127, 3]
[2, 10, 8, 14, 2, 58, 4]
[2, 10, 8, 14, 12, 70, 4]
[2, 10, 8, 14, 22, 82, 4]
[2, 10, 8, 14, 32, 94, 4]
[2, 10, 8, 14, 42, 106, 4]
[2, 10, 8, 14, 52, 118, 4]
[2, 10, 8, 18, 7, 70, 5]
[2, 10, 8, 18, 17, 82, 5]
[2, 10, 8, 18, 27, 94, 5]
[2, 10, 8, 18, 37, 106, 5]
[2, 10, 8, 18, 47, 118, 5]
[2, 10, 11, 14, 7, 55, 5]
[2, 10, 11, 14, 17, 67, 5]
[2, 10, 11, 14, 27, 79, 5]
[2, 10, 11, 14, 37, 91, 5]
[2, 10, 11, 14, 47, 103, 5]
[2, 10, 11, 14, 57, 115, 5]
[2, 10, 11, 18, 12, 67, 3]
[2, 10, 11, 18, 22, 79, 3]
[2, 10, 11, 18, 32, 91, 3]
[2, 10, 11, 18, 42, 103, 3]
[2, 10, 11, 18, 52, 115, 3]
[2, 10, 14, 14, 22, 58, 4]
[2, 10, 14, 14, 32, 70, 4]
[2, 10, 14, 14, 42, 82, 4]
[2, 10, 14, 14, 52, 94, 4]
[2, 10, 14, 18, 27, 70, 5]
[2, 10, 14, 18, 37, 82, 5]
[2, 10, 14, 18, 47, 94, 5]
[2, 10, 17, 14, 37, 55, 5]
[2, 10, 17, 14, 47, 67, 5]
[2, 10, 17, 14, 57, 79, 5]
[2, 10, 17, 18, 32, 55, 3]
[2, 10, 17, 18, 42, 67, 3]
[2, 10, 17, 18, 52, 79, 3]
[2, 12, 5, 16, 2, 57, 5]
[2, 12, 5, 16, 12, 69, 5]
[2, 12, 5, 16, 22, 81, 5]
[2, 12, 5, 16, 32, 93, 5]
[2, 12, 5, 16, 42, 105, 5]
[2, 12, 5, 16, 52, 117, 5]
[2, 12, 5, 16, 62, 129, 5]
[2, 12, 11, 16, 12, 69, 5]
[2, 12, 11, 16, 22, 81, 5]
[2, 12, 11, 16, 32, 93, 5]
[2, 12, 11, 16, 42, 105, 5]
[2, 12, 11, 16, 52, 117, 5]
[2, 12, 17, 16, 32, 69, 5]
[2, 12, 17, 16, 42, 81, 5]
[2, 12, 17, 16, 52, 93, 5]
[2, 14, 2, 14, 22, 62, 4]
[2, 14, 2, 14, 32, 74, 4]
[2, 14, 2, 14, 42, 86, 4]
[2, 14, 2, 18, 37, 74, 5]
[2, 14, 2, 18, 47, 86, 5]
[2, 14, 2, 18, 57, 98, 5]
[2, 14, 5, 14, 7, 59, 5]
[2, 14, 5, 14, 17, 71, 5]
[2, 14, 5, 14, 27, 83, 5]
[2, 14, 5, 14, 37, 95, 5]
[2, 14, 5, 14, 47, 107, 5]
[2, 14, 5, 18, 12, 59, 3]
[2, 14, 5, 18, 22, 71, 3]
[2, 14, 5, 18, 32, 83, 3]
[2, 14, 5, 18, 42, 95, 3]
[2, 14, 5, 18, 52, 107, 3]
[2, 14, 8, 14, 12, 74, 4]
[2, 14, 8, 14, 22, 86, 4]
[2, 14, 8, 14, 32, 98, 4]
[2, 14, 8, 14, 42, 110, 4]
[2, 14, 8, 14, 52, 122, 4]
[2, 14, 8, 18, 17, 74, 5]
[2, 14, 8, 18, 27, 86, 5]
[2, 14, 8, 18, 37, 98, 5]
[2, 14, 8, 18, 47, 110, 5]
[2, 14, 8, 18, 57, 122, 5]
[2, 14, 11, 14, 27, 95, 5]
[2, 14, 11, 14, 37, 107, 5]
[2, 14, 11, 14, 47, 119, 5]
[2, 14, 11, 18, 22, 83, 3]
[2, 14, 11, 18, 32, 95, 3]
[2, 14, 11, 18, 42, 107, 3]
[2, 14, 11, 18, 52, 119, 3]
[2, 14, 14, 14, 22, 86, 4]
[2, 14, 14, 14, 32, 98, 4]
[2, 14, 14, 14, 42, 110, 4]
[2, 14, 14, 14, 52, 122, 4]
[2, 14, 14, 18, 27, 86, 5]
[2, 14, 14, 18, 37, 98, 5]
[2, 14, 17, 14, 37, 95, 5]
[2, 14, 17, 18, 32, 83, 3]
[2, 14, 17, 18, 42, 95, 3]
[2, 16, 5, 16, 32, 73, 5]
[2, 16, 5, 16, 42, 85, 5]
[2, 16, 5, 16, 52, 97, 5]
[2, 16, 11, 16, 22, 85, 5]
[2, 16, 11, 16, 32, 97, 5]
[2, 16, 11, 16, 42, 109, 5]
[2, 16, 17, 16, 22, 85, 5]
[2, 16, 17, 16, 32, 97, 5]
[2, 18, 5, 18, 52, 63, 3]
[2, 18, 8, 18, 37, 66, 5]
[2, 18, 8, 18, 47, 78, 5]
[2, 18, 11, 18, 32, 75, 3]
[2, 18, 11, 18, 42, 87, 3]
[2, 18, 14, 18, 27, 78, 5]
[3, 5, 3, 13, 23, 125, 5]
[3, 5, 3, 13, 33, 125, 5]
[3, 5, 3, 13, 43, 125, 5]
[3, 5, 3, 17, 33, 149, 1]
[3, 5, 6, 13, 23, 134, 5]
[3, 5, 6, 13, 33, 134, 5]
[3, 5, 6, 13, 43, 134, 5]
[3, 5, 9, 13, 23, 137, 5]
[3, 5, 9, 13, 33, 137, 5]
[3, 5, 9, 13, 43, 137, 5]
[3, 5, 9, 17, 33, 161, 1]
[3, 5, 12, 13, 23, 134, 5]
[3, 5, 12, 13, 33, 134, 5]
[3, 5, 12, 13, 43, 134, 5]
[3, 5, 15, 13, 23, 125, 5]
[3, 5, 15, 13, 33, 125, 5]
[3, 5, 15, 13, 43, 125, 5]
[3, 5, 15, 17, 33, 149, 1]
[3, 5, 18, 13, 23, 110, 5]
[3, 5, 18, 13, 33, 110, 5]
[3, 5, 18, 13, 43, 110, 5]
[3, 5, 18, 17, 33, 134, 4]
[3, 7, 3, 15, 13, 103, 3]
[3, 7, 3, 15, 23, 103, 3]
[3, 7, 3, 15, 33, 103, 3]
[3, 7, 3, 15, 43, 103, 3]
[3, 7, 3, 15, 53, 103, 3]
[3, 7, 3, 15, 63, 103, 3]
[3, 7, 6, 15, 18, 112, 4]
[3, 7, 6, 15, 28, 112, 4]
[3, 7, 6, 15, 38, 112, 4]
[3, 7, 6, 15, 48, 112, 4]
[3, 7, 6, 15, 58, 112, 4]
[3, 7, 9, 15, 13, 115, 3]
[3, 7, 9, 15, 23, 115, 3]
[3, 7, 9, 15, 33, 115, 3]
[3, 7, 9, 15, 43, 115, 3]
[3, 7, 9, 15, 53, 115, 3]
[3, 7, 12, 15, 8, 112, 4]
[3, 7, 12, 15, 18, 112, 4]
[3, 7, 12, 15, 28, 112, 4]
[3, 7, 12, 15, 38, 112, 4]
[3, 7, 12, 15, 48, 112, 4]
[3, 7, 15, 15, 3, 103, 3]
[3, 7, 15, 15, 13, 103, 3]
[3, 7, 15, 15, 23, 103, 3]
[3, 7, 15, 15, 33, 103, 3]
[3, 7, 15, 15, 43, 103, 3]
[3, 7, 15, 15, 53, 103, 3]
[3, 7, 18, 15, 8, 88, 4]
[3, 7, 18, 15, 18, 88, 4]
[3, 7, 18, 15, 28, 88, 4]
[3, 7, 18, 15, 38, 88, 4]
[3, 9, 3, 13, 3, 81, 5]
[3, 9, 3, 13, 13, 81, 5]
[3, 9, 3, 13, 23, 81, 5]
[3, 9, 3, 13, 33, 81, 5]
[3, 9, 3, 13, 43, 81, 5]
[3, 9, 3, 13, 53, 81, 5]
[3, 9, 3, 13, 63, 81, 5]
[3, 9, 3, 17, 13, 93, 1]
[3, 9, 3, 17, 23, 93, 1]
[3, 9, 3, 17, 33, 93, 1]
[3, 9, 3, 17, 43, 93, 1]
[3, 9, 3, 17, 53, 93, 1]
[3, 9, 3, 17, 63, 93, 1]
[3, 9, 6, 13, 3, 90, 5]
[3, 9, 6, 13, 13, 90, 5]
[3, 9, 6, 13, 23, 90, 5]
[3, 9, 6, 13, 33, 90, 5]
[3, 9, 6, 13, 43, 90, 5]
[3, 9, 6, 13, 53, 90, 5]
[3, 9, 6, 13, 63, 90, 5]
[3, 9, 6, 17, 13, 102, 4]
[3, 9, 6, 17, 23, 102, 4]
[3, 9, 6, 17, 33, 102, 4]
[3, 9, 6, 17, 43, 102, 4]
[3, 9, 6, 17, 53, 102, 4]
[3, 9, 6, 17, 63, 102, 4]
[3, 9, 9, 13, 3, 93, 5]
[3, 9, 9, 13, 13, 93, 5]
[3, 9, 9, 13, 23, 93, 5]
[3, 9, 9, 13, 33, 93, 5]
[3, 9, 9, 13, 43, 93, 5]
[3, 9, 9, 13, 53, 93, 5]
[3, 9, 9, 13, 63, 93, 5]
[3, 9, 9, 17, 3, 105, 1]
[3, 9, 9, 17, 13, 105, 1]
[3, 9, 9, 17, 23, 105, 1]
[3, 9, 9, 17, 33, 105, 1]
[3, 9, 9, 17, 43, 105, 1]
[3, 9, 9, 17, 53, 105, 1]
[3, 9, 9, 17, 63, 105, 1]
[3, 9, 12, 13, 3, 90, 5]
[3, 9, 12, 13, 13, 90, 5]
[3, 9, 12, 13, 23, 90, 5]
[3, 9, 12, 13, 33, 90, 5]
[3, 9, 12, 13, 43, 90, 5]
[3, 9, 12, 13, 53, 90, 5]
[3, 9, 12, 13, 63, 90, 5]
[3, 9, 12, 17, 3, 102, 4]
[3, 9, 12, 17, 13, 102, 4]
[3, 9, 12, 17, 23, 102, 4]
[3, 9, 12, 17, 33, 102, 4]
[3, 9, 12, 17, 43, 102, 4]
[3, 9, 12, 17, 53, 102, 4]
[3, 9, 15, 13, 3, 81, 5]
[3, 9, 15, 13, 13, 81, 5]
[3, 9, 15, 13, 23, 81, 5]
[3, 9, 15, 13, 33, 81, 5]
[3, 9, 15, 13, 43, 81, 5]
[3, 9, 15, 13, 53, 81, 5]
[3, 9, 15, 13, 63, 81, 5]
[3, 9, 15, 17, 3, 93, 1]
[3, 9, 15, 17, 13, 93, 1]
[3, 9, 15, 17, 23, 93, 1]
[3, 9, 15, 17, 33, 93, 1]
[3, 9, 15, 17, 43, 93, 1]
[3, 9, 15, 17, 53, 93, 1]
[3, 9, 18, 13, 23, 66, 5]
[3, 9, 18, 13, 33, 66, 5]
[3, 9, 18, 13, 43, 66, 5]
[3, 9, 18, 17, 13, 78, 4]
[3, 9, 18, 17, 23, 78, 4]
[3, 9, 18, 17, 33, 78, 4]
[3, 9, 18, 17, 43, 78, 4]
[3, 9, 18, 17, 53, 78, 4]
[3, 11, 3, 15, 3, 83, 3]
[3, 11, 3, 15, 13, 83, 3]
[3, 11, 3, 15, 23, 83, 3]
[3, 11, 3, 15, 33, 83, 3]
[3, 11, 3, 15, 43, 83, 3]
[3, 11, 3, 15, 53, 83, 3]
[3, 11, 6, 15, 8, 92, 4]
[3, 11, 6, 15, 18, 92, 4]
[3, 11, 6, 15, 28, 92, 4]
[3, 11, 6, 15, 38, 92, 4]
[3, 11, 6, 15, 48, 92, 4]
[3, 11, 6, 15, 58, 92, 4]
[3, 11, 9, 15, 3, 95, 3]
[3, 11, 9, 15, 13, 95, 3]
[3, 11, 9, 15, 23, 95, 3]
[3, 11, 9, 15, 33, 95, 3]
[3, 11, 9, 15, 43, 95, 3]
[3, 11, 9, 15, 53, 95, 3]
[3, 11, 9, 15, 63, 95, 3]
[3, 11, 12, 15, 8, 92, 4]
[3, 11, 12, 15, 18, 92, 4]
[3, 11, 12, 15, 28, 92, 4]
[3, 11, 12, 15, 38, 92, 4]
[3, 11, 12, 15, 48, 92, 4]
[3, 11, 12, 15, 58, 92, 4]
[3, 11, 15, 15, 13, 83, 3]
[3, 11, 15, 15, 23, 83, 3]
[3, 11, 15, 15, 33, 83, 3]
[3, 11, 15, 15, 43, 83, 3]
[3, 11, 15, 15, 53, 83, 3]
[3, 11, 15, 15, 63, 83, 3]
[3, 11, 18, 15, 28, 68, 4]
[3, 11, 18, 15, 38, 68, 4]
[3, 11, 18, 15, 48, 68, 4]
[3, 11, 18, 15, 58, 68, 4]
[3, 13, 3, 13, 3, 85, 5]
[3, 13, 3, 13, 13, 85, 5]
[3, 13, 3, 13, 23, 85, 5]
[3, 13, 3, 13, 33, 85, 5]
[3, 13, 3, 13, 43, 85, 5]
[3, 13, 3, 17, 13, 85, 1]
[3, 13, 3, 17, 23, 85, 1]
[3, 13, 3, 17, 33, 85, 1]
[3, 13, 3, 17, 43, 85, 1]
[3, 13, 6, 13, 3, 94, 5]
[3, 13, 6, 13, 13, 94, 5]
[3, 13, 6, 13, 23, 94, 5]
[3, 13, 6, 13, 33, 94, 5]
[3, 13, 6, 13, 43, 94, 5]
[3, 13, 6, 17, 3, 94, 4]
[3, 13, 6, 17, 13, 94, 4]
[3, 13, 6, 17, 23, 94, 4]
[3, 13, 6, 17, 33, 94, 4]
[3, 13, 6, 17, 43, 94, 4]
[3, 13, 6, 17, 53, 94, 4]
[3, 13, 9, 13, 13, 97, 5]
[3, 13, 9, 13, 23, 97, 5]
[3, 13, 9, 13, 33, 97, 5]
[3, 13, 9, 13, 43, 97, 5]
[3, 13, 9, 13, 53, 97, 5]
[3, 13, 9, 17, 13, 97, 1]
[3, 13, 9, 17, 23, 97, 1]
[3, 13, 9, 17, 33, 97, 1]
[3, 13, 9, 17, 43, 97, 1]
[3, 13, 9, 17, 53, 97, 1]
[3, 13, 12, 13, 23, 94, 5]
[3, 13, 12, 13, 33, 94, 5]
[3, 13, 12, 13, 43, 94, 5]
[3, 13, 12, 13, 53, 94, 5]
[3, 13, 12, 13, 63, 94, 5]
[3, 13, 12, 17, 13, 94, 4]
[3, 13, 12, 17, 23, 94, 4]
[3, 13, 12, 17, 33, 94, 4]
[3, 13, 12, 17, 43, 94, 4]
[3, 13, 12, 17, 53, 94, 4]
[3, 13, 12, 17, 63, 94, 4]
[3, 13, 15, 13, 23, 85, 5]
[3, 13, 15, 13, 33, 85, 5]
[3, 13, 15, 13, 43, 85, 5]
[3, 13, 15, 13, 53, 85, 5]
[3, 13, 15, 13, 63, 85, 5]
[3, 13, 15, 17, 23, 85, 1]
[3, 13, 15, 17, 33, 85, 1]
[3, 13, 15, 17, 43, 85, 1]
[3, 13, 15, 17, 53, 85, 1]
[3, 13, 18, 13, 33, 70, 5]
[3, 13, 18, 13, 43, 70, 5]
[3, 13, 18, 13, 53, 70, 5]
[3, 13, 18, 17, 33, 70, 4]
[3, 13, 18, 17, 43, 70, 4]
[3, 15, 3, 15, 23, 87, 3]
[3, 15, 3, 15, 33, 87, 3]
[3, 15, 3, 15, 43, 87, 3]
[3, 15, 6, 15, 18, 96, 4]
[3, 15, 6, 15, 28, 96, 4]
[3, 15, 6, 15, 38, 96, 4]
[3, 15, 9, 15, 23, 99, 3]
[3, 15, 9, 15, 33, 99, 3]
[3, 15, 9, 15, 43, 99, 3]
[3, 15, 12, 15, 28, 96, 4]
[3, 15, 12, 15, 38, 96, 4]
[3, 15, 12, 15, 48, 96, 4]
[3, 15, 15, 15, 23, 87, 3]
[3, 15, 15, 15, 33, 87, 3]
[3, 15, 15, 15, 43, 87, 3]
[3, 15, 18, 15, 28, 72, 4]
[3, 17, 3, 17, 43, 77, 1]
[3, 17, 6, 17, 33, 86, 4]
[3, 17, 6, 17, 43, 86, 4]
[3, 17, 9, 17, 23, 89, 1]
[3, 17, 9, 17, 33, 89, 1]
[3, 17, 9, 17, 43, 89, 1]
[3, 17, 12, 17, 23, 86, 4]
[3, 17, 12, 17, 33, 86, 4]
[3, 17, 15, 17, 23, 77, 1]
[4, 4, 7, 16, 44, 121, 5]
[4, 4, 7, 16, 54, 109, 5]
[4, 4, 7, 16, 64, 97, 5]
[4, 6, 4, 14, 24, 78, 4]
[4, 6, 4, 14, 34, 66, 4]
[4, 6, 4, 14, 44, 54, 4]
[4, 6, 4, 14, 54, 42, 4]
[4, 6, 4, 18, 29, 90, 5]
[4, 6, 4, 18, 39, 78, 5]
[4, 6, 4, 18, 49, 66, 5]
[4, 6, 4, 18, 59, 54, 5]
[4, 6, 7, 14, 29, 99, 5]
[4, 6, 7, 14, 39, 87, 5]
[4, 6, 7, 14, 49, 75, 5]
[4, 6, 7, 14, 59, 63, 5]
[4, 6, 7, 18, 34, 111, 3]
[4, 6, 7, 18, 44, 99, 3]
[4, 6, 7, 18, 54, 87, 3]
[4, 6, 7, 18, 64, 75, 3]
[4, 6, 10, 14, 34, 114, 4]
[4, 6, 10, 14, 44, 102, 4]
[4, 6, 10, 14, 54, 90, 4]
[4, 6, 10, 18, 39, 126, 5]
[4, 6, 10, 18, 49, 114, 5]
[4, 6, 10, 18, 59, 102, 5]
[4, 6, 13, 14, 39, 123, 5]
[4, 6, 13, 14, 49, 111, 5]
[4, 6, 13, 14, 59, 99, 5]
[4, 6, 13, 18, 44, 135, 3]
[4, 6, 13, 18, 54, 123, 3]
[4, 6, 16, 14, 44, 126, 4]
[4, 6, 16, 14, 54, 114, 4]
[4, 8, 7, 16, 24, 101, 5]
[4, 8, 7, 16, 34, 89, 5]
[4, 8, 7, 16, 44, 77, 5]
[4, 8, 7, 16, 54, 65, 5]
[4, 8, 7, 16, 64, 53, 5]
[4, 8, 13, 16, 24, 125, 5]
[4, 8, 13, 16, 34, 113, 5]
[4, 8, 13, 16, 44, 101, 5]
[4, 8, 13, 16, 54, 89, 5]
[4, 10, 4, 14, 14, 94, 4]
[4, 10, 4, 14, 24, 82, 4]
[4, 10, 4, 14, 34, 70, 4]
[4, 10, 4, 14, 44, 58, 4]
[4, 10, 4, 18, 19, 94, 5]
[4, 10, 4, 18, 29, 82, 5]
[4, 10, 4, 18, 39, 70, 5]
[4, 10, 7, 14, 9, 115, 5]
[4, 10, 7, 14, 19, 103, 5]
[4, 10, 7, 14, 29, 91, 5]
[4, 10, 7, 14, 39, 79, 5]
[4, 10, 7, 14, 49, 67, 5]
[4, 10, 7, 14, 59, 55, 5]
[4, 10, 7, 18, 14, 115, 3]
[4, 10, 7, 18, 24, 103, 3]
[4, 10, 7, 18, 34, 91, 3]
[4, 10, 7, 18, 44, 79, 3]
[4, 10, 7, 18, 54, 67, 3]
[4, 10, 10, 14, 14, 118, 4]
[4, 10, 10, 14, 24, 106, 4]
[4, 10, 10, 14, 34, 94, 4]
[4, 10, 10, 14, 44, 82, 4]
[4, 10, 10, 14, 54, 70, 4]
[4, 10, 10, 14, 64, 58, 4]
[4, 10, 10, 18, 19, 118, 5]
[4, 10, 10, 18, 29, 106, 5]
[4, 10, 10, 18, 39, 94, 5]
[4, 10, 10, 18, 49, 82, 5]
[4, 10, 10, 18, 59, 70, 5]
[4, 10, 13, 14, 9, 127, 5]
[4, 10, 13, 14, 19, 115, 5]
[4, 10, 13, 14, 29, 103, 5]
[4, 10, 13, 14, 39, 91, 5]
[4, 10, 13, 14, 49, 79, 5]
[4, 10, 13, 14, 59, 67, 5]
[4, 10, 13, 18, 14, 127, 3]
[4, 10, 13, 18, 24, 115, 3]
[4, 10, 13, 18, 34, 103, 3]
[4, 10, 13, 18, 44, 91, 3]
[4, 10, 13, 18, 54, 79, 3]
[4, 10, 13, 18, 64, 67, 3]
[4, 10, 16, 14, 4, 130, 4]
[4, 10, 16, 14, 14, 118, 4]
[4, 10, 16, 14, 24, 106, 4]
[4, 10, 16, 14, 34, 94, 4]
[4, 10, 16, 14, 44, 82, 4]
[4, 10, 16, 14, 54, 70, 4]
[4, 10, 16, 18, 19, 118, 5]
[4, 10, 16, 18, 29, 106, 5]
[4, 10, 16, 18, 39, 94, 5]
[4, 10, 16, 18, 49, 82, 5]
[4, 10, 16, 18, 59, 70, 5]
[4, 12, 7, 16, 14, 117, 5]
[4, 12, 7, 16, 24, 105, 5]
[4, 12, 7, 16, 34, 93, 5]
[4, 12, 7, 16, 44, 81, 5]
[4, 12, 7, 16, 54, 69, 5]
[4, 12, 13, 16, 4, 129, 5]
[4, 12, 13, 16, 14, 117, 5]
[4, 12, 13, 16, 24, 105, 5]
[4, 12, 13, 16, 34, 93, 5]
[4, 12, 13, 16, 44, 81, 5]
[4, 12, 13, 16, 54, 69, 5]
[4, 12, 13, 16, 64, 57, 5]
[4, 14, 4, 14, 14, 122, 4]
[4, 14, 4, 14, 24, 110, 4]
[4, 14, 4, 14, 34, 98, 4]
[4, 14, 4, 14, 44, 86, 4]
[4, 14, 4, 18, 29, 98, 5]
[4, 14, 4, 18, 39, 86, 5]
[4, 14, 7, 14, 19, 119, 5]
[4, 14, 7, 14, 29, 107, 5]
[4, 14, 7, 14, 39, 95, 5]
[4, 14, 7, 18, 14, 119, 3]
[4, 14, 7, 18, 24, 107, 3]
[4, 14, 7, 18, 34, 95, 3]
[4, 14, 7, 18, 44, 83, 3]
[4, 14, 10, 14, 14, 122, 4]
[4, 14, 10, 14, 24, 110, 4]
[4, 14, 10, 14, 34, 98, 4]
[4, 14, 10, 14, 44, 86, 4]
[4, 14, 10, 14, 54, 74, 4]
[4, 14, 10, 18, 9, 122, 5]
[4, 14, 10, 18, 19, 110, 5]
[4, 14, 10, 18, 29, 98, 5]
[4, 14, 10, 18, 39, 86, 5]
[4, 14, 10, 18, 49, 74, 5]
[4, 14, 13, 14, 19, 107, 5]
[4, 14, 13, 14, 29, 95, 5]
[4, 14, 13, 14, 39, 83, 5]
[4, 14, 13, 14, 49, 71, 5]
[4, 14, 13, 14, 59, 59, 5]
[4, 14, 13, 18, 14, 107, 3]
[4, 14, 13, 18, 24, 95, 3]
[4, 14, 13, 18, 34, 83, 3]
[4, 14, 13, 18, 44, 71, 3]
[4, 14, 13, 18, 54, 59, 3]
[4, 14, 16, 14, 24, 86, 4]
[4, 14, 16, 14, 34, 74, 4]
[4, 14, 16, 14, 44, 62, 4]
[4, 14, 16, 18, 9, 98, 5]
[4, 14, 16, 18, 19, 86, 5]
[4, 14, 16, 18, 29, 74, 5]
[4, 16, 7, 16, 24, 109, 5]
[4, 16, 7, 16, 34, 97, 5]
[4, 16, 7, 16, 44, 85, 5]
[4, 16, 13, 16, 14, 97, 5]
[4, 16, 13, 16, 24, 85, 5]
[4, 16, 13, 16, 34, 73, 5]
[4, 18, 4, 18, 39, 78, 5]
[4, 18, 7, 18, 24, 87, 3]
[4, 18, 7, 18, 34, 75, 3]
[4, 18, 10, 18, 19, 78, 5]
[4, 18, 10, 18, 29, 66, 5]
[4, 18, 13, 18, 14, 63, 3]
[5, 5, 5, 13, 15, 53, 5]
[5, 5, 5, 13, 25, 29, 5]
[5, 5, 5, 17, 15, 65, 1]
[5, 5, 5, 17, 25, 41, 1]
[5, 5, 8, 13, 25, 74, 5]
[5, 5, 8, 13, 35, 50, 5]
[5, 5, 8, 17, 25, 86, 4]
[5, 5, 8, 17, 35, 62, 4]
[5, 5, 11, 13, 35, 89, 5]
[5, 5, 11, 13, 45, 65, 5]
[5, 5, 11, 17, 45, 77, 1]
[5, 5, 14, 17, 55, 86, 4]
[5, 5, 17, 17, 65, 89, 1]
[5, 7, 5, 15, 15, 79, 3]
[5, 7, 5, 15, 25, 55, 3]
[5, 7, 8, 15, 30, 76, 4]
[5, 7, 8, 15, 40, 52, 4]
[5, 7, 11, 15, 35, 91, 3]
[5, 7, 11, 15, 45, 67, 3]
[5, 7, 14, 15, 40, 100, 4]
[5, 7, 14, 15, 50, 76, 4]
[5, 7, 17, 15, 45, 103, 3]
[5, 9, 5, 13, 15, 105, 5]
[5, 9, 5, 13, 25, 81, 5]
[5, 9, 5, 13, 35, 57, 5]
[5, 9, 5, 17, 25, 81, 1]
[5, 9, 5, 17, 35, 57, 1]
[5, 9, 8, 13, 25, 102, 5]
[5, 9, 8, 13, 35, 78, 5]
[5, 9, 8, 13, 45, 54, 5]
[5, 9, 8, 17, 25, 102, 4]
[5, 9, 8, 17, 35, 78, 4]
[5, 9, 8, 17, 45, 54, 4]
[5, 9, 11, 13, 25, 117, 5]
[5, 9, 11, 13, 35, 93, 5]
[5, 9, 11, 13, 45, 69, 5]
[5, 9, 11, 17, 25, 117, 1]
[5, 9, 11, 17, 35, 93, 1]
[5, 9, 11, 17, 45, 69, 1]
[5, 9, 14, 13, 35, 102, 5]
[5, 9, 14, 13, 45, 78, 5]
[5, 9, 14, 17, 35, 102, 4]
[5, 9, 14, 17, 45, 78, 4]
[5, 9, 17, 13, 35, 105, 5]
[5, 9, 17, 13, 45, 81, 5]
[5, 9, 17, 17, 35, 105, 1]
[5, 9, 17, 17, 45, 81, 1]
[5, 11, 5, 15, 25, 107, 3]
[5, 11, 5, 15, 35, 83, 3]
[5, 11, 8, 15, 20, 128, 4]
[5, 11, 8, 15, 30, 104, 4]
[5, 11, 8, 15, 40, 80, 4]
[5, 11, 8, 15, 50, 56, 4]
[5, 11, 11, 15, 25, 119, 3]
[5, 11, 11, 15, 35, 95, 3]
[5, 11, 11, 15, 45, 71, 3]
[5, 11, 11, 15, 55, 47, 3]
[5, 11, 14, 15, 20, 128, 4]
[5, 11, 14, 15, 30, 104, 4]
[5, 11, 14, 15, 40, 80, 4]
[5, 11, 14, 15, 50, 56, 4]
[5, 11, 17, 15, 25, 107, 3]
[5, 11, 17, 15, 35, 83, 3]
[5, 11, 17, 15, 45, 59, 3]
[5, 13, 5, 13, 25, 133, 5]
[5, 13, 5, 13, 35, 109, 5]
[5, 13, 5, 13, 45, 85, 5]
[5, 13, 5, 17, 25, 121, 1]
[5, 13, 5, 17, 35, 97, 1]
[5, 13, 8, 13, 25, 130, 5]
[5, 13, 8, 13, 35, 106, 5]
[5, 13, 8, 13, 45, 82, 5]
[5, 13, 8, 17, 25, 118, 4]
[5, 13, 8, 17, 35, 94, 4]
[5, 13, 8, 17, 45, 70, 4]
[5, 13, 11, 13, 15, 145, 5]
[5, 13, 11, 13, 25, 121, 5]
[5, 13, 11, 13, 35, 97, 5]
[5, 13, 11, 13, 45, 73, 5]
[5, 13, 11, 13, 55, 49, 5]
[5, 13, 11, 17, 25, 109, 1]
[5, 13, 11, 17, 35, 85, 1]
[5, 13, 11, 17, 45, 61, 1]
[5, 13, 14, 13, 15, 130, 5]
[5, 13, 14, 13, 25, 106, 5]
[5, 13, 14, 13, 35, 82, 5]
[5, 13, 14, 13, 45, 58, 5]
[5, 13, 14, 13, 55, 34, 5]
[5, 13, 14, 17, 15, 118, 4]
[5, 13, 14, 17, 25, 94, 4]
[5, 13, 14, 17, 35, 70, 4]
[5, 13, 14, 17, 45, 46, 4]
[5, 13, 14, 17, 55, 22, 4]
[5, 13, 17, 13, 5, 133, 5]
[5, 13, 17, 13, 15, 109, 5]
[5, 13, 17, 13, 25, 85, 5]
[5, 13, 17, 13, 35, 61, 5]
[5, 13, 17, 13, 45, 37, 5]
[5, 13, 17, 17, 15, 97, 1]
[5, 13, 17, 17, 25, 73, 1]
[5, 15, 5, 15, 25, 135, 3]
[5, 15, 5, 15, 35, 111, 3]
[5, 15, 5, 15, 45, 87, 3]
[5, 15, 8, 15, 20, 132, 4]
[5, 15, 8, 15, 30, 108, 4]
[5, 15, 8, 15, 40, 84, 4]
[5, 15, 11, 15, 15, 123, 3]
[5, 15, 11, 15, 25, 99, 3]
[5, 15, 11, 15, 35, 75, 3]
[5, 15, 11, 15, 45, 51, 3]
[5, 15, 14, 15, 10, 108, 4]
[5, 15, 14, 15, 20, 84, 4]
[5, 15, 14, 15, 30, 60, 4]
[5, 15, 14, 15, 40, 36, 4]
[5, 15, 17, 15, 5, 87, 3]
[5, 17, 5, 17, 25, 113, 1]
[5, 17, 5, 17, 35, 89, 1]
[5, 17, 8, 17, 25, 86, 4]
[5, 17, 11, 17, 5, 101, 1]
[5, 17, 11, 17, 15, 77, 1]
[5, 17, 11, 17, 25, 53, 1]
[6, 6, 6, 14, 16, 66, 4]
[6, 6, 6, 18, 11, 78, 5]
[6, 6, 9, 14, 21, 87, 5]
[6, 6, 9, 18, 26, 63, 3]
[6, 6, 12, 18, 31, 78, 5]
[6, 6, 15, 14, 41, 75, 5]
[6, 8, 9, 16, 26, 101, 5]
[6, 8, 9, 16, 36, 65, 5]
[6, 8, 15, 16, 36, 89, 5]
[6, 10, 6, 14, 26, 130, 4]
[6, 10, 6, 14, 36, 94, 4]
[6, 10, 6, 18, 31, 94, 5]
[6, 10, 9, 14, 31, 115, 5]
[6, 10, 9, 14, 41, 79, 5]
[6, 10, 9, 18, 26, 115, 3]
[6, 10, 9, 18, 36, 79, 3]
[6, 10, 12, 14, 36, 94, 4]
[6, 10, 12, 18, 31, 94, 5]
[6, 10, 12, 18, 41, 58, 5]
[6, 10, 15, 14, 31, 103, 5]
[6, 10, 15, 14, 41, 67, 5]
[6, 10, 15, 18, 36, 67, 3]
[6, 10, 18, 14, 36, 70, 4]
[6, 10, 18, 18, 31, 70, 5]
[6, 12, 9, 16, 36, 93, 5]
[6, 12, 9, 16, 46, 57, 5]
[6, 12, 15, 16, 26, 81, 5]
[6, 12, 15, 16, 36, 45, 5]
[6, 14, 6, 14, 36, 122, 4]
[6, 14, 6, 14, 46, 86, 4]
[6, 14, 6, 18, 31, 110, 5]
[6, 14, 6, 18, 41, 74, 5]
[6, 14, 9, 14, 31, 107, 5]
[6, 14, 9, 14, 41, 71, 5]
[6, 14, 9, 18, 26, 95, 3]
[6, 14, 9, 18, 36, 59, 3]
[6, 14, 12, 14, 16, 122, 4]
[6, 14, 12, 14, 26, 86, 4]
[6, 14, 12, 14, 36, 50, 4]
[6, 14, 12, 18, 21, 74, 5]
[6, 14, 12, 18, 31, 38, 5]
[6, 14, 15, 14, 11, 95, 5]
[6, 14, 15, 14, 21, 59, 5]
[6, 14, 15, 18, 6, 83, 3]
[6, 16, 9, 16, 16, 97, 5]
[6, 16, 9, 16, 26, 61, 5]
