[0, 4, 6, 4, 10, 52, 5]
[0, 6, 3, 14, 10, 75, 6]
[0, 6, 3, 18, 5, 69, 5]
[0, 6, 3, 22, 0, 63, 6]
[0, 6, 6, 6, 20, 78, 3]
[0, 6, 6, 10, 15, 72, 6]
[0, 6, 6, 14, 10, 66, 3]
[0, 6, 6, 18, 5, 60, 6]
[0, 6, 6, 22, 10, 78, 3]
[0, 6, 6, 26, 5, 72, 6]
[0, 8, 0, 8, 25, 80, 6]
[0, 8, 0, 12, 20, 68, 5]
[0, 8, 0, 20, 20, 68, 5]
[0, 8, 3, 8, 30, 101, 4]
[0, 8, 3, 12, 25, 89, 6]
[0, 8, 3, 16, 20, 77, 4]
[0, 8, 3, 20, 15, 65, 6]
[0, 8, 3, 24, 10, 53, 4]
[0, 8, 3, 24, 20, 77, 4]
[0, 8, 6, 8, 25, 92, 6]
[0, 8, 6, 12, 20, 80, 5]
[0, 8, 6, 12, 30, 104, 5]
[0, 8, 6, 16, 15, 68, 6]
[0, 8, 6, 16, 25, 92, 6]
[0, 8, 6, 20, 10, 56, 5]
[0, 8, 6, 20, 20, 80, 5]
[0, 8, 6, 24, 5, 44, 6]
[0, 8, 6, 24, 15, 68, 6]
[0, 8, 6, 28, 10, 56, 5]
[0, 8, 6, 28, 20, 80, 5]
[0, 10, 0, 14, 30, 58, 3]
[0, 10, 0, 14, 40, 82, 3]
[0, 10, 0, 18, 25, 40, 6]
[0, 10, 0, 18, 35, 64, 6]
[0, 10, 0, 22, 40, 70, 3]
[0, 10, 3, 14, 30, 79, 6]
[0, 10, 3, 14, 40, 103, 6]
[0, 10, 3, 18, 25, 61, 5]
[0, 10, 3, 18, 35, 85, 5]
[0, 10, 3, 22, 20, 43, 6]
[0, 10, 3, 22, 30, 67, 6]
[0, 10, 3, 26, 35, 73, 5]
[0, 10, 6, 10, 25, 88, 6]
[0, 10, 6, 14, 20, 70, 3]
[0, 10, 6, 14, 30, 94, 3]
[0, 10, 6, 18, 15, 52, 6]
[0, 10, 6, 18, 25, 76, 6]
[0, 10, 6, 18, 35, 100, 6]
[0, 10, 6, 22, 10, 34, 3]
[0, 10, 6, 22, 20, 58, 3]
[0, 10, 6, 22, 30, 82, 3]
[0, 10, 6, 26, 15, 40, 6]
[0, 10, 6, 26, 25, 64, 6]
[0, 10, 6, 30, 30, 70, 3]
[0, 12, 0, 16, 45, 48, 6]
[0, 12, 0, 20, 60, 72, 5]
[0, 12, 3, 16, 30, 45, 4]
[0, 12, 3, 16, 40, 69, 4]
[0, 12, 3, 20, 35, 45, 6]
[0, 12, 3, 20, 45, 69, 6]
[0, 12, 3, 20, 55, 93, 6]
[0, 12, 3, 24, 50, 69, 4]
[0, 12, 6, 12, 20, 60, 5]
[0, 12, 6, 16, 15, 36, 6]
[0, 12, 6, 16, 25, 60, 6]
[0, 12, 6, 16, 35, 84, 6]
[0, 12, 6, 20, 10, 12, 5]
[0, 12, 6, 20, 20, 36, 5]
[0, 12, 6, 20, 30, 60, 5]
[0, 12, 6, 20, 40, 84, 5]
[0, 12, 6, 20, 50, 108, 5]
[0, 12, 6, 24, 25, 36, 6]
[0, 12, 6, 24, 35, 60, 6]
[0, 12, 6, 24, 45, 84, 6]
[0, 12, 6, 28, 40, 60, 5]
[0, 14, 0, 14, 60, 38, 3]
[0, 14, 3, 14, 40, 35, 6]
[0, 14, 3, 18, 55, 53, 5]
[0, 14, 3, 22, 70, 71, 6]
[0, 14, 6, 14, 20, 26, 3]
[0, 14, 6, 14, 30, 50, 3]
[0, 14, 6, 18, 35, 44, 6]
[0, 14, 6, 18, 45, 68, 6]
[0, 14, 6, 22, 50, 62, 3]
[0, 14, 6, 22, 60, 86, 3]
[0, 16, 6, 16, 55, 52, 6]
[0, 16, 6, 20, 70, 64, 5]
[1, 3, 4, 3, 21, 60, 6]
[1, 3, 4, 7, 11, 72, 5]
[1, 3, 4, 11, 1, 84, 6]
[1, 3, 7, 11, 11, 87, 6]
[1, 3, 7, 15, 1, 99, 2]
[1, 5, 1, 5, 41, 65, 4]
[1, 5, 1, 9, 31, 71, 6]
[1, 5, 1, 13, 21, 77, 4]
[1, 5, 1, 17, 11, 83, 6]
[1, 5, 4, 5, 36, 62, 5]
[1, 5, 4, 9, 26, 68, 6]
[1, 5, 4, 9, 36, 80, 6]
[1, 5, 4, 13, 16, 74, 5]
[1, 5, 4, 13, 26, 86, 5]
[1, 5, 4, 17, 16, 92, 6]
[1, 5, 4, 21, 6, 98, 5]
[1, 5, 7, 5, 41, 65, 4]
[1, 5, 7, 9, 31, 71, 6]
[1, 5, 7, 13, 21, 77, 4]
[1, 5, 7, 13, 31, 89, 4]
[1, 5, 7, 17, 11, 83, 6]
[1, 5, 7, 17, 21, 95, 6]
[1, 5, 7, 21, 1, 89, 4]
[1, 5, 7, 21, 11, 101, 4]
[1, 7, 1, 15, 31, 67, 2]
[1, 7, 1, 15, 41, 79, 2]
[1, 7, 1, 19, 21, 67, 6]
[1, 7, 1, 19, 31, 79, 6]
[1, 7, 1, 23, 11, 67, 2]
[1, 7, 1, 23, 21, 79, 2]
[1, 7, 1, 23, 31, 91, 2]
[1, 7, 4, 11, 41, 76, 6]
[1, 7, 4, 15, 31, 76, 5]
[1, 7, 4, 15, 41, 88, 5]
[1, 7, 4, 19, 21, 76, 6]
[1, 7, 4, 19, 31, 88, 6]
[1, 7, 4, 23, 11, 76, 5]
[1, 7, 4, 23, 21, 88, 5]
[1, 7, 4, 23, 31, 100, 5]
[1, 7, 4, 27, 21, 100, 6]
[1, 7, 7, 7, 41, 67, 2]
[1, 7, 7, 7, 51, 79, 2]
[1, 7, 7, 11, 31, 67, 6]
[1, 7, 7, 11, 41, 79, 6]
[1, 7, 7, 11, 51, 91, 6]
[1, 7, 7, 15, 21, 67, 2]
[1, 7, 7, 15, 31, 79, 2]
[1, 7, 7, 15, 41, 91, 2]
[1, 7, 7, 19, 11, 67, 6]
[1, 7, 7, 19, 21, 79, 6]
[1, 7, 7, 19, 31, 91, 6]
[1, 7, 7, 23, 1, 67, 2]
[1, 7, 7, 23, 11, 79, 2]
[1, 7, 7, 23, 21, 91, 2]
[1, 7, 7, 23, 31, 103, 2]
[1, 7, 7, 27, 11, 91, 6]
[1, 7, 7, 27, 21, 103, 6]
[1, 9, 1, 17, 31, 51, 6]
[1, 9, 1, 21, 31, 57, 4]
[1, 9, 1, 21, 41, 69, 4]
[1, 9, 1, 25, 21, 51, 6]
[1, 9, 1, 25, 31, 63, 6]
[1, 9, 1, 25, 41, 75, 6]
[1, 9, 1, 29, 41, 81, 4]
[1, 9, 4, 17, 26, 60, 6]
[1, 9, 4, 17, 36, 72, 6]
[1, 9, 4, 21, 16, 54, 5]
[1, 9, 4, 21, 26, 66, 5]
[1, 9, 4, 21, 36, 78, 5]
[1, 9, 4, 21, 46, 90, 5]
[1, 9, 4, 25, 16, 60, 6]
[1, 9, 4, 25, 26, 72, 6]
[1, 9, 4, 25, 36, 84, 6]
[1, 9, 4, 25, 46, 96, 6]
[1, 9, 4, 29, 26, 78, 5]
[1, 9, 4, 29, 36, 90, 5]
[1, 9, 7, 9, 31, 63, 6]
[1, 9, 7, 13, 21, 57, 4]
[1, 9, 7, 13, 31, 69, 4]
[1, 9, 7, 13, 41, 81, 4]
[1, 9, 7, 17, 11, 51, 6]
[1, 9, 7, 17, 21, 63, 6]
[1, 9, 7, 17, 31, 75, 6]
[1, 9, 7, 17, 41, 87, 6]
[1, 9, 7, 21, 1, 45, 4]
[1, 9, 7, 21, 11, 57, 4]
[1, 9, 7, 21, 21, 69, 4]
[1, 9, 7, 21, 31, 81, 4]
[1, 9, 7, 21, 41, 93, 4]
[1, 9, 7, 21, 51, 105, 4]
[1, 9, 7, 25, 1, 51, 6]
[1, 9, 7, 25, 11, 63, 6]
[1, 9, 7, 25, 21, 75, 6]
[1, 9, 7, 25, 31, 87, 6]
[1, 9, 7, 25, 41, 99, 6]
[1, 9, 7, 29, 11, 69, 4]
[1, 9, 7, 29, 21, 81, 4]
[1, 9, 7, 29, 31, 93, 4]
[1, 11, 1, 19, 31, 35, 6]
[1, 11, 1, 23, 31, 35, 2]
[1, 11, 1, 23, 41, 47, 2]
[1, 11, 1, 27, 41, 47, 6]
[1, 11, 1, 27, 51, 59, 6]
[1, 11, 1, 31, 51, 59, 2]
[1, 11, 4, 15, 21, 44, 5]
[1, 11, 4, 19, 11, 32, 6]
[1, 11, 4, 19, 21, 44, 6]
[1, 11, 4, 19, 31, 56, 6]
[1, 11, 4, 23, 11, 32, 5]
[1, 11, 4, 23, 21, 44, 5]
[1, 11, 4, 23, 31, 56, 5]
[1, 11, 4, 23, 41, 68, 5]
[1, 11, 4, 27, 31, 56, 6]
[1, 11, 4, 27, 41, 68, 6]
[1, 11, 4, 27, 51, 80, 6]
[1, 11, 4, 31, 41, 68, 5]
[1, 11, 4, 31, 51, 80, 5]
[1, 11, 7, 11, 11, 47, 6]
[1, 11, 7, 11, 21, 59, 6]
[1, 11, 7, 15, 11, 47, 2]
[1, 11, 7, 15, 21, 59, 2]
[1, 11, 7, 15, 31, 71, 2]
[1, 11, 7, 19, 1, 35, 6]
[1, 11, 7, 19, 11, 47, 6]
[1, 11, 7, 19, 21, 59, 6]
[1, 11, 7, 19, 31, 71, 6]
[1, 11, 7, 23, 1, 35, 2]
[1, 11, 7, 23, 11, 47, 2]
[1, 11, 7, 23, 21, 59, 2]
[1, 11, 7, 23, 31, 71, 2]
[1, 11, 7, 23, 41, 83, 2]
[1, 11, 7, 27, 11, 47, 6]
[1, 11, 7, 27, 21, 59, 6]
[1, 11, 7, 27, 31, 71, 6]
[1, 11, 7, 27, 41, 83, 6]
[1, 11, 7, 27, 51, 95, 6]
[1, 11, 7, 31, 31, 71, 2]
[1, 11, 7, 31, 41, 83, 2]
[1, 13, 1, 17, 31, 19, 6]
[1, 13, 1, 21, 41, 25, 4]
[1, 13, 1, 25, 51, 31, 6]
[1, 13, 1, 29, 61, 37, 4]
[1, 13, 4, 13, 6, 22, 5]
[1, 13, 4, 13, 16, 34, 5]
[1, 13, 4, 17, 16, 28, 6]
[1, 13, 4, 17, 26, 40, 6]
[1, 13, 4, 21, 26, 34, 5]
[1, 13, 4, 21, 36, 46, 5]
[1, 13, 4, 25, 36, 40, 6]
[1, 13, 4, 25, 46, 52, 6]
[1, 13, 4, 29, 46, 46, 5]
[1, 13, 4, 29, 56, 58, 5]
[1, 13, 7, 13, 1, 37, 4]
[1, 13, 7, 13, 11, 49, 4]
[1, 13, 7, 13, 21, 61, 4]
[1, 13, 7, 17, 1, 31, 6]
[1, 13, 7, 17, 11, 43, 6]
[1, 13, 7, 17, 21, 55, 6]
[1, 13, 7, 17, 31, 67, 6]
[1, 13, 7, 21, 11, 37, 4]
[1, 13, 7, 21, 21, 49, 4]
[1, 13, 7, 21, 31, 61, 4]
[1, 13, 7, 25, 21, 43, 6]
[1, 13, 7, 25, 31, 55, 6]
[1, 13, 7, 25, 41, 67, 6]
[1, 13, 7, 29, 31, 49, 4]
[1, 13, 7, 29, 41, 61, 4]
[1, 13, 7, 29, 51, 73, 4]
[1, 15, 1, 15, 41, 15, 2]
[1, 15, 1, 19, 51, 15, 6]
[1, 15, 4, 15, 31, 36, 5]
[1, 15, 4, 19, 41, 36, 6]
[1, 15, 4, 23, 51, 36, 5]
[1, 15, 4, 27, 61, 36, 6]
[1, 15, 4, 31, 71, 36, 5]
[1, 15, 7, 15, 11, 39, 2]
[1, 15, 7, 15, 21, 51, 2]
[1, 15, 7, 19, 21, 39, 6]
[1, 15, 7, 19, 31, 51, 6]
[1, 15, 7, 23, 31, 39, 2]
[1, 15, 7, 23, 41, 51, 2]
[1, 15, 7, 27, 51, 51, 6]
[1, 15, 7, 31, 61, 51, 2]
[2, 2, 2, 6, 42, 14, 3]
[2, 2, 2, 14, 22, 74, 3]
[2, 2, 5, 10, 27, 65, 5]
[2, 2, 5, 14, 12, 95, 6]
[2, 2, 5, 14, 22, 95, 6]
[2, 2, 8, 6, 32, 50, 3]
[2, 2, 8, 10, 27, 80, 6]
[2, 2, 8, 14, 12, 110, 3]
[2, 2, 8, 14, 22, 110, 3]
[2, 4, 2, 16, 37, 40, 6]
[2, 4, 2, 20, 22, 64, 5]
[2, 4, 2, 20, 32, 64, 5]
[2, 4, 2, 20, 42, 64, 5]
[2, 4, 2, 24, 17, 88, 6]
[2, 4, 2, 24, 27, 88, 6]
[2, 4, 5, 8, 52, 13, 4]
[2, 4, 5, 12, 47, 37, 6]
[2, 4, 5, 12, 57, 37, 6]
[2, 4, 5, 16, 32, 61, 4]
[2, 4, 5, 16, 42, 61, 4]
[2, 4, 5, 16, 52, 61, 4]
[2, 4, 5, 20, 17, 85, 6]
[2, 4, 5, 20, 27, 85, 6]
[2, 4, 5, 20, 37, 85, 6]
[2, 4, 5, 24, 22, 109, 4]
[2, 4, 8, 12, 32, 52, 5]
[2, 4, 8, 12, 42, 52, 5]
[2, 4, 8, 12, 52, 52, 5]
[2, 4, 8, 16, 17, 76, 6]
[2, 4, 8, 16, 27, 76, 6]
[2, 4, 8, 16, 37, 76, 6]
[2, 4, 8, 16, 47, 76, 6]
[2, 4, 8, 20, 12, 100, 5]
[2, 4, 8, 20, 22, 100, 5]
[2, 4, 8, 20, 32, 100, 5]
[2, 6, 2, 22, 32, 42, 3]
[2, 6, 2, 26, 17, 60, 6]
[2, 6, 2, 26, 27, 60, 6]
[2, 6, 2, 26, 37, 60, 6]
[2, 6, 2, 30, 22, 78, 3]
[2, 6, 2, 30, 32, 78, 3]
[2, 6, 2, 30, 42, 78, 3]
[2, 6, 5, 14, 42, 27, 6]
[2, 6, 5, 18, 27, 45, 5]
[2, 6, 5, 18, 37, 45, 5]
[2, 6, 5, 18, 47, 45, 5]
[2, 6, 5, 22, 12, 63, 6]
[2, 6, 5, 22, 22, 63, 6]
[2, 6, 5, 22, 32, 63, 6]
[2, 6, 5, 22, 42, 63, 6]
[2, 6, 5, 22, 52, 63, 6]
[2, 6, 5, 26, 17, 81, 5]
[2, 6, 5, 26, 27, 81, 5]
[2, 6, 5, 26, 37, 81, 5]
[2, 6, 5, 26, 47, 81, 5]
[2, 6, 5, 30, 22, 99, 6]
[2, 6, 5, 30, 32, 99, 6]
[2, 6, 8, 10, 47, 24, 6]
[2, 6, 8, 10, 57, 24, 6]
[2, 6, 8, 14, 32, 42, 3]
[2, 6, 8, 14, 42, 42, 3]
[2, 6, 8, 14, 52, 42, 3]
[2, 6, 8, 14, 62, 42, 3]
[2, 6, 8, 18, 17, 60, 6]
[2, 6, 8, 18, 27, 60, 6]
[2, 6, 8, 18, 37, 60, 6]
[2, 6, 8, 18, 47, 60, 6]
[2, 6, 8, 18, 57, 60, 6]
[2, 6, 8, 18, 67, 60, 6]
[2, 6, 8, 22, 2, 78, 3]
[2, 6, 8, 22, 12, 78, 3]
[2, 6, 8, 22, 22, 78, 3]
[2, 6, 8, 22, 32, 78, 3]
[2, 6, 8, 22, 42, 78, 3]
[2, 6, 8, 22, 52, 78, 3]
[2, 6, 8, 26, 17, 96, 6]
[2, 6, 8, 26, 27, 96, 6]
[2, 6, 8, 26, 37, 96, 6]
[2, 8, 2, 24, 27, 32, 6]
[2, 8, 2, 28, 12, 44, 5]
[2, 8, 2, 28, 22, 44, 5]
[2, 8, 2, 28, 32, 44, 5]
[2, 8, 2, 32, 27, 56, 6]
[2, 8, 2, 32, 37, 56, 6]
[2, 8, 5, 16, 32, 29, 4]
[2, 8, 5, 20, 17, 41, 6]
[2, 8, 5, 20, 27, 41, 6]
[2, 8, 5, 20, 37, 41, 6]
[2, 8, 5, 24, 2, 53, 4]
[2, 8, 5, 24, 12, 53, 4]
[2, 8, 5, 24, 22, 53, 4]
[2, 8, 5, 24, 32, 53, 4]
[2, 8, 5, 24, 42, 53, 4]
[2, 8, 5, 28, 17, 65, 6]
[2, 8, 5, 28, 27, 65, 6]
[2, 8, 5, 28, 37, 65, 6]
[2, 8, 5, 28, 47, 65, 6]
[2, 8, 5, 32, 22, 77, 4]
[2, 8, 5, 32, 32, 77, 4]
[2, 8, 5, 32, 42, 77, 4]
[2, 8, 5, 32, 52, 77, 4]
[2, 8, 8, 8, 37, 20, 6]
[2, 8, 8, 12, 22, 32, 5]
[2, 8, 8, 12, 32, 32, 5]
[2, 8, 8, 12, 42, 32, 5]
[2, 8, 8, 16, 7, 44, 6]
[2, 8, 8, 16, 17, 44, 6]
[2, 8, 8, 16, 27, 44, 6]
[2, 8, 8, 16, 37, 44, 6]
[2, 8, 8, 16, 47, 44, 6]
[2, 8, 8, 20, 2, 56, 5]
[2, 8, 8, 20, 12, 56, 5]
[2, 8, 8, 20, 22, 56, 5]
[2, 8, 8, 20, 32, 56, 5]
[2, 8, 8, 20, 42, 56, 5]
[2, 8, 8, 20, 52, 56, 5]
[2, 8, 8, 24, 7, 68, 6]
[2, 8, 8, 24, 17, 68, 6]
[2, 8, 8, 24, 27, 68, 6]
[2, 8, 8, 24, 37, 68, 6]
[2, 8, 8, 24, 47, 68, 6]
[2, 8, 8, 24, 57, 68, 6]
[2, 8, 8, 28, 12, 80, 5]
[2, 8, 8, 28, 22, 80, 5]
[2, 8, 8, 28, 32, 80, 5]
[2, 8, 8, 28, 42, 80, 5]
[2, 8, 8, 28, 52, 80, 5]
[2, 8, 8, 32, 27, 92, 6]
[2, 8, 8, 32, 37, 92, 6]
[2, 10, 2, 22, 12, 22, 3]
[2, 10, 2, 22, 22, 22, 3]
[2, 10, 2, 26, 17, 28, 6]
[2, 10, 2, 26, 27, 28, 6]
[2, 10, 2, 30, 22, 34, 3]
[2, 10, 2, 30, 32, 34, 3]
[2, 10, 5, 14, 22, 31, 6]
[2, 10, 5, 18, 7, 37, 5]
[2, 10, 5, 18, 17, 37, 5]
[2, 10, 5, 18, 27, 37, 5]
[2, 10, 5, 22, 2, 43, 6]
[2, 10, 5, 22, 12, 43, 6]
[2, 10, 5, 22, 22, 43, 6]
[2, 10, 5, 22, 32, 43, 6]
[2, 10, 5, 26, 7, 49, 5]
[2, 10, 5, 26, 17, 49, 5]
[2, 10, 5, 26, 27, 49, 5]
[2, 10, 5, 26, 37, 49, 5]
[2, 10, 5, 30, 22, 55, 6]
[2, 10, 5, 30, 32, 55, 6]
[2, 10, 5, 30, 42, 55, 6]
[2, 10, 8, 10, 7, 40, 6]
[2, 10, 8, 10, 17, 40, 6]
[2, 10, 8, 10, 27, 40, 6]
[2, 10, 8, 14, 2, 46, 3]
[2, 10, 8, 14, 12, 46, 3]
[2, 10, 8, 14, 22, 46, 3]
[2, 10, 8, 14, 32, 46, 3]
[2, 10, 8, 18, 7, 52, 6]
[2, 10, 8, 18, 17, 52, 6]
[2, 10, 8, 18, 27, 52, 6]
[2, 10, 8, 18, 37, 52, 6]
[2, 10, 8, 22, 2, 58, 3]
[2, 10, 8, 22, 12, 58, 3]
[2, 10, 8, 22, 22, 58, 3]
[2, 10, 8, 22, 32, 58, 3]
[2, 10, 8, 22, 42, 58, 3]
[2, 10, 8, 26, 7, 64, 6]
[2, 10, 8, 26, 17, 64, 6]
[2, 10, 8, 26, 27, 64, 6]
[2, 10, 8, 26, 37, 64, 6]
[2, 10, 8, 26, 47, 64, 6]
[2, 10, 8, 30, 12, 70, 3]
[2, 10, 8, 30, 22, 70, 3]
[2, 10, 8, 30, 32, 70, 3]
[2, 10, 8, 30, 42, 70, 3]
[2, 10, 8, 30, 52, 70, 3]
[2, 12, 2, 16, 7, 24, 6]
[2, 12, 2, 16, 17, 24, 6]
[2, 12, 2, 20, 12, 24, 5]
[2, 12, 2, 20, 22, 24, 5]
[2, 12, 2, 24, 17, 24, 6]
[2, 12, 2, 24, 27, 24, 6]
[2, 12, 2, 28, 32, 24, 5]
[2, 12, 2, 32, 37, 24, 6]
[2, 12, 5, 12, 7, 45, 6]
[2, 12, 5, 12, 17, 45, 6]
[2, 12, 5, 16, 2, 45, 4]
[2, 12, 5, 16, 12, 45, 4]
[2, 12, 5, 16, 22, 45, 4]
[2, 12, 5, 20, 7, 45, 6]
[2, 12, 5, 20, 17, 45, 6]
[2, 12, 5, 20, 27, 45, 6]
[2, 12, 5, 24, 12, 45, 4]
[2, 12, 5, 24, 22, 45, 4]
[2, 12, 5, 24, 32, 45, 4]
[2, 12, 5, 28, 27, 45, 6]
[2, 12, 5, 28, 37, 45, 6]
[2, 12, 5, 32, 32, 45, 4]
[2, 12, 5, 32, 42, 45, 4]
[2, 12, 8, 12, 2, 60, 5]
[2, 12, 8, 12, 12, 60, 5]
[2, 12, 8, 12, 22, 60, 5]
[2, 12, 8, 16, 7, 60, 6]
[2, 12, 8, 16, 17, 60, 6]
[2, 12, 8, 16, 27, 60, 6]
[2, 12, 8, 20, 2, 60, 5]
[2, 12, 8, 20, 12, 60, 5]
[2, 12, 8, 20, 22, 60, 5]
[2, 12, 8, 20, 32, 60, 5]
[2, 12, 8, 24, 7, 60, 6]
[2, 12, 8, 24, 17, 60, 6]
[2, 12, 8, 24, 27, 60, 6]
[2, 12, 8, 24, 37, 60, 6]
[2, 12, 8, 28, 12, 60, 5]
[2, 12, 8, 28, 22, 60, 5]
[2, 12, 8, 28, 32, 60, 5]
[2, 12, 8, 28, 42, 60, 5]
[2, 12, 8, 32, 27, 60, 6]
[2, 12, 8, 32, 37, 60, 6]
[2, 12, 8, 32, 47, 60, 6]
[2, 14, 2, 14, 12, 38, 3]
[2, 14, 2, 14, 22, 38, 3]
[2, 14, 2, 22, 32, 26, 3]
[2, 14, 2, 26, 37, 20, 6]
[2, 14, 2, 30, 42, 14, 3]
[2, 14, 5, 14, 2, 59, 6]
[2, 14, 5, 14, 12, 59, 6]
[2, 14, 5, 14, 22, 59, 6]
[2, 14, 5, 18, 17, 53, 5]
[2, 14, 5, 18, 27, 53, 5]
[2, 14, 5, 22, 22, 47, 6]
[2, 14, 5, 22, 32, 47, 6]
[2, 14, 5, 26, 27, 41, 5]
[2, 14, 5, 26, 37, 41, 5]
[2, 14, 5, 30, 42, 35, 6]
[2, 14, 8, 14, 12, 74, 3]
[2, 14, 8, 14, 22, 74, 3]
[2, 14, 8, 18, 7, 68, 6]
[2, 14, 8, 18, 17, 68, 6]
[2, 14, 8, 18, 27, 68, 6]
[2, 14, 8, 22, 12, 62, 3]
[2, 14, 8, 22, 22, 62, 3]
[2, 14, 8, 22, 32, 62, 3]
[2, 14, 8, 26, 17, 56, 6]
[2, 14, 8, 26, 27, 56, 6]
[2, 14, 8, 26, 37, 56, 6]
[2, 14, 8, 30, 32, 50, 3]
[2, 14, 8, 30, 42, 50, 3]
[2, 16, 2, 20, 42, 28, 5]
[2, 16, 5, 16, 32, 61, 4]
[2, 16, 5, 20, 37, 49, 6]
[2, 16, 5, 28, 47, 25, 6]
[2, 16, 8, 16, 27, 76, 6]
[2, 16, 8, 20, 22, 64, 5]
[2, 16, 8, 20, 32, 64, 5]
[2, 16, 8, 24, 27, 52, 6]
[2, 16, 8, 24, 37, 52, 6]
[2, 16, 8, 28, 42, 40, 5]
[2, 16, 8, 32, 47, 28, 6]
[3, 3, 3, 31, 13, 51, 2]
[3, 3, 6, 23, 23, 36, 5]
[3, 3, 6, 23, 33, 24, 5]
[3, 3, 6, 27, 23, 60, 6]
[3, 3, 6, 27, 33, 48, 6]
[3, 3, 6, 31, 23, 84, 5]
[3, 3, 6, 31, 33, 72, 5]
[3, 3, 6, 31, 43, 60, 5]
[3, 5, 6, 25, 8, 44, 6]
[3, 5, 6, 25, 18, 32, 6]
[3, 5, 6, 25, 28, 20, 6]
[3, 5, 6, 29, 18, 50, 5]
[3, 5, 6, 29, 28, 38, 5]
[3, 7, 3, 31, 3, 31, 2]
[3, 7, 6, 19, 13, 16, 6]
[3, 7, 6, 23, 3, 40, 5]
[3, 7, 6, 23, 13, 28, 5]
[3, 7, 6, 23, 23, 16, 5]
[3, 7, 6, 27, 3, 52, 6]
[3, 7, 6, 27, 13, 40, 6]
[3, 7, 6, 27, 23, 28, 6]
[3, 7, 6, 31, 13, 52, 5]
[3, 7, 6, 31, 23, 40, 5]
[3, 9, 3, 21, 3, 21, 4]
[3, 9, 3, 25, 3, 27, 6]
[3, 9, 3, 29, 3, 33, 4]
[3, 9, 6, 9, 18, 12, 6]
[3, 9, 6, 13, 8, 30, 5]
[3, 9, 6, 13, 18, 18, 5]
[3, 9, 6, 17, 8, 36, 6]
[3, 9, 6, 17, 18, 24, 6]
[3, 9, 6, 21, 8, 42, 5]
[3, 9, 6, 21, 18, 30, 5]
[3, 9, 6, 25, 8, 48, 6]
[3, 9, 6, 25, 18, 36, 6]
[3, 9, 6, 29, 8, 54, 5]
[3, 9, 6, 29, 18, 42, 5]
[3, 11, 3, 11, 3, 47, 6]
[3, 11, 3, 11, 13, 35, 6]
[3, 11, 3, 15, 3, 47, 2]
[3, 11, 3, 15, 13, 35, 2]
[3, 11, 3, 19, 3, 47, 6]
[3, 11, 3, 19, 13, 35, 6]
[3, 11, 3, 23, 3, 47, 2]
[3, 11, 3, 23, 13, 35, 2]
[3, 11, 3, 27, 13, 35, 6]
[3, 11, 3, 31, 13, 35, 2]
[3, 11, 6, 11, 3, 68, 6]
[3, 11, 6, 11, 13, 56, 6]
[3, 11, 6, 15, 3, 68, 5]
[3, 11, 6, 15, 13, 56, 5]
[3, 11, 6, 15, 23, 44, 5]
[3, 11, 6, 19, 3, 68, 6]
[3, 11, 6, 19, 13, 56, 6]
[3, 11, 6, 19, 23, 44, 6]
[3, 11, 6, 23, 3, 68, 5]
[3, 11, 6, 23, 13, 56, 5]
[3, 11, 6, 23, 23, 44, 5]
[3, 11, 6, 27, 13, 56, 6]
[3, 11, 6, 27, 23, 44, 6]
[3, 11, 6, 31, 13, 56, 5]
[3, 11, 6, 31, 23, 44, 5]
[3, 13, 3, 13, 3, 85, 4]
[3, 13, 3, 13, 13, 73, 4]
[3, 13, 3, 13, 23, 61, 4]
[3, 13, 3, 17, 13, 67, 6]
[3, 13, 3, 17, 23, 55, 6]
[3, 13, 3, 21, 13, 61, 4]
[3, 13, 3, 21, 23, 49, 4]
[3, 13, 3, 25, 23, 43, 6]
[3, 13, 3, 29, 23, 37, 4]
[3, 13, 6, 13, 8, 94, 5]
[3, 13, 6, 13, 18, 82, 5]
[3, 13, 6, 13, 28, 70, 5]
[3, 13, 6, 17, 8, 88, 6]
[3, 13, 6, 17, 18, 76, 6]
[3, 13, 6, 17, 28, 64, 6]
[3, 13, 6, 21, 8, 82, 5]
[3, 13, 6, 21, 18, 70, 5]
[3, 13, 6, 25, 18, 64, 6]
[3, 13, 6, 25, 28, 52, 6]
[3, 13, 6, 29, 18, 58, 5]
[3, 13, 6, 29, 28, 46, 5]
[3, 15, 3, 15, 23, 87, 2]
[3, 15, 3, 15, 33, 75, 2]
[3, 15, 3, 19, 33, 63, 6]
[3, 15, 3, 23, 33, 51, 2]
[3, 15, 3, 27, 33, 39, 6]
[3, 15, 6, 15, 33, 84, 5]
[3, 15, 6, 19, 23, 84, 6]
[3, 15, 6, 19, 33, 72, 6]
[3, 15, 6, 23, 23, 72, 5]
[3, 15, 6, 23, 33, 60, 5]
[3, 15, 6, 31, 33, 36, 5]
[4, 6, 7, 22, 4, 15, 6]
[4, 8, 7, 8, 4, 53, 4]
[4, 8, 7, 8, 14, 29, 4]
[4, 8, 7, 12, 9, 41, 6]
[4, 8, 7, 12, 19, 17, 6]
[4, 8, 7, 16, 4, 53, 4]
[4, 8, 7, 16, 14, 29, 4]
[4, 8, 7, 20, 9, 41, 6]
[4, 8, 7, 24, 4, 53, 4]
[4, 8, 7, 28, 9, 41, 6]
[4, 8, 7, 32, 4, 53, 4]
[4, 10, 4, 10, 9, 76, 6]
[4, 10, 4, 10, 19, 52, 6]
[4, 10, 4, 14, 4, 82, 3]
[4, 10, 4, 14, 14, 58, 3]
[4, 10, 4, 18, 9, 64, 6]
[4, 10, 4, 22, 4, 70, 3]
[4, 10, 4, 26, 9, 52, 6]
[4, 10, 4, 30, 4, 58, 3]
[4, 10, 7, 10, 9, 97, 5]
[4, 10, 7, 10, 19, 73, 5]
[4, 10, 7, 10, 29, 49, 5]
[4, 10, 7, 14, 4, 103, 6]
[4, 10, 7, 14, 14, 79, 6]
[4, 10, 7, 14, 24, 55, 6]
[4, 10, 7, 18, 9, 85, 5]
[4, 10, 7, 18, 19, 61, 5]
[4, 10, 7, 22, 14, 67, 6]
[4, 10, 7, 26, 9, 73, 5]
[4, 10, 7, 26, 19, 49, 5]
[4, 10, 7, 30, 14, 55, 6]
[4, 12, 4, 12, 24, 96, 5]
[4, 12, 4, 12, 34, 72, 5]
[4, 12, 4, 16, 19, 96, 6]
[4, 12, 4, 16, 29, 72, 6]
[4, 12, 4, 20, 14, 96, 5]
[4, 12, 4, 20, 24, 72, 5]
[4, 12, 4, 24, 19, 72, 6]
[4, 12, 4, 28, 14, 72, 5]
[4, 12, 7, 12, 29, 93, 6]
[4, 12, 7, 12, 39, 69, 6]
[4, 12, 7, 16, 24, 93, 4]
[4, 12, 7, 16, 34, 69, 4]
[4, 12, 7, 20, 19, 93, 6]
[4, 12, 7, 20, 29, 69, 6]
[4, 12, 7, 24, 14, 93, 4]
[4, 12, 7, 24, 24, 69, 4]
[4, 12, 7, 28, 19, 69, 6]
[4, 12, 7, 32, 14, 69, 4]
[4, 14, 4, 14, 44, 86, 3]
[4, 14, 4, 18, 39, 80, 6]
[4, 14, 4, 22, 24, 98, 3]
[4, 14, 4, 22, 34, 74, 3]
[4, 14, 4, 26, 29, 68, 6]
[4, 14, 4, 30, 24, 62, 3]
[4, 14, 7, 14, 44, 83, 6]
[4, 14, 7, 18, 29, 101, 5]
[4, 14, 7, 18, 39, 77, 5]
[4, 14, 7, 22, 24, 95, 6]
[4, 14, 7, 22, 34, 71, 6]
[4, 14, 7, 26, 19, 89, 5]
[4, 14, 7, 26, 29, 65, 5]
[4, 14, 7, 30, 24, 59, 6]
[4, 16, 4, 16, 49, 88, 6]
[4, 16, 4, 20, 44, 76, 5]
[4, 16, 4, 24, 39, 64, 6]
[4, 16, 4, 28, 34, 52, 5]
[4, 16, 7, 16, 44, 85, 4]
[4, 16, 7, 20, 39, 73, 6]
[4, 16, 7, 24, 24, 85, 4]
[4, 16, 7, 24, 34, 61, 4]
[4, 16, 7, 28, 29, 49, 6]
[4, 16, 7, 32, 24, 37, 4]
[5, 7, 5, 7, 5, 79, 2]
[5, 7, 5, 7, 15, 43, 2]
[5, 7, 5, 11, 5, 67, 6]
[5, 7, 5, 15, 5, 55, 2]
[5, 7, 8, 7, 15, 76, 5]
[5, 7, 8, 7, 25, 40, 5]
[5, 7, 8, 11, 15, 64, 6]
[5, 7, 8, 15, 5, 88, 5]
[5, 7, 8, 15, 15, 52, 5]
[5, 7, 8, 19, 5, 76, 6]
[5, 7, 8, 23, 5, 64, 5]
[5, 9, 5, 9, 25, 99, 6]
[5, 9, 5, 9, 35, 63, 6]
[5, 9, 5, 13, 25, 81, 4]
[5, 9, 5, 17, 15, 99, 6]
[5, 9, 5, 17, 25, 63, 6]
[5, 9, 5, 21, 15, 81, 4]
[5, 9, 5, 29, 5, 81, 4]
[5, 9, 8, 9, 30, 96, 6]
[5, 9, 8, 9, 40, 60, 6]
[5, 9, 8, 13, 30, 78, 5]
[5, 9, 8, 13, 40, 42, 5]
[5, 9, 8, 17, 20, 96, 6]
[5, 9, 8, 17, 30, 60, 6]
[5, 9, 8, 21, 20, 78, 5]
[5, 9, 8, 25, 10, 96, 6]
[5, 9, 8, 29, 10, 78, 5]
[5, 11, 5, 11, 55, 59, 6]
[5, 11, 5, 15, 45, 71, 2]
[5, 11, 5, 19, 35, 83, 6]
[5, 11, 5, 23, 25, 95, 2]
[5, 11, 5, 31, 15, 83, 2]
[5, 11, 8, 11, 55, 56, 6]
[5, 11, 8, 15, 35, 104, 5]
[5, 11, 8, 15, 45, 68, 5]
[5, 11, 8, 19, 35, 80, 6]
[5, 11, 8, 23, 25, 92, 5]
[5, 11, 8, 27, 25, 68, 6]
[5, 11, 8, 31, 15, 80, 5]
[5, 13, 5, 13, 65, 61, 4]
[5, 13, 5, 17, 55, 67, 6]
[5, 13, 5, 21, 45, 73, 4]
[5, 13, 5, 25, 35, 79, 6]
[5, 13, 5, 29, 25, 85, 4]
[5, 13, 8, 13, 60, 58, 5]
[5, 13, 8, 17, 50, 64, 6]
[5, 13, 8, 21, 40, 70, 5]
[5, 13, 8, 25, 30, 76, 6]
[5, 13, 8, 29, 20, 82, 5]
[5, 15, 5, 19, 55, 63, 6]
[5, 15, 5, 23, 45, 63, 2]
[5, 15, 5, 27, 35, 63, 6]
[5, 15, 5, 31, 25, 63, 2]
[5, 15, 8, 15, 55, 60, 5]
[5, 15, 8, 19, 45, 60, 6]
[5, 15, 8, 23, 35, 60, 5]
[5, 15, 8, 27, 25, 60, 6]
[5, 15, 8, 31, 15, 60, 5]
[6, 6, 6, 6, 36, 66, 3]
[6, 6, 6, 10, 31, 60, 6]
[6, 6, 6, 14, 26, 54, 3]
[6, 6, 6, 22, 6, 90, 3]
[6, 8, 6, 16, 41, 80, 6]
[6, 8, 6, 20, 36, 68, 5]
[6, 8, 6, 28, 16, 92, 5]
[6, 10, 6, 18, 61, 40, 6]
[6, 10, 6, 22, 46, 70, 3]
[6, 10, 6, 30, 26, 82, 3]
[6, 12, 6, 20, 66, 24, 5]
[6, 12, 6, 24, 51, 48, 6]
[6, 12, 6, 28, 36, 72, 5]
[6, 14, 6, 22, 56, 26, 3]
[6, 14, 6, 26, 41, 44, 6]
[6, 14, 6, 30, 26, 62, 3]
[6, 16, 6, 20, 46, 28, 5]
[6, 16, 6, 24, 31, 40, 6]
[6, 16, 6, 28, 16, 52, 5]
[7, 7, 7, 31, 27, 79, 2]
[7, 9, 7, 29, 47, 33, 4]
[7, 11, 7, 31, 37, 35, 2]
[7, 13, 7, 29, 27, 37, 4]
[7, 15, 7, 19, 37, 15, 6]
[7, 15, 7, 23, 17, 51, 2]
[8, 12, 8, 28, 18, 24, 5]
[8, 14, 8, 14, 28, 38, 3]
