[[5, 13, 11, 25, 25, 79], [0, 2, 4, 5, 7, 8, 9, 12, 16, 19]]
[[5, 13, 11, 25, 25, 79], [0, 4, 5, 7, 8, 9, 12, 14, 16, 19]]
[[5, 13, 11, 25, 25, 79], [0, 4, 5, 7, 12, 13, 16, 19]]
[[5, 13, 11, 25, 25, 79], [0, 2, 4, 7, 9, 12, 13, 14, 16, 19]]
[[5, 13, 11, 25, 25, 79], [0, 4, 7, 8, 9, 12, 16, 19]]
[[5, 13, 11, 25, 25, 79], [0, 2, 4, 7, 8, 9, 12, 14, 16, 19]]
[[5, 13, 11, 25, 25, 79], [0, 2, 4, 5, 7, 12, 13, 14, 16, 19]]
[[5, 13, 11, 25, 25, 79], [0, 4, 7, 9, 12, 13, 16, 19]]
[[5, 13, 11, 21, 30, 91], [0, 7, 8, 9, 11, 12, 16, 19]]
[[5, 13, 11, 21, 30, 91], [0, 2, 7, 8, 9, 11, 12, 14, 16, 17]]
[[5, 13, 11, 21, 30, 91], [0, 2, 4, 8, 9, 11, 12, 14, 16, 19]]
[[5, 13, 11, 21, 30, 91], [0, 7, 8, 9, 11, 13, 16, 19]]
[[5, 13, 11, 21, 30, 91], [0, 4, 5, 9, 11, 14, 16, 17]]
[[5, 13, 11, 21, 30, 91], [0, 2, 7, 8, 9, 11, 13, 14, 16, 17, 18, 19]]
[[5, 13, 11, 21, 30, 91], [0, 2, 4, 5, 8, 11, 13, 14, 16, 19]]
[[5, 13, 11, 21, 30, 91], [0, 4, 9, 11, 12, 13, 16, 17, 18, 19]]
[[5, 13, 20, 13, 25, 52], [0, 1, 2, 3, 4, 7, 9, 11, 13, 14, 16, 17]]
[[5, 13, 20, 13, 25, 52], [0, 1, 2, 3, 5, 8, 11, 12, 13, 14, 16, 17]]
[[5, 13, 20, 13, 25, 52], [0, 1, 2, 3, 7, 8, 9, 11, 12, 14, 16, 19]]
[[5, 13, 20, 13, 25, 52], [0, 1, 2, 3, 4, 8, 11, 13, 16, 19]]
[[5, 13, 20, 13, 25, 52], [0, 1, 3, 8, 9, 11, 16, 17, 18, 19]]
[[5, 13, 20, 13, 25, 52], [0, 1, 3, 4, 7, 11, 12, 14, 16, 17, 18, 19]]
[[5, 13, 20, 13, 25, 52], [0, 1, 3, 4, 8, 9, 11, 12, 16, 19]]
[[5, 13, 20, 13, 25, 52], [0, 1, 3, 5, 7, 8, 9, 11, 13, 14, 16, 19]]
[[5, 13, 8, 25, 20, 88], [0, 1, 2, 3, 5, 7, 13, 14, 16, 19]]
[[5, 13, 8, 25, 20, 88], [0, 1, 3, 7, 13, 14, 16, 19]]
[[5, 13, 8, 25, 20, 88], [0, 1, 3, 5, 9, 12, 13, 14, 16, 19]]
[[5, 13, 8, 25, 20, 88], [0, 1, 2, 3, 5, 7, 9, 13, 16, 19]]
[[5, 13, 8, 25, 20, 88], [0, 1, 2, 3, 12, 13, 16, 19]]
[[5, 13, 8, 25, 20, 88], [0, 1, 3, 7, 9, 13, 16, 19]]
[[5, 13, 8, 25, 20, 88], [0, 1, 2, 3, 9, 12, 13, 14, 16, 19]]
[[5, 13, 8, 25, 20, 88], [0, 1, 3, 5, 12, 13, 16, 19]]
[[5, 13, 8, 25, 35, 82], [0, 1, 2, 3, 4, 8, 9, 11, 13, 14, 16, 17, 18, 19]]
[[5, 13, 8, 25, 35, 82], [0, 1, 3, 7, 9, 11, 12, 13, 16, 17, 18, 19]]
[[5, 13, 8, 25, 35, 82], [0, 1, 3, 4, 7, 9, 11, 12, 16, 19]]
[[5, 13, 8, 25, 35, 82], [0, 1, 2, 3, 5, 7, 11, 14, 16, 17]]
[[5, 13, 8, 25, 35, 82], [0, 1, 2, 3, 4, 7, 11, 13, 16, 19]]
[[5, 13, 8, 25, 35, 82], [0, 1, 3, 5, 9, 11, 12, 14, 16, 19]]
[[5, 13, 8, 25, 35, 82], [0, 1, 3, 4, 8, 11, 12, 14, 16, 17]]
[[5, 13, 8, 25, 35, 82], [0, 1, 2, 3, 9, 11, 13, 14, 16, 19]]
[[5, 13, 8, 25, 30, 76], [0, 1, 2, 4, 9, 10, 11, 12, 13, 14, 17, 18]]
[[5, 13, 8, 25, 30, 76], [0, 1, 2, 7, 8, 9, 10, 11, 12, 14, 16, 19]]
[[5, 13, 8, 25, 30, 76], [0, 1, 4, 5, 9, 10, 11, 14, 17, 19]]
[[5, 13, 8, 25, 30, 76], [0, 1, 7, 8, 9, 10, 11, 12, 17, 19]]
[[5, 13, 8, 25, 30, 76], [0, 1, 7, 8, 9, 10, 11, 13, 16, 19]]
[[5, 13, 8, 25, 30, 76], [0, 1, 2, 7, 8, 9, 10, 11, 13, 14, 17, 18]]
[[5, 13, 8, 25, 30, 76], [0, 1, 4, 8, 9, 10, 11, 12, 16, 19]]
[[5, 13, 8, 25, 30, 76], [0, 1, 2, 4, 5, 8, 10, 11, 13, 14, 16, 19]]
[[5, 13, 8, 25, 25, 94], [0, 1, 2, 3, 6, 8, 9, 10, 12, 14, 16, 19]]
[[5, 13, 8, 25, 25, 94], [0, 1, 3, 5, 6, 7, 9, 10, 12, 14, 16, 19]]
[[5, 13, 8, 25, 25, 94], [0, 2, 6, 7, 9, 10, 12, 14, 17, 19]]
[[5, 13, 8, 25, 25, 94], [0, 1, 3, 6, 7, 8, 9, 10, 17, 19]]
[[5, 13, 8, 25, 25, 94], [0, 6, 7, 9, 10, 12, 16, 19]]
[[5, 13, 8, 25, 25, 94], [0, 1, 2, 3, 5, 6, 10, 14, 17, 18]]
[[5, 13, 8, 25, 25, 94], [0, 2, 6, 8, 9, 10, 12, 14, 17, 18]]
[[5, 13, 8, 25, 25, 94], [0, 6, 8, 9, 10, 12, 16, 19]]
[[5, 13, 8, 29, 30, 58], [0, 2, 3, 5, 7, 8, 9, 10, 12, 13, 18, 19]]
[[5, 13, 8, 29, 30, 58], [0, 2, 3, 8, 9, 10, 13, 14, 16, 19]]
[[5, 13, 8, 29, 30, 58], [0, 3, 5, 7, 8, 9, 10, 12, 13, 14, 18, 19]]
[[5, 13, 8, 29, 30, 58], [0, 3, 8, 9, 10, 13, 16, 19]]
[[5, 13, 8, 29, 30, 58], [0, 2, 3, 5, 8, 10, 13, 14, 16, 19]]
[[5, 13, 8, 29, 30, 58], [0, 3, 5, 8, 10, 13, 16, 19]]
[[5, 13, 8, 29, 30, 58], [0, 3, 7, 8, 9, 10, 12, 13, 18, 19]]
[[5, 13, 8, 29, 30, 58], [0, 2, 3, 7, 8, 9, 10, 12, 13, 14, 18, 19]]
[[5, 13, 8, 29, 35, 76], [0, 3, 4, 7, 8, 9, 10, 11, 16, 19]]
[[5, 13, 8, 29, 35, 76], [0, 2, 3, 7, 8, 10, 11, 13, 17, 19]]
[[5, 13, 8, 29, 35, 76], [0, 3, 5, 8, 9, 10, 11, 14, 16, 19]]
[[5, 13, 8, 29, 35, 76], [0, 3, 4, 7, 8, 9, 10, 11, 12, 13, 16, 19]]
[[5, 13, 8, 29, 35, 76], [0, 2, 3, 4, 9, 10, 11, 14, 17, 18]]
[[5, 13, 8, 29, 35, 76], [0, 2, 3, 4, 9, 10, 11, 12, 13, 14, 17, 19]]
[[5, 13, 8, 29, 35, 76], [0, 3, 8, 10, 11, 12, 13, 14, 16, 19]]
[[5, 13, 8, 29, 35, 76], [0, 2, 3, 5, 7, 8, 10, 11, 12, 14, 17, 18]]
[[5, 13, 5, 29, 40, 67], [0, 6, 7, 9, 10, 11, 18, 19]]
[[5, 13, 5, 29, 40, 67], [0, 1, 3, 4, 6, 10, 11, 14, 18, 19]]
[[5, 13, 5, 29, 40, 67], [0, 1, 2, 3, 4, 6, 7, 8, 10, 11, 12, 13, 16, 19]]
[[5, 13, 5, 29, 40, 67], [0, 6, 8, 9, 10, 11, 12, 13, 18, 19]]
[[5, 13, 5, 29, 40, 67], [0, 2, 6, 7, 9, 10, 11, 14, 16, 19]]
[[5, 13, 5, 29, 40, 67], [0, 2, 6, 8, 9, 10, 11, 12, 13, 14, 16, 19]]
[[5, 13, 5, 29, 40, 67], [0, 1, 3, 4, 6, 9, 10, 11, 16, 19]]
[[5, 13, 5, 29, 40, 67], [0, 1, 2, 3, 4, 6, 7, 8, 9, 10, 11, 12, 13, 14, 18, 19]]
[[5, 7, 20, 23, 35, 64], [0, 1, 2, 3, 4, 5, 6, 8, 9, 10, 12, 13, 17, 19]]
[[5, 7, 20, 23, 35, 64], [0, 1, 2, 3, 4, 5, 6, 8, 10, 14, 16, 19]]
[[5, 7, 20, 23, 35, 64], [0, 1, 3, 4, 5, 6, 7, 9, 10, 12, 13, 14, 17, 18]]
[[5, 7, 20, 23, 35, 64], [0, 4, 5, 6, 7, 8, 9, 10, 13, 14, 17, 18]]
[[5, 7, 20, 23, 35, 64], [0, 2, 4, 6, 8, 10, 16, 19]]
[[5, 7, 20, 23, 35, 64], [0, 1, 3, 4, 5, 6, 7, 10, 16, 19]]
[[5, 7, 20, 23, 35, 64], [0, 4, 6, 10, 13, 14, 17, 19]]
[[5, 7, 20, 23, 35, 64], [0, 2, 4, 5, 6, 7, 10, 14, 16, 19]]
[[5, 7, 20, 23, 40, 64], [0, 1, 3, 6, 7, 8, 9, 10, 18, 19]]
[[5, 7, 20, 23, 40, 64], [0, 2, 5, 6, 9, 10, 18, 19]]
[[5, 7, 20, 23, 40, 64], [0, 2, 5, 6, 7, 8, 10, 14, 18, 19]]
[[5, 7, 20, 23, 40, 64], [0, 1, 2, 3, 5, 6, 10, 14, 18, 19]]
[[5, 7, 20, 23, 40, 64], [0, 5, 6, 10, 16, 17, 18, 19]]
[[5, 7, 20, 23, 40, 64], [0, 5, 6, 7, 8, 9, 10, 14, 16, 17]]
[[5, 7, 20, 23, 40, 64], [0, 1, 3, 5, 6, 7, 9, 10, 12, 14, 16, 17]]
[[5, 7, 20, 23, 40, 64], [0, 1, 2, 3, 6, 8, 9, 10, 12, 14, 16, 17, 18, 19]]
[[5, 7, 20, 15, 35, 76], [0, 3, 5, 6, 7, 8, 9, 11, 12, 14, 16, 18]]
[[5, 7, 20, 15, 35, 76], [0, 2, 3, 6, 8, 11, 16, 17, 18, 19]]
[[5, 7, 20, 15, 35, 76], [0, 2, 3, 6, 7, 11, 12, 13, 16, 19]]
[[5, 7, 20, 15, 35, 76], [0, 1, 2, 4, 5, 6, 8, 11, 12, 14, 16, 18]]
[[5, 7, 20, 15, 35, 76], [0, 3, 6, 11, 13, 14, 16, 18]]
[[5, 7, 20, 15, 35, 76], [0, 1, 2, 4, 6, 7, 8, 11, 16, 19]]
[[5, 7, 20, 15, 35, 76], [0, 2, 3, 4, 5, 6, 8, 14, 16, 18]]
[[5, 7, 20, 15, 35, 76], [0, 2, 3, 5, 6, 8, 11, 14, 16, 19]]
[[5, 7, 20, 15, 35, 76], [0, 1, 2, 4, 5, 6, 11, 14, 16, 17]]
[[5, 7, 20, 15, 35, 76], [0, 1, 4, 5, 6, 7, 9, 14, 16, 18]]
[[5, 7, 20, 15, 35, 76], [0, 3, 5, 6, 9, 11, 13, 14, 16, 17, 18, 19]]
[[5, 7, 20, 15, 35, 76], [0, 1, 4, 6, 9, 13, 16, 17, 18, 19]]
[[5, 7, 20, 15, 35, 76], [0, 1, 2, 4, 6, 8, 9, 14, 16, 18]]
[[5, 7, 20, 15, 35, 76], [0, 1, 4, 5, 6, 8, 9, 11, 13, 14, 16, 17]]
[[5, 7, 20, 15, 35, 76], [0, 1, 4, 6, 7, 8, 9, 11, 12, 13, 16, 17, 18, 19]]
[[5, 7, 20, 15, 35, 76], [0, 3, 4, 5, 6, 7, 9, 12, 13, 14, 16, 17]]
[[5, 7, 20, 15, 35, 76], [0, 2, 3, 5, 6, 7, 11, 12, 13, 14, 16, 17]]
[[5, 7, 20, 15, 35, 76], [0, 1, 2, 4, 5, 6, 7, 8, 13, 14, 16, 17]]
[[5, 7, 20, 15, 35, 76], [0, 2, 3, 4, 5, 6, 7, 14, 16, 18]]
[[5, 7, 20, 15, 35, 76], [0, 3, 4, 5, 6, 8, 9, 12, 13, 14, 16, 17, 18, 19]]
[[5, 7, 20, 15, 35, 76], [0, 1, 2, 4, 6, 7, 9, 11, 12, 14, 16, 17, 18, 19]]
[[5, 7, 20, 15, 35, 76], [0, 1, 4, 5, 6, 9, 11, 12, 13, 14, 16, 19]]
[[5, 7, 20, 15, 35, 76], [0, 3, 6, 7, 8, 11, 12, 14, 16, 17]]
[[5, 7, 20, 15, 35, 76], [0, 1, 4, 6, 7, 11, 13, 14, 16, 18]]
[[5, 7, 20, 15, 40, 76], [0, 1, 3, 5, 6, 8, 9, 10, 12, 14, 16, 18]]
[[5, 7, 20, 15, 40, 76], [0, 5, 6, 8, 9, 10, 12, 14, 17, 19]]
[[5, 7, 20, 15, 40, 76], [0, 1, 2, 3, 5, 6, 7, 8, 10, 14, 17, 18]]
[[5, 7, 20, 15, 40, 76], [0, 2, 5, 6, 7, 10, 12, 14, 16, 18]]
[[5, 7, 20, 15, 40, 76], [0, 1, 3, 6, 9, 10, 17, 19]]
[[5, 7, 20, 15, 40, 76], [0, 5, 6, 7, 9, 10, 12, 14, 17, 18]]
[[5, 7, 20, 15, 40, 76], [0, 2, 5, 6, 8, 10, 12, 14, 16, 18]]
[[5, 7, 20, 15, 40, 76], [0, 1, 2, 3, 6, 7, 9, 10, 12, 14, 16, 18]]
[[5, 7, 20, 15, 45, 88], [0, 2, 7, 9, 13, 14, 16, 17]]
[[5, 7, 20, 15, 45, 88], [0, 5, 7, 8, 9, 12, 13, 14, 16, 17, 18, 19]]
[[5, 7, 20, 15, 45, 88], [0, 2, 7, 13, 16, 17, 18, 19]]
[[5, 7, 20, 15, 45, 88], [0, 7, 9, 13, 16, 17, 18, 19]]
[[5, 7, 20, 15, 45, 88], [0, 2, 5, 7, 8, 12, 13, 14, 16, 17, 18, 19]]
[[5, 7, 20, 15, 45, 88], [0, 5, 7, 8, 9, 12, 13, 14, 16, 17]]
[[5, 7, 20, 15, 45, 88], [0, 7, 13, 14, 16, 17]]
[[5, 7, 20, 15, 45, 88], [0, 2, 5, 7, 8, 12, 13, 14, 16, 17]]
[[5, 7, 20, 15, 40, 70], [0, 1, 3, 4, 5, 8, 9, 14, 16, 17]]
[[5, 7, 20, 15, 40, 70], [0, 1, 3, 4, 5, 7, 8, 13, 16, 17, 18, 19]]
[[5, 7, 20, 15, 40, 70], [0, 1, 3, 4, 5, 7, 9, 12, 13, 14, 16, 17]]
[[5, 7, 20, 15, 40, 70], [0, 1, 2, 3, 4, 5, 8, 14, 16, 17, 18, 19]]
[[5, 7, 20, 15, 40, 70], [0, 1, 2, 3, 4, 5, 7, 12, 13, 14, 16, 17, 18, 19]]
[[5, 7, 20, 15, 40, 70], [0, 1, 2, 3, 4, 5, 9, 12, 16, 17, 18, 19]]
[[5, 7, 20, 15, 40, 70], [0, 1, 3, 4, 5, 9, 12, 14, 16, 17]]
[[5, 7, 20, 15, 40, 70], [0, 1, 2, 3, 4, 5, 7, 8, 13, 14, 16, 17]]
[[5, 7, 20, 19, 50, 70], [0, 1, 3, 5, 7, 9, 11, 12, 13, 14, 16, 17]]
[[5, 7, 20, 19, 50, 70], [0, 1, 3, 4, 5, 7, 9, 11, 12, 14, 16, 18]]
[[5, 7, 20, 19, 50, 70], [0, 1, 3, 11, 12, 14, 16, 18]]
[[5, 7, 20, 19, 50, 70], [0, 1, 2, 3, 7, 11, 16, 17, 18, 19]]
[[5, 7, 20, 19, 50, 70], [0, 1, 3, 4, 5, 8, 9, 11, 12, 14, 16, 17, 18, 19]]
[[5, 7, 20, 19, 50, 70], [0, 1, 2, 3, 4, 5, 8, 11, 13, 14, 16, 17]]
[[5, 7, 20, 19, 50, 70], [0, 1, 2, 3, 4, 5, 7, 11, 13, 14, 16, 18]]
[[5, 7, 20, 19, 50, 70], [0, 1, 2, 3, 5, 11, 13, 14, 16, 18]]
[[5, 7, 20, 7, 35, 76], [0, 3, 8, 10, 11, 14, 16, 18]]
[[5, 7, 20, 7, 35, 76], [0, 2, 3, 5, 7, 8, 10, 11, 13, 14, 17, 18]]
[[5, 7, 20, 7, 35, 76], [0, 2, 3, 4, 5, 10, 11, 14, 17, 19]]
[[5, 7, 20, 7, 35, 76], [0, 3, 4, 5, 7, 8, 9, 10, 11, 12, 13, 14, 16, 18]]
[[5, 7, 20, 7, 35, 76], [0, 3, 5, 8, 9, 10, 11, 12, 13, 14, 16, 18]]
[[5, 7, 20, 7, 35, 76], [0, 3, 4, 5, 7, 8, 9, 10, 11, 14, 16, 18]]
[[5, 7, 20, 7, 35, 76], [0, 2, 3, 4, 5, 10, 11, 12, 13, 14, 17, 18]]
[[5, 7, 20, 7, 35, 76], [0, 2, 3, 7, 8, 10, 11, 12, 17, 19]]
[[5, 7, 20, 7, 40, 88], [0, 1, 5, 6, 7, 8, 9, 14, 16, 17]]
[[5, 7, 20, 7, 40, 88], [0, 2, 3, 5, 6, 14, 16, 18]]
[[5, 7, 20, 7, 40, 88], [0, 3, 5, 6, 7, 9, 12, 14, 16, 17]]
[[5, 7, 20, 7, 40, 88], [0, 1, 2, 5, 6, 7, 8, 14, 16, 18]]
[[5, 7, 20, 7, 40, 88], [0, 3, 6, 8, 9, 12, 16, 17, 18, 19]]
[[5, 7, 20, 7, 40, 88], [0, 2, 3, 6, 7, 8, 9, 14, 16, 18]]
[[5, 7, 20, 7, 40, 88], [0, 1, 5, 6, 9, 14, 16, 18]]
[[5, 7, 20, 7, 40, 88], [0, 1, 2, 5, 6, 14, 16, 17, 18, 19]]
[[5, 7, 20, 7, 45, 88], [0, 3, 4, 6, 7, 8, 11, 12, 13, 14, 16, 17]]
[[5, 7, 20, 7, 45, 88], [0, 1, 2, 5, 6, 11, 13, 14, 16, 17]]
[[5, 7, 20, 7, 45, 88], [0, 1, 2, 5, 6, 7, 8, 11, 12, 14, 16, 17, 18, 19]]
[[5, 7, 20, 7, 45, 88], [0, 2, 3, 4, 6, 11, 16, 17, 18, 19]]
[[5, 7, 20, 7, 45, 88], [0, 1, 5, 6, 9, 11, 13, 14, 16, 17]]
[[5, 7, 20, 7, 45, 88], [0, 1, 5, 6, 7, 8, 9, 11, 12, 14, 16, 17, 18, 19]]
[[5, 7, 20, 7, 45, 88], [0, 3, 4, 6, 9, 11, 16, 17, 18, 19]]
[[5, 7, 20, 7, 45, 88], [0, 2, 3, 4, 6, 7, 8, 9, 11, 12, 13, 14, 16, 17]]
[[5, 7, 20, 11, 35, 88], [0, 3, 6, 7, 9, 13, 16, 17, 18, 19]]
[[5, 7, 20, 11, 35, 88], [0, 2, 3, 5, 6, 7, 8, 12, 13, 14, 16, 18]]
[[5, 7, 20, 11, 35, 88], [0, 1, 2, 5, 6, 12, 13, 14, 16, 17]]
[[5, 7, 20, 11, 35, 88], [0, 1, 2, 5, 6, 7, 8, 12, 13, 14, 16, 18]]
[[5, 7, 20, 11, 35, 88], [0, 2, 3, 6, 9, 12, 13, 14, 16, 18]]
[[5, 7, 20, 11, 35, 88], [0, 1, 5, 6, 7, 8, 9, 12, 13, 14, 16, 17, 18, 19]]
[[5, 7, 20, 11, 35, 88], [0, 1, 5, 6, 9, 12, 13, 14, 16, 18]]
[[5, 7, 20, 11, 35, 88], [0, 3, 5, 6, 8, 9, 13, 14, 16, 17]]
[[5, 7, 17, 31, 25, 67], [0, 2, 5, 6, 7, 10, 13, 14, 16, 17]]
[[5, 7, 17, 31, 25, 67], [0, 5, 6, 7, 9, 10, 13, 14, 18, 19]]
[[5, 7, 17, 31, 25, 67], [0, 1, 2, 3, 6, 7, 8, 9, 10, 12, 13, 14, 16, 17]]
[[5, 7, 17, 31, 25, 67], [0, 2, 5, 6, 8, 10, 13, 14, 16, 17, 18, 19]]
[[5, 7, 17, 31, 25, 67], [0, 1, 3, 5, 6, 10, 12, 13, 16, 17, 18, 19]]
[[5, 7, 17, 31, 25, 67], [0, 1, 2, 3, 5, 6, 7, 9, 10, 13, 18, 19]]
[[5, 7, 17, 31, 25, 67], [0, 5, 6, 8, 9, 10, 13, 14, 18, 19]]
[[5, 7, 17, 31, 25, 67], [0, 1, 3, 6, 8, 9, 10, 13, 18, 19]]
[[5, 7, 17, 31, 20, 73], [0, 2, 3, 5, 6, 7, 8, 11, 13, 14, 16, 17]]
[[5, 7, 17, 31, 20, 73], [0, 1, 4, 5, 6, 9, 11, 12, 13, 14, 16, 17]]
[[5, 7, 17, 31, 20, 73], [0, 3, 6, 7, 9, 11, 16, 17, 18, 19]]
[[5, 7, 17, 31, 20, 73], [0, 1, 2, 4, 5, 6, 8, 11, 12, 14, 16, 17, 18, 19]]
[[5, 7, 17, 31, 20, 73], [0, 3, 5, 6, 8, 9, 11, 12, 13, 14, 16, 17]]
[[5, 7, 17, 31, 20, 73], [0, 1, 4, 6, 7, 11, 13, 14, 16, 17]]
[[5, 7, 17, 31, 20, 73], [0, 2, 3, 6, 9, 11, 12, 14, 16, 17, 18, 19]]
[[5, 7, 17, 31, 20, 73], [0, 1, 2, 4, 6, 7, 8, 11, 16, 17, 18, 19]]
[[5, 7, 17, 31, 35, 67], [0, 1, 7, 8, 10, 11, 13, 14, 16, 17]]
[[5, 7, 17, 31, 35, 67], [0, 1, 7, 8, 10, 11, 12, 14, 18, 19]]
[[5, 7, 17, 31, 35, 67], [0, 1, 2, 4, 5, 8, 10, 11, 13, 14, 18, 19]]
[[5, 7, 17, 31, 35, 67], [0, 1, 2, 4, 9, 10, 11, 12, 13, 14, 16, 17]]
[[5, 7, 17, 31, 35, 67], [0, 1, 2, 7, 8, 10, 11, 12, 16, 17, 18, 19]]
[[5, 7, 17, 31, 35, 67], [0, 1, 2, 7, 8, 10, 11, 13, 18, 19]]
[[5, 7, 17, 31, 35, 67], [0, 1, 4, 8, 9, 10, 11, 12, 18, 19]]
[[5, 7, 17, 31, 35, 67], [0, 1, 4, 5, 9, 10, 11, 14, 16, 17, 18, 19]]
[[5, 7, 17, 27, 25, 67], [0, 2, 3, 6, 12, 13, 16, 19]]
[[5, 7, 17, 27, 25, 67], [0, 3, 5, 6, 8, 13, 16, 17, 18, 19]]
[[5, 7, 17, 27, 25, 67], [0, 2, 3, 5, 6, 7, 8, 9, 12, 13, 16, 19]]
[[5, 7, 17, 27, 25, 67], [0, 1, 2, 5, 6, 7, 8, 12, 13, 14, 16, 19]]
[[5, 7, 17, 27, 25, 67], [0, 1, 5, 6, 9, 12, 13, 14, 16, 19]]
[[5, 7, 17, 27, 25, 67], [0, 1, 5, 6, 7, 8, 9, 12, 13, 14, 16, 17]]
[[5, 7, 17, 27, 25, 67], [0, 1, 2, 5, 6, 12, 13, 14, 16, 17, 18, 19]]
[[5, 7, 17, 27, 25, 67], [0, 3, 6, 7, 13, 14, 16, 17]]
[[5, 7, 17, 27, 20, 73], [0, 2, 4, 5, 7, 11, 13, 14, 16, 18]]
[[5, 7, 17, 27, 20, 73], [0, 2, 5, 11, 12, 14, 16, 18]]
[[5, 7, 17, 27, 20, 73], [0, 4, 7, 8, 9, 11, 12, 13, 16, 17, 18, 19]]
[[5, 7, 17, 27, 20, 73], [0, 2, 4, 7, 9, 11, 12, 14, 16, 18]]
[[5, 7, 17, 27, 20, 73], [0, 5, 9, 11, 12, 14, 16, 17]]
[[5, 7, 17, 27, 20, 73], [0, 4, 5, 7, 8, 9, 11, 14, 16, 17]]
[[5, 7, 17, 27, 20, 73], [0, 5, 9, 11, 13, 14, 16, 17, 18, 19]]
[[5, 7, 17, 27, 20, 73], [0, 2, 5, 11, 13, 14, 16, 18]]
[[5, 7, 17, 23, 25, 67], [0, 2, 4, 5, 6, 9, 10, 13, 16, 19]]
[[5, 7, 17, 23, 25, 67], [0, 1, 4, 5, 9, 10, 11, 14, 16, 18]]
[[5, 7, 17, 23, 25, 67], [0, 1, 2, 3, 4, 5, 6, 10, 12, 14, 17, 19]]
[[5, 7, 17, 23, 25, 67], [0, 4, 5, 6, 8, 10, 17, 19]]
[[5, 7, 17, 23, 25, 67], [0, 1, 4, 8, 9, 10, 11, 12, 17, 19]]
[[5, 7, 17, 23, 25, 67], [0, 1, 2, 4, 9, 10, 11, 12, 13, 14, 16, 18]]
[[5, 7, 17, 23, 25, 67], [0, 1, 3, 4, 5, 6, 7, 8, 9, 10, 12, 14, 17, 18]]
[[5, 7, 17, 23, 25, 67], [0, 1, 5, 7, 9, 10, 11, 12, 13, 14, 16, 18]]
[[5, 7, 17, 23, 25, 67], [0, 1, 2, 4, 5, 8, 10, 11, 13, 14, 17, 18]]
[[5, 7, 17, 23, 25, 67], [0, 1, 2, 5, 7, 10, 11, 12, 13, 14, 17, 18]]
[[5, 7, 17, 23, 25, 67], [0, 1, 5, 7, 9, 10, 11, 14, 17, 19]]
[[5, 7, 17, 23, 25, 67], [0, 1, 3, 4, 5, 6, 7, 8, 9, 10, 13, 14, 16, 19]]
[[5, 7, 17, 23, 25, 67], [0, 4, 6, 7, 10, 14, 17, 18]]
[[5, 7, 17, 23, 25, 67], [0, 1, 2, 5, 7, 10, 11, 14, 16, 18]]
[[5, 7, 17, 23, 25, 67], [0, 1, 2, 3, 4, 5, 6, 10, 13, 14, 16, 19]]
[[5, 7, 17, 23, 25, 67], [0, 2, 4, 6, 7, 8, 10, 13, 16, 19]]
[[5, 7, 17, 23, 40, 73], [0, 2, 3, 4, 6, 9, 11, 14, 16, 17]]
[[5, 7, 17, 23, 40, 73], [0, 1, 2, 3, 4, 5, 6, 9, 10, 11, 16, 19]]
[[5, 7, 17, 23, 40, 73], [0, 5, 6, 8, 9, 10, 11, 12, 13, 14, 16, 19]]
[[5, 7, 17, 23, 40, 73], [0, 3, 4, 6, 7, 8, 9, 11, 12, 13, 16, 17, 18, 19]]
[[5, 7, 17, 23, 40, 73], [0, 5, 6, 7, 9, 10, 11, 14, 16, 19]]
[[5, 7, 17, 23, 40, 73], [0, 2, 5, 6, 7, 10, 11, 14, 18, 19]]
[[5, 7, 17, 23, 40, 73], [0, 1, 5, 6, 7, 8, 9, 11, 12, 14, 16, 17]]
[[5, 7, 17, 23, 40, 73], [0, 1, 3, 4, 5, 6, 7, 8, 10, 11, 12, 13, 18, 19]]
[[5, 7, 17, 23, 40, 73], [0, 1, 2, 3, 4, 5, 6, 9, 10, 11, 18, 19]]
[[5, 7, 17, 23, 40, 73], [0, 1, 2, 5, 6, 11, 13, 14, 16, 17, 18, 19]]
[[5, 7, 17, 23, 40, 73], [0, 1, 2, 5, 6, 7, 8, 11, 12, 14, 16, 17]]
[[5, 7, 17, 23, 40, 73], [0, 2, 3, 4, 6, 7, 8, 11, 12, 13, 16, 17, 18, 19]]
[[5, 7, 17, 23, 40, 73], [0, 3, 4, 6, 11, 14, 16, 17]]
[[5, 7, 17, 23, 40, 73], [0, 1, 3, 4, 5, 6, 7, 8, 10, 11, 12, 13, 16, 19]]
[[5, 7, 17, 23, 40, 73], [0, 2, 5, 6, 8, 10, 11, 12, 13, 14, 18, 19]]
[[5, 7, 17, 23, 40, 73], [0, 1, 5, 6, 9, 11, 13, 14, 16, 17, 18, 19]]
[[5, 7, 17, 23, 25, 79], [0, 2, 4, 6, 7, 10, 12, 13, 16, 19]]
[[5, 7, 17, 23, 25, 79], [0, 1, 2, 3, 4, 5, 6, 8, 10, 14, 17, 18]]
[[5, 7, 17, 23, 25, 79], [0, 1, 3, 4, 5, 6, 7, 10, 17, 19]]
[[5, 7, 17, 23, 25, 79], [0, 1, 2, 3, 4, 5, 6, 8, 9, 10, 12, 13, 16, 19]]
[[5, 7, 17, 23, 25, 79], [0, 4, 6, 7, 8, 10, 12, 14, 17, 19]]
[[5, 7, 17, 23, 25, 79], [0, 4, 5, 6, 9, 10, 12, 14, 17, 18]]
[[5, 7, 17, 23, 25, 79], [0, 2, 4, 5, 6, 8, 10, 12, 13, 14, 16, 19]]
[[5, 7, 17, 23, 25, 79], [0, 1, 3, 4, 5, 6, 7, 9, 10, 12, 13, 14, 16, 19]]
[[5, 7, 17, 23, 45, 67], [0, 1, 5, 8, 10, 12, 16, 19]]
[[5, 7, 17, 23, 45, 67], [0, 1, 5, 8, 10, 12, 18, 19]]
[[5, 7, 17, 23, 45, 67], [0, 1, 5, 8, 9, 10, 12, 14, 16, 19]]
[[5, 7, 17, 23, 45, 67], [0, 1, 2, 5, 8, 10, 12, 14, 18, 19]]
[[5, 7, 17, 23, 45, 67], [0, 1, 5, 8, 9, 10, 12, 14, 18, 19]]
[[5, 7, 17, 23, 45, 67], [0, 1, 2, 5, 8, 10, 12, 14, 16, 19]]
[[5, 7, 17, 23, 45, 67], [0, 1, 2, 5, 8, 9, 10, 12, 18, 19]]
[[5, 7, 17, 23, 45, 67], [0, 1, 2, 5, 8, 9, 10, 12, 16, 19]]
[[5, 7, 17, 23, 30, 49], [0, 1, 4, 5, 7, 8, 9, 10, 13, 14, 17, 18]]
[[5, 7, 17, 23, 30, 49], [0, 1, 2, 4, 7, 8, 9, 10, 13, 14, 17, 19]]
[[5, 7, 17, 23, 30, 49], [0, 1, 4, 5, 7, 9, 10, 12, 13, 14, 17, 18]]
[[5, 7, 17, 23, 30, 49], [0, 1, 2, 4, 5, 7, 8, 10, 12, 14, 16, 17, 18, 19]]
[[5, 7, 17, 23, 30, 49], [0, 1, 4, 7, 8, 10, 12, 14, 16, 17]]
[[5, 7, 17, 23, 30, 49], [0, 1, 4, 7, 9, 10, 16, 17, 18, 19]]
[[5, 7, 17, 23, 30, 49], [0, 1, 2, 4, 7, 10, 12, 13, 17, 19]]
[[5, 7, 17, 23, 30, 49], [0, 1, 2, 4, 5, 7, 10, 14, 16, 17]]
[[5, 7, 17, 23, 35, 67], [0, 1, 7, 9, 10, 12, 18, 19]]
[[5, 7, 17, 23, 35, 67], [0, 1, 7, 10, 12, 14, 16, 18]]
[[5, 7, 17, 23, 35, 67], [0, 1, 2, 7, 9, 10, 12, 14, 16, 18]]
[[5, 7, 17, 23, 35, 67], [0, 1, 2, 5, 7, 10, 12, 14, 18, 19]]
[[5, 7, 17, 23, 35, 67], [0, 1, 5, 7, 9, 10, 12, 14, 16, 18]]
[[5, 7, 17, 23, 35, 67], [0, 1, 2, 7, 10, 12, 18, 19]]
[[5, 7, 17, 23, 35, 67], [0, 1, 2, 5, 7, 10, 12, 14, 16, 18]]
[[5, 7, 17, 23, 35, 67], [0, 1, 5, 7, 9, 10, 12, 14, 18, 19]]
[[5, 7, 17, 35, 15, 67], [0, 1, 2, 4, 5, 6, 8, 14, 16, 17]]
[[5, 7, 17, 35, 15, 67], [0, 1, 4, 5, 6, 9, 13, 14, 16, 19]]
[[5, 7, 17, 35, 15, 67], [0, 1, 4, 6, 7, 14, 16, 17, 18, 19]]
[[5, 7, 17, 35, 15, 67], [0, 3, 4, 5, 6, 7, 8, 9, 13, 14, 16, 19]]
[[5, 7, 17, 35, 15, 67], [0, 3, 4, 5, 6, 13, 16, 19]]
[[5, 7, 17, 35, 15, 67], [0, 2, 3, 4, 5, 6, 12, 14, 16, 17]]
[[5, 7, 17, 35, 15, 67], [0, 1, 2, 4, 6, 7, 8, 13, 16, 19]]
[[5, 7, 17, 35, 15, 67], [0, 2, 3, 4, 5, 6, 7, 8, 9, 12, 16, 17, 18, 19]]
[[5, 7, 17, 11, 35, 79], [0, 2, 3, 6, 8, 13, 16, 19]]
[[5, 7, 17, 11, 35, 79], [0, 1, 2, 5, 6, 7, 9, 13, 16, 19]]
[[5, 7, 17, 11, 35, 79], [0, 1, 5, 6, 7, 13, 16, 17, 18, 19]]
[[5, 7, 17, 11, 35, 79], [0, 6, 10, 11, 13, 14, 17, 18]]
[[5, 7, 17, 11, 35, 79], [0, 1, 3, 4, 5, 6, 9, 10, 11, 14, 17, 19]]
[[5, 7, 17, 11, 35, 79], [0, 1, 2, 5, 6, 8, 13, 14, 16, 17]]
[[5, 7, 17, 11, 35, 79], [0, 2, 6, 10, 11, 13, 16, 17, 18, 19]]
[[5, 7, 17, 11, 35, 79], [0, 3, 6, 7, 8, 12, 13, 14, 16, 17, 18, 19]]
[[5, 7, 17, 11, 35, 79], [0, 1, 2, 3, 4, 5, 6, 7, 8, 10, 11, 12, 13, 14, 16, 17, 18, 19]]
[[5, 7, 17, 11, 35, 79], [0, 1, 5, 6, 8, 9, 13, 14, 16, 19]]
[[5, 7, 17, 11, 35, 79], [0, 6, 7, 8, 9, 10, 11, 12, 17, 19]]
[[5, 7, 17, 11, 35, 79], [0, 2, 6, 7, 8, 9, 10, 11, 12, 14, 16, 17]]
[[5, 7, 17, 11, 35, 79], [0, 3, 5, 6, 9, 12, 13, 14, 16, 17]]
[[5, 7, 17, 11, 35, 79], [0, 1, 3, 4, 5, 6, 9, 10, 11, 14, 16, 17]]
[[5, 7, 17, 11, 35, 79], [0, 2, 3, 5, 6, 7, 13, 14, 16, 19]]
[[5, 7, 17, 11, 35, 79], [0, 1, 2, 3, 4, 5, 6, 7, 8, 10, 11, 12, 13, 14, 17, 18]]
[[5, 7, 17, 11, 25, 91], [0, 3, 4, 5, 7, 8, 9, 10, 13, 14, 17, 19]]
[[5, 7, 17, 11, 25, 91], [0, 3, 4, 5, 7, 10, 12, 13, 17, 19]]
[[5, 7, 17, 11, 25, 91], [0, 2, 3, 4, 5, 10, 12, 14, 16, 17]]
[[5, 7, 17, 11, 25, 91], [0, 2, 3, 4, 5, 8, 10, 14, 16, 17]]
[[5, 7, 17, 11, 25, 91], [0, 3, 4, 5, 7, 8, 9, 10, 13, 14, 17, 18]]
[[5, 7, 17, 11, 25, 91], [0, 3, 4, 5, 7, 9, 10, 12, 13, 14, 17, 18]]
[[5, 7, 17, 11, 25, 91], [0, 2, 3, 4, 5, 10, 12, 14, 16, 17, 18, 19]]
[[5, 7, 17, 11, 25, 91], [0, 2, 3, 4, 5, 8, 9, 10, 16, 17, 18, 19]]
[[5, 7, 17, 11, 45, 79], [0, 2, 4, 13, 16, 17, 18, 19]]
[[5, 7, 17, 11, 45, 79], [0, 2, 4, 5, 13, 14, 16, 17]]
[[5, 7, 17, 11, 45, 79], [0, 4, 5, 9, 12, 14, 16, 17]]
[[5, 7, 17, 11, 45, 79], [0, 2, 4, 5, 8, 12, 13, 14, 16, 17, 18, 19]]
[[5, 7, 17, 11, 45, 79], [0, 2, 4, 8, 9, 12, 13, 14, 16, 17]]
[[5, 7, 17, 11, 45, 79], [0, 4, 5, 8, 9, 14, 16, 17]]
[[5, 7, 17, 11, 45, 79], [0, 4, 9, 12, 16, 17, 18, 19]]
[[5, 7, 17, 11, 45, 79], [0, 4, 8, 14, 16, 17, 18, 19]]
[[5, 7, 17, 11, 45, 103], [0, 1, 3, 4, 5, 12, 16, 17, 18, 19]]
[[5, 7, 17, 11, 45, 103], [0, 1, 3, 4, 5, 7, 9, 12, 13, 14, 16, 17, 18, 19]]
[[5, 7, 17, 11, 45, 103], [0, 1, 3, 4, 5, 8, 9, 14, 16, 17, 18, 19]]
[[5, 7, 17, 11, 45, 103], [0, 1, 3, 4, 5, 7, 8, 9, 13, 14, 16, 17]]
[[5, 7, 17, 11, 45, 103], [0, 1, 2, 3, 4, 5, 8, 14, 16, 17]]
[[5, 7, 17, 11, 45, 103], [0, 1, 2, 3, 4, 5, 12, 14, 16, 17]]
[[5, 7, 17, 11, 45, 103], [0, 1, 2, 3, 4, 5, 7, 12, 13, 14, 16, 17]]
[[5, 7, 17, 11, 45, 103], [0, 1, 2, 3, 4, 5, 7, 8, 9, 13, 16, 17, 18, 19]]
[[5, 7, 17, 19, 45, 79], [0, 4, 7, 8, 11, 12, 13, 14, 16, 17]]
[[5, 7, 17, 19, 45, 79], [0, 4, 5, 7, 8, 11, 16, 17, 18, 19]]
[[5, 7, 17, 19, 45, 79], [0, 2, 4, 5, 7, 9, 11, 13, 16, 19]]
[[5, 7, 17, 19, 45, 79], [0, 2, 5, 11, 12, 14, 16, 19]]
[[5, 7, 17, 19, 45, 79], [0, 5, 9, 11, 12, 14, 16, 17, 18, 19]]
[[5, 7, 17, 19, 45, 79], [0, 2, 4, 7, 11, 12, 16, 19]]
[[5, 7, 17, 19, 45, 79], [0, 2, 5, 11, 13, 14, 16, 19]]
[[5, 7, 17, 19, 45, 79], [0, 5, 9, 11, 13, 14, 16, 17]]
[[5, 7, 17, 19, 35, 67], [0, 3, 4, 6, 7, 11, 12, 14, 16, 18]]
[[5, 7, 17, 19, 35, 67], [0, 5, 6, 7, 9, 10, 13, 14, 16, 18]]
[[5, 7, 17, 19, 35, 67], [0, 5, 6, 8, 9, 10, 13, 14, 16, 18]]
[[5, 7, 17, 19, 35, 67], [0, 1, 3, 6, 7, 8, 9, 10, 12, 13, 17, 19]]
[[5, 7, 17, 19, 35, 67], [0, 1, 2, 3, 6, 8, 9, 10, 13, 14, 16, 18]]
[[5, 7, 17, 19, 35, 67], [0, 1, 5, 6, 9, 11, 12, 14, 16, 18]]
[[5, 7, 17, 19, 35, 67], [0, 1, 5, 6, 7, 8, 9, 11, 13, 14, 16, 19]]
[[5, 7, 17, 19, 35, 67], [0, 2, 3, 4, 6, 8, 11, 13, 16, 19]]
[[5, 7, 17, 19, 35, 67], [0, 3, 4, 6, 8, 11, 13, 14, 16, 18]]
[[5, 7, 17, 19, 35, 67], [0, 1, 3, 5, 6, 7, 9, 10, 13, 14, 16, 18]]
[[5, 7, 17, 19, 35, 67], [0, 1, 2, 5, 6, 11, 12, 14, 16, 19]]
[[5, 7, 17, 19, 35, 67], [0, 2, 5, 6, 8, 10, 13, 14, 17, 18]]
[[5, 7, 17, 19, 35, 67], [0, 1, 2, 3, 5, 6, 10, 12, 13, 14, 17, 18]]
[[5, 7, 17, 19, 35, 67], [0, 2, 3, 4, 6, 7, 11, 12, 16, 19]]
[[5, 7, 17, 19, 35, 67], [0, 1, 2, 5, 6, 7, 8, 11, 13, 14, 16, 18]]
[[5, 7, 17, 19, 35, 67], [0, 2, 5, 6, 7, 10, 13, 14, 17, 19]]
[[5, 7, 17, 19, 40, 73], [0, 2, 3, 7, 8, 10, 12, 13, 17, 19]]
[[5, 7, 17, 19, 40, 73], [0, 2, 3, 10, 12, 13, 16, 17, 18, 19]]
[[5, 7, 17, 19, 40, 73], [0, 3, 5, 8, 9, 10, 13, 14, 16, 17]]
[[5, 7, 17, 19, 40, 73], [0, 2, 3, 5, 10, 12, 13, 14, 16, 17]]
[[5, 7, 17, 19, 40, 73], [0, 3, 5, 7, 9, 10, 13, 14, 17, 19]]
[[5, 7, 17, 19, 40, 73], [0, 3, 8, 10, 13, 14, 16, 17, 18, 19]]
[[5, 7, 17, 19, 40, 73], [0, 2, 3, 5, 7, 8, 10, 12, 13, 14, 17, 18]]
[[5, 7, 17, 19, 40, 73], [0, 3, 7, 10, 13, 14, 17, 18]]
[[5, 7, 17, 19, 30, 73], [0, 1, 5, 7, 8, 10, 11, 12, 16, 17, 18, 19]]
[[5, 7, 17, 19, 30, 73], [0, 1, 2, 4, 9, 10, 11, 14, 16, 17, 18, 19]]
[[5, 7, 17, 19, 30, 73], [0, 1, 2, 5, 7, 8, 10, 11, 13, 14, 16, 17]]
[[5, 7, 17, 19, 30, 73], [0, 1, 2, 4, 5, 8, 10, 11, 12, 14, 18, 19]]
[[5, 7, 17, 19, 30, 73], [0, 1, 4, 8, 9, 10, 11, 13, 18, 19]]
[[5, 7, 17, 19, 30, 73], [0, 1, 5, 7, 8, 9, 10, 11, 13, 14, 18, 19]]
[[5, 7, 17, 19, 30, 73], [0, 1, 2, 5, 7, 8, 9, 10, 11, 12, 18, 19]]
[[5, 7, 17, 19, 30, 73], [0, 1, 4, 5, 9, 10, 11, 12, 13, 14, 16, 17]]
[[5, 7, 17, 15, 45, 103], [0, 1, 2, 3, 6, 7, 8, 10, 17, 19]]
[[5, 7, 17, 15, 45, 103], [0, 6, 8, 10, 12, 14, 17, 18]]
[[5, 7, 17, 15, 45, 103], [0, 1, 3, 5, 6, 9, 10, 14, 17, 18]]
[[5, 7, 17, 15, 45, 103], [0, 6, 7, 10, 12, 14, 17, 19]]
[[5, 7, 17, 15, 45, 103], [0, 1, 2, 3, 5, 6, 7, 10, 12, 14, 16, 19]]
[[5, 7, 17, 15, 45, 103], [0, 2, 6, 8, 10, 12, 16, 19]]
[[5, 7, 17, 15, 45, 103], [0, 2, 6, 7, 10, 12, 16, 19]]
[[5, 7, 17, 15, 45, 103], [0, 1, 3, 6, 8, 10, 12, 14, 16, 19]]
[[5, 7, 17, 15, 40, 85], [0, 3, 4, 5, 6, 7, 9, 12, 13, 14, 16, 19]]
[[5, 7, 17, 15, 40, 85], [0, 2, 3, 4, 5, 6, 7, 14, 16, 17]]
[[5, 7, 17, 15, 40, 85], [0, 1, 2, 4, 6, 7, 12, 13, 16, 19]]
[[5, 7, 17, 15, 40, 85], [0, 1, 4, 6, 7, 8, 12, 14, 16, 17]]
[[5, 7, 17, 15, 40, 85], [0, 2, 3, 4, 5, 6, 8, 14, 16, 17, 18, 19]]
[[5, 7, 17, 15, 40, 85], [0, 1, 4, 5, 6, 8, 12, 13, 16, 19]]
[[5, 7, 17, 15, 40, 85], [0, 3, 4, 5, 6, 8, 9, 12, 13, 14, 16, 19]]
[[5, 7, 17, 15, 40, 85], [0, 1, 2, 4, 5, 6, 9, 12, 16, 17, 18, 19]]
[[5, 7, 17, 7, 45, 91], [0, 3, 4, 5, 8, 9, 10, 14, 17, 18]]
[[5, 7, 17, 7, 45, 91], [0, 2, 3, 4, 5, 7, 9, 10, 12, 13, 16, 17, 18, 19]]
[[5, 7, 17, 7, 45, 91], [0, 2, 3, 4, 5, 10, 12, 14, 17, 19]]
[[5, 7, 17, 7, 45, 91], [0, 3, 4, 5, 8, 10, 17, 19]]
[[5, 7, 17, 7, 45, 91], [0, 2, 3, 4, 5, 7, 10, 12, 13, 14, 16, 17]]
[[5, 7, 17, 7, 45, 91], [0, 3, 4, 5, 7, 8, 9, 10, 13, 14, 16, 17, 18, 19]]
[[5, 7, 17, 7, 45, 91], [0, 2, 3, 4, 5, 10, 12, 14, 17, 18]]
[[5, 7, 17, 7, 45, 91], [0, 3, 4, 5, 7, 8, 9, 10, 13, 14, 16, 17]]
[[5, 7, 17, 39, 15, 67], [0, 1, 2, 5, 6, 7, 12, 14, 16, 19]]
[[5, 7, 17, 39, 15, 67], [0, 1, 5, 6, 7, 9, 12, 14, 16, 17]]
[[5, 7, 17, 39, 15, 67], [0, 1, 2, 5, 6, 8, 9, 12, 16, 17, 18, 19]]
[[5, 7, 17, 39, 15, 67], [0, 1, 5, 6, 8, 12, 16, 19]]
[[5, 7, 17, 39, 15, 67], [0, 2, 3, 5, 6, 8, 12, 14, 16, 19]]
[[5, 7, 17, 39, 15, 67], [0, 3, 6, 14, 16, 17, 18, 19]]
[[5, 7, 17, 39, 15, 67], [0, 3, 5, 6, 7, 8, 9, 14, 16, 17]]
[[5, 7, 17, 39, 15, 67], [0, 2, 3, 6, 7, 12, 16, 19]]
[[5, 7, 14, 31, 25, 64], [0, 2, 4, 5, 6, 7, 10, 11, 13, 14, 16, 19]]
[[5, 7, 14, 31, 25, 64], [0, 1, 2, 3, 5, 6, 9, 10, 11, 13, 16, 19]]
[[5, 7, 14, 31, 25, 64], [0, 1, 3, 4, 5, 6, 9, 10, 11, 14, 16, 19]]
[[5, 7, 14, 31, 25, 64], [0, 5, 6, 8, 10, 11, 12, 13, 18, 19]]
[[5, 7, 14, 31, 25, 64], [0, 1, 2, 3, 4, 5, 6, 7, 8, 10, 11, 12, 13, 14, 18, 19]]
[[5, 7, 14, 31, 25, 64], [0, 1, 2, 3, 6, 8, 10, 11, 18, 19]]
[[5, 7, 14, 31, 25, 64], [0, 1, 3, 6, 7, 8, 10, 11, 12, 14, 16, 19]]
[[5, 7, 14, 31, 25, 64], [0, 1, 3, 4, 5, 6, 9, 10, 11, 14, 18, 19]]
[[5, 7, 14, 31, 25, 64], [0, 1, 2, 3, 4, 5, 6, 7, 8, 10, 11, 12, 13, 14, 16, 19]]
[[5, 7, 14, 31, 25, 64], [0, 1, 3, 5, 6, 7, 10, 11, 12, 13, 18, 19]]
[[5, 7, 14, 31, 25, 64], [0, 2, 4, 6, 8, 10, 11, 12, 16, 19]]
[[5, 7, 14, 31, 25, 64], [0, 4, 5, 6, 7, 8, 9, 10, 11, 14, 18, 19]]
[[5, 7, 14, 31, 25, 64], [0, 5, 6, 7, 10, 11, 18, 19]]
[[5, 7, 14, 31, 25, 64], [0, 2, 5, 6, 8, 9, 10, 11, 12, 13, 16, 19]]
[[5, 7, 14, 31, 25, 64], [0, 4, 6, 10, 11, 12, 13, 14, 18, 19]]
[[5, 7, 14, 31, 25, 64], [0, 2, 5, 6, 7, 9, 10, 11, 16, 19]]
[[5, 7, 14, 31, 25, 88], [0, 1, 3, 4, 5, 6, 7, 8, 9, 10, 13, 14, 16, 18]]
[[5, 7, 14, 31, 25, 88], [0, 1, 3, 4, 5, 6, 7, 8, 9, 10, 12, 14, 17, 19]]
[[5, 7, 14, 31, 25, 88], [0, 1, 2, 3, 4, 5, 6, 10, 13, 14, 16, 18]]
[[5, 7, 14, 31, 25, 88], [0, 4, 5, 6, 8, 9, 10, 14, 17, 18]]
[[5, 7, 14, 31, 25, 88], [0, 2, 4, 5, 6, 10, 13, 14, 16, 18]]
[[5, 7, 14, 31, 25, 88], [0, 1, 2, 3, 4, 5, 6, 10, 12, 14, 17, 18]]
[[5, 7, 14, 31, 25, 88], [0, 4, 6, 7, 9, 10, 17, 19]]
[[5, 7, 14, 31, 25, 88], [0, 2, 4, 6, 7, 8, 9, 10, 13, 14, 16, 18]]
[[5, 7, 14, 31, 35, 76], [0, 1, 3, 6, 8, 10, 11, 14, 16, 17, 18, 19]]
[[5, 7, 14, 31, 35, 76], [0, 1, 2, 3, 5, 6, 7, 10, 11, 12, 13, 14, 16, 17]]
[[5, 7, 14, 31, 35, 76], [0, 4, 6, 7, 9, 10, 11, 12, 16, 17, 18, 19]]
[[5, 7, 14, 31, 35, 76], [0, 2, 4, 5, 6, 10, 11, 14, 17, 19]]
[[5, 7, 14, 31, 35, 76], [0, 2, 4, 6, 7, 8, 9, 10, 11, 12, 13, 14, 17, 18]]
[[5, 7, 14, 31, 35, 76], [0, 4, 5, 6, 8, 9, 10, 11, 13, 14, 16, 17]]
[[5, 7, 14, 31, 35, 76], [0, 1, 2, 3, 6, 7, 8, 10, 11, 12, 17, 19]]
[[5, 7, 14, 31, 35, 76], [0, 1, 3, 5, 6, 9, 10, 11, 13, 14, 17, 18]]
[[5, 7, 14, 31, 20, 70], [0, 1, 5, 7, 9, 10, 11, 14, 16, 17]]
[[5, 7, 14, 31, 20, 70], [0, 1, 4, 9, 10, 11, 12, 13, 18, 19]]
[[5, 7, 14, 31, 20, 70], [0, 1, 4, 5, 8, 10, 11, 13, 16, 17, 18, 19]]
[[5, 7, 14, 31, 20, 70], [0, 1, 2, 4, 5, 9, 10, 11, 18, 19]]
[[5, 7, 14, 31, 20, 70], [0, 1, 2, 4, 8, 9, 10, 11, 12, 14, 16, 17]]
[[5, 7, 14, 31, 20, 70], [0, 1, 2, 5, 7, 10, 11, 14, 18, 19]]
[[5, 7, 14, 31, 20, 70], [0, 1, 5, 7, 9, 10, 11, 12, 13, 14, 18, 19]]
[[5, 7, 14, 31, 20, 70], [0, 1, 2, 5, 7, 10, 11, 12, 13, 14, 16, 17, 18, 19]]
[[5, 7, 14, 23, 25, 88], [0, 1, 2, 4, 5, 7, 9, 10, 16, 19]]
[[5, 7, 14, 23, 25, 88], [0, 1, 4, 7, 8, 10, 13, 14, 18, 19]]
[[5, 7, 14, 23, 25, 88], [0, 1, 2, 4, 7, 8, 10, 13, 18, 19]]
[[5, 7, 14, 23, 25, 88], [0, 1, 2, 4, 7, 10, 16, 19]]
[[5, 7, 14, 23, 25, 88], [0, 1, 4, 5, 7, 8, 10, 13, 18, 19]]
[[5, 7, 14, 23, 25, 88], [0, 1, 2, 4, 5, 7, 8, 10, 13, 14, 18, 19]]
[[5, 7, 14, 23, 25, 88], [0, 1, 4, 5, 7, 9, 10, 14, 16, 19]]
[[5, 7, 14, 23, 25, 88], [0, 1, 4, 7, 10, 14, 16, 19]]
[[5, 7, 14, 23, 25, 64], [0, 1, 2, 4, 6, 7, 8, 13, 16, 17, 18, 19]]
[[5, 7, 14, 23, 25, 64], [0, 2, 3, 4, 6, 7, 16, 19]]
[[5, 7, 14, 23, 25, 64], [0, 1, 4, 6, 7, 14, 16, 19]]
[[5, 7, 14, 23, 25, 64], [0, 3, 4, 6, 7, 12, 13, 14, 16, 17, 18, 19]]
[[5, 7, 14, 23, 25, 64], [0, 1, 2, 4, 5, 6, 8, 14, 16, 19]]
[[5, 7, 14, 23, 25, 64], [0, 2, 3, 4, 6, 8, 16, 19]]
[[5, 7, 14, 23, 25, 64], [0, 1, 4, 5, 6, 9, 13, 14, 16, 17]]
[[5, 7, 14, 23, 25, 64], [0, 3, 4, 6, 8, 12, 13, 14, 16, 17]]
[[5, 7, 14, 23, 25, 76], [0, 2, 5, 7, 11, 12, 13, 14, 16, 17]]
[[5, 7, 14, 23, 25, 76], [0, 2, 5, 7, 9, 11, 16, 17, 18, 19]]
[[5, 7, 14, 23, 25, 76], [0, 2, 4, 5, 11, 14, 16, 19]]
[[5, 7, 14, 23, 25, 76], [0, 5, 7, 9, 11, 12, 13, 14, 16, 19]]
[[5, 7, 14, 23, 25, 76], [0, 5, 7, 11, 16, 19]]
[[5, 7, 14, 23, 25, 76], [0, 2, 4, 11, 12, 13, 16, 19]]
[[5, 7, 14, 23, 25, 76], [0, 4, 8, 11, 12, 14, 16, 17, 18, 19]]
[[5, 7, 14, 23, 25, 76], [0, 4, 5, 8, 9, 11, 13, 14, 16, 17]]
[[5, 7, 14, 23, 35, 52], [0, 2, 6, 9, 10, 11, 13, 14, 17, 18]]
[[5, 7, 14, 23, 35, 52], [0, 1, 3, 5, 6, 9, 10, 11, 13, 14, 16, 19]]
[[5, 7, 14, 23, 35, 52], [0, 2, 4, 5, 6, 7, 8, 9, 10, 11, 18, 19]]
[[5, 7, 14, 23, 35, 52], [0, 4, 6, 8, 10, 11, 12, 14, 16, 19]]
[[5, 7, 14, 23, 35, 52], [0, 2, 4, 6, 10, 11, 12, 13, 18, 19]]
[[5, 7, 14, 23, 35, 52], [0, 4, 5, 6, 7, 10, 11, 13, 16, 19]]
[[5, 7, 14, 23, 35, 52], [0, 6, 9, 10, 11, 13, 16, 17, 18, 19]]
[[5, 7, 14, 23, 35, 52], [0, 2, 6, 7, 8, 10, 11, 12, 17, 19]]
[[5, 7, 14, 23, 35, 52], [0, 1, 2, 3, 6, 7, 8, 10, 11, 12, 16, 19]]
[[5, 7, 14, 23, 35, 52], [0, 6, 7, 8, 10, 11, 12, 14, 16, 17]]
[[5, 7, 14, 23, 35, 52], [0, 1, 2, 3, 4, 5, 6, 10, 11, 14, 16, 17]]
[[5, 7, 14, 23, 35, 52], [0, 1, 3, 4, 5, 6, 7, 8, 9, 10, 11, 12, 13, 14, 16, 17, 18, 19]]
[[5, 7, 14, 23, 35, 52], [0, 1, 3, 6, 8, 10, 11, 14, 18, 19]]
[[5, 7, 14, 23, 35, 52], [0, 1, 2, 3, 4, 5, 6, 10, 11, 14, 17, 19]]
[[5, 7, 14, 23, 35, 52], [0, 1, 3, 4, 5, 6, 7, 8, 9, 10, 11, 12, 13, 14, 17, 18]]
[[5, 7, 14, 23, 35, 52], [0, 1, 2, 3, 5, 6, 7, 10, 11, 12, 13, 14, 18, 19]]
[[5, 7, 14, 23, 35, 64], [0, 4, 5, 6, 7, 9, 10, 12, 13, 14, 17, 18]]
[[5, 7, 14, 23, 35, 64], [0, 1, 2, 3, 4, 5, 6, 10, 12, 14, 16, 18]]
[[5, 7, 14, 23, 35, 64], [0, 2, 4, 5, 6, 7, 8, 10, 12, 14, 16, 18]]
[[5, 7, 14, 23, 35, 64], [0, 4, 6, 8, 9, 10, 12, 13, 17, 19]]
[[5, 7, 14, 23, 35, 64], [0, 1, 2, 3, 4, 5, 6, 10, 13, 14, 17, 19]]
[[5, 7, 14, 23, 35, 64], [0, 2, 4, 6, 9, 10, 12, 14, 16, 18]]
[[5, 7, 14, 23, 35, 64], [0, 1, 3, 4, 5, 6, 7, 8, 9, 10, 13, 14, 17, 18]]
[[5, 7, 14, 23, 35, 64], [0, 1, 3, 4, 5, 6, 7, 8, 9, 10, 12, 14, 16, 18]]
[[5, 7, 14, 23, 40, 82], [0, 2, 4, 5, 6, 7, 8, 10, 13, 14, 16, 17]]
[[5, 7, 14, 23, 40, 82], [0, 1, 2, 3, 4, 5, 6, 8, 9, 10, 12, 13, 16, 17, 18, 19]]
[[5, 7, 14, 23, 40, 82], [0, 1, 3, 4, 5, 6, 7, 9, 10, 12, 13, 14, 16, 17]]
[[5, 7, 14, 23, 40, 82], [0, 4, 6, 8, 9, 10, 18, 19]]
[[5, 7, 14, 23, 40, 82], [0, 2, 4, 6, 9, 10, 13, 14, 16, 17, 18, 19]]
[[5, 7, 14, 23, 40, 82], [0, 1, 3, 4, 5, 6, 7, 10, 18, 19]]
[[5, 7, 14, 23, 40, 82], [0, 4, 5, 6, 7, 9, 10, 14, 18, 19]]
[[5, 7, 14, 23, 40, 82], [0, 1, 2, 3, 4, 5, 6, 8, 10, 14, 18, 19]]
[[5, 7, 14, 15, 35, 76], [0, 1, 5, 7, 8, 9, 10, 11, 13, 14, 16, 19]]
[[5, 7, 14, 15, 35, 76], [0, 1, 3, 4, 5, 6, 7, 8, 9, 10, 11, 12, 13, 14, 16, 19]]
[[5, 7, 14, 15, 35, 76], [0, 1, 2, 4, 5, 10, 11, 12, 13, 14, 17, 18]]
[[5, 7, 14, 15, 35, 76], [0, 1, 4, 10, 11, 14, 17, 19]]
[[5, 7, 14, 15, 35, 76], [0, 1, 2, 3, 4, 5, 6, 10, 11, 14, 16, 19]]
[[5, 7, 14, 15, 35, 76], [0, 1, 2, 5, 7, 8, 10, 11, 13, 14, 17, 18]]
[[5, 7, 14, 15, 35, 76], [0, 5, 6, 8, 10, 11, 12, 13, 16, 19]]
[[5, 7, 14, 15, 35, 76], [0, 1, 4, 5, 8, 9, 10, 11, 12, 14, 16, 19]]
[[5, 7, 14, 15, 35, 76], [0, 5, 6, 7, 10, 11, 16, 19]]
[[5, 7, 14, 15, 35, 76], [0, 1, 5, 7, 8, 10, 11, 12, 17, 19]]
[[5, 7, 14, 15, 35, 76], [0, 2, 5, 6, 7, 9, 10, 11, 18, 19]]
[[5, 7, 14, 15, 35, 76], [0, 2, 5, 6, 8, 9, 10, 11, 12, 13, 18, 19]]
[[5, 7, 14, 15, 35, 76], [0, 1, 2, 4, 8, 10, 11, 13, 16, 19]]
[[5, 7, 14, 15, 35, 76], [0, 1, 2, 5, 7, 8, 9, 10, 11, 12, 16, 19]]
[[5, 7, 14, 15, 35, 76], [0, 1, 3, 4, 5, 6, 7, 8, 9, 10, 11, 12, 13, 14, 18, 19]]
[[5, 7, 14, 15, 35, 76], [0, 1, 2, 3, 4, 5, 6, 10, 11, 14, 18, 19]]
[[5, 7, 14, 15, 40, 106], [0, 1, 2, 4, 7, 8, 9, 10, 11, 14, 16, 18]]
[[5, 7, 14, 15, 40, 106], [0, 1, 2, 5, 8, 10, 11, 14, 16, 18]]
[[5, 7, 14, 15, 40, 106], [0, 1, 5, 8, 9, 10, 11, 12, 13, 14, 16, 18]]
[[5, 7, 14, 15, 40, 106], [0, 1, 4, 7, 9, 10, 11, 13, 17, 19]]
[[5, 7, 14, 15, 40, 106], [0, 1, 4, 5, 7, 8, 9, 10, 11, 12, 13, 14, 16, 18]]
[[5, 7, 14, 15, 40, 106], [0, 1, 2, 4, 5, 7, 10, 11, 12, 14, 17, 18]]
[[5, 7, 14, 15, 40, 106], [0, 1, 2, 5, 8, 10, 11, 12, 13, 14, 17, 19]]
[[5, 7, 14, 15, 40, 106], [0, 1, 5, 8, 9, 10, 11, 14, 17, 18]]
[[5, 7, 14, 15, 45, 100], [0, 2, 4, 6, 8, 10, 11, 12, 16, 17, 18, 19]]
[[5, 7, 14, 15, 45, 100], [0, 1, 3, 6, 7, 8, 9, 10, 11, 13, 17, 19]]
[[5, 7, 14, 15, 45, 100], [0, 4, 5, 6, 7, 8, 9, 10, 11, 14, 17, 18]]
[[5, 7, 14, 15, 45, 100], [0, 1, 2, 3, 6, 8, 9, 10, 11, 12, 13, 14, 16, 17]]
[[5, 7, 14, 15, 45, 100], [0, 1, 3, 5, 6, 7, 9, 10, 11, 14, 16, 17, 18, 19]]
[[5, 7, 14, 15, 45, 100], [0, 2, 4, 5, 6, 7, 10, 11, 13, 14, 16, 17]]
[[5, 7, 14, 15, 45, 100], [0, 1, 2, 3, 5, 6, 10, 11, 12, 14, 17, 18]]
[[5, 7, 14, 15, 45, 100], [0, 4, 6, 10, 11, 12, 13, 14, 17, 19]]
[[5, 7, 14, 15, 30, 52], [0, 1, 2, 3, 5, 6, 8, 9, 10, 12, 18, 19]]
[[5, 7, 14, 15, 30, 52], [0, 5, 6, 7, 9, 10, 12, 14, 16, 17, 18, 19]]
[[5, 7, 14, 15, 30, 52], [0, 1, 3, 6, 7, 9, 10, 12, 18, 19]]
[[5, 7, 14, 15, 30, 52], [0, 2, 5, 6, 8, 10, 12, 14, 18, 19]]
[[5, 7, 14, 15, 30, 52], [0, 5, 6, 8, 9, 10, 12, 14, 16, 17]]
[[5, 7, 14, 15, 30, 52], [0, 2, 5, 6, 7, 10, 12, 14, 18, 19]]
[[5, 7, 14, 15, 30, 52], [0, 1, 2, 3, 6, 9, 10, 14, 16, 17]]
[[5, 7, 14, 15, 30, 52], [0, 1, 3, 5, 6, 7, 8, 10, 16, 17, 18, 19]]
[[5, 7, 14, 15, 40, 70], [0, 1, 2, 3, 5, 12, 13, 14, 16, 17]]
[[5, 7, 14, 15, 40, 70], [0, 1, 2, 3, 8, 13, 16, 17, 18, 19]]
[[5, 7, 14, 15, 40, 70], [0, 1, 3, 7, 8, 12, 13, 14, 16, 17]]
[[5, 7, 14, 15, 40, 70], [0, 1, 2, 3, 7, 13, 16, 17, 18, 19]]
[[5, 7, 14, 15, 40, 70], [0, 1, 3, 12, 13, 14, 16, 17, 18, 19]]
[[5, 7, 14, 15, 40, 70], [0, 1, 2, 3, 5, 7, 8, 12, 13, 14, 16, 17, 18, 19]]
[[5, 7, 14, 15, 40, 70], [0, 1, 3, 5, 7, 9, 13, 14, 16, 17]]
[[5, 7, 14, 15, 40, 70], [0, 1, 3, 5, 8, 9, 13, 14, 16, 17]]
[[5, 7, 14, 15, 20, 82], [0, 1, 2, 3, 5, 7, 8, 11, 12, 14, 16, 18]]
[[5, 7, 14, 15, 20, 82], [0, 1, 2, 3, 4, 5, 7, 11, 13, 14, 16, 17, 18, 19]]
[[5, 7, 14, 15, 20, 82], [0, 1, 2, 3, 8, 11, 12, 13, 16, 17, 18, 19]]
[[5, 7, 14, 15, 20, 82], [0, 1, 2, 3, 4, 5, 8, 11, 13, 14, 16, 18]]
[[5, 7, 14, 15, 20, 82], [0, 1, 3, 4, 5, 7, 9, 11, 12, 14, 16, 17]]
[[5, 7, 14, 15, 20, 82], [0, 1, 3, 7, 8, 11, 13, 14, 16, 18]]
[[5, 7, 14, 15, 20, 82], [0, 1, 3, 5, 8, 9, 11, 14, 16, 17]]
[[5, 7, 14, 15, 20, 82], [0, 1, 3, 4, 5, 8, 9, 11, 12, 14, 16, 18]]
[[5, 7, 14, 15, 35, 88], [0, 1, 2, 8, 9, 10, 13, 14, 16, 18]]
[[5, 7, 14, 15, 35, 88], [0, 1, 5, 8, 9, 10, 13, 14, 16, 18]]
[[5, 7, 14, 15, 35, 88], [0, 1, 2, 5, 8, 10, 13, 14, 18, 19]]
[[5, 7, 14, 15, 35, 88], [0, 1, 2, 8, 10, 13, 18, 19]]
[[5, 7, 14, 15, 35, 88], [0, 1, 2, 5, 8, 10, 13, 14, 16, 18]]
[[5, 7, 14, 15, 35, 88], [0, 1, 8, 9, 10, 13, 18, 19]]
[[5, 7, 14, 15, 35, 88], [0, 1, 8, 10, 13, 14, 16, 18]]
[[5, 7, 14, 15, 35, 88], [0, 1, 5, 8, 9, 10, 13, 14, 18, 19]]
[[5, 7, 14, 19, 45, 88], [0, 2, 5, 6, 7, 10, 13, 14, 17, 18]]
[[5, 7, 14, 19, 45, 88], [0, 1, 2, 3, 4, 5, 6, 10, 11, 14, 17, 18]]
[[5, 7, 14, 19, 45, 88], [0, 2, 5, 6, 8, 10, 13, 14, 17, 19]]
[[5, 7, 14, 19, 45, 88], [0, 1, 3, 6, 7, 8, 10, 12, 13, 14, 17, 18]]
[[5, 7, 14, 19, 45, 88], [0, 1, 2, 3, 4, 5, 6, 10, 11, 14, 16, 17, 18, 19]]
[[5, 7, 14, 19, 45, 88], [0, 6, 7, 8, 9, 10, 11, 12, 16, 17, 18, 19]]
[[5, 7, 14, 19, 45, 88], [0, 1, 3, 5, 6, 7, 10, 13, 16, 19]]
[[5, 7, 14, 19, 45, 88], [0, 1, 3, 4, 5, 6, 7, 8, 9, 10, 11, 12, 13, 14, 16, 17]]
[[5, 7, 14, 19, 45, 88], [0, 2, 6, 10, 11, 13, 17, 19]]
[[5, 7, 14, 19, 45, 88], [0, 2, 6, 7, 8, 9, 10, 11, 12, 14, 17, 18]]
[[5, 7, 14, 19, 45, 88], [0, 1, 2, 3, 5, 6, 9, 10, 12, 13, 17, 19]]
[[5, 7, 14, 19, 45, 88], [0, 1, 3, 4, 5, 6, 7, 8, 9, 10, 11, 12, 13, 14, 17, 19]]
[[5, 7, 14, 19, 45, 88], [0, 6, 10, 11, 13, 14, 16, 17]]
[[5, 7, 14, 19, 45, 88], [0, 5, 6, 7, 9, 10, 13, 14, 16, 19]]
[[5, 7, 14, 19, 45, 88], [0, 5, 6, 8, 9, 10, 13, 14, 16, 19]]
[[5, 7, 14, 19, 45, 88], [0, 1, 2, 3, 6, 8, 10, 13, 16, 19]]
[[5, 7, 14, 19, 35, 88], [0, 1, 3, 5, 6, 7, 8, 9, 10, 12, 13, 14, 16, 19]]
[[5, 7, 14, 19, 35, 88], [0, 1, 2, 3, 6, 10, 12, 13, 16, 19]]
[[5, 7, 14, 19, 35, 88], [0, 1, 2, 3, 5, 6, 8, 10, 13, 14, 17, 18]]
[[5, 7, 14, 19, 35, 88], [0, 2, 5, 6, 10, 12, 13, 14, 17, 18]]
[[5, 7, 14, 19, 35, 88], [0, 2, 5, 6, 7, 8, 9, 10, 12, 13, 17, 19]]
[[5, 7, 14, 19, 35, 88], [0, 1, 3, 6, 7, 10, 13, 14, 17, 19]]
[[5, 7, 14, 19, 35, 88], [0, 5, 6, 7, 8, 10, 12, 13, 16, 19]]
[[5, 7, 14, 19, 35, 88], [0, 5, 6, 9, 10, 12, 13, 14, 16, 19]]
[[5, 7, 14, 19, 25, 76], [0, 4, 5, 6, 7, 9, 10, 11, 13, 14, 16, 17]]
[[5, 7, 14, 19, 25, 76], [0, 1, 3, 5, 6, 9, 10, 11, 12, 14, 17, 18]]
[[5, 7, 14, 19, 25, 76], [0, 1, 2, 3, 6, 7, 8, 10, 11, 13, 17, 19]]
[[5, 7, 14, 19, 25, 76], [0, 4, 6, 8, 9, 10, 11, 12, 16, 17, 18, 19]]
[[5, 7, 14, 19, 25, 76], [0, 2, 4, 5, 6, 7, 8, 10, 11, 14, 17, 18]]
[[5, 7, 14, 19, 25, 76], [0, 2, 4, 6, 9, 10, 11, 12, 13, 14, 17, 19]]
[[5, 7, 14, 19, 25, 76], [0, 1, 3, 6, 8, 10, 11, 12, 13, 14, 16, 17]]
[[5, 7, 14, 19, 25, 76], [0, 1, 2, 3, 5, 6, 7, 10, 11, 14, 16, 17, 18, 19]]
[[5, 7, 14, 19, 55, 76], [0, 2, 4, 6, 8, 9, 10, 12, 13, 14, 16, 17]]
[[5, 7, 14, 19, 55, 76], [0, 1, 3, 4, 5, 6, 7, 8, 9, 10, 12, 14, 18, 19]]
[[5, 7, 14, 19, 55, 76], [0, 1, 2, 3, 4, 5, 6, 10, 13, 14, 16, 17]]
[[5, 7, 14, 19, 55, 76], [0, 4, 6, 9, 10, 12, 18, 19]]
[[5, 7, 14, 19, 55, 76], [0, 4, 5, 6, 7, 8, 10, 12, 18, 19]]
[[5, 7, 14, 19, 55, 76], [0, 2, 4, 5, 6, 7, 9, 10, 12, 13, 16, 17, 18, 19]]
[[5, 7, 14, 19, 55, 76], [0, 1, 2, 3, 4, 5, 6, 10, 12, 14, 18, 19]]
[[5, 7, 14, 19, 55, 76], [0, 1, 3, 4, 5, 6, 7, 8, 9, 10, 13, 14, 16, 17, 18, 19]]
[[5, 7, 14, 19, 45, 64], [0, 1, 5, 10, 11, 13, 18, 19]]
[[5, 7, 14, 19, 45, 64], [0, 1, 2, 4, 5, 7, 10, 11, 13, 14, 18, 19]]
[[5, 7, 14, 19, 45, 64], [0, 1, 4, 7, 9, 10, 11, 12, 18, 19]]
[[5, 7, 14, 19, 45, 64], [0, 1, 2, 5, 9, 10, 11, 13, 16, 17, 18, 19]]
[[5, 7, 14, 19, 45, 64], [0, 1, 2, 5, 10, 11, 12, 14, 18, 19]]
[[5, 7, 14, 19, 45, 64], [0, 1, 2, 4, 7, 8, 9, 10, 11, 12, 13, 14, 16, 17, 18, 19]]
[[5, 7, 14, 19, 45, 64], [0, 1, 4, 5, 7, 8, 9, 10, 11, 14, 16, 17]]
[[5, 7, 14, 19, 45, 64], [0, 1, 5, 9, 10, 11, 12, 14, 16, 17]]
[[5, 7, 14, 19, 30, 82], [0, 1, 2, 3, 4, 6, 9, 10, 11, 12, 13, 14, 16, 18]]
[[5, 7, 14, 19, 30, 82], [0, 1, 2, 3, 4, 6, 10, 11, 12, 13, 18, 19]]
[[5, 7, 14, 19, 30, 82], [0, 2, 5, 6, 7, 10, 11, 12, 13, 14, 18, 19]]
[[5, 7, 14, 19, 30, 82], [0, 1, 3, 4, 6, 7, 8, 9, 10, 11, 18, 19]]
[[5, 7, 14, 19, 30, 82], [0, 1, 3, 4, 6, 7, 8, 10, 11, 14, 16, 18]]
[[5, 7, 14, 19, 30, 82], [0, 5, 6, 8, 9, 10, 11, 14, 16, 18]]
[[5, 7, 14, 19, 30, 82], [0, 2, 5, 6, 8, 10, 11, 14, 18, 19]]
[[5, 7, 14, 19, 30, 82], [0, 5, 6, 7, 9, 10, 11, 12, 13, 14, 16, 18]]
[[5, 7, 14, 7, 25, 76], [0, 1, 2, 4, 6, 8, 16, 19]]
[[5, 7, 14, 7, 25, 76], [0, 3, 4, 5, 6, 7, 9, 12, 13, 14, 16, 17, 18, 19]]
[[5, 7, 14, 7, 25, 76], [0, 1, 4, 6, 13, 14, 16, 17]]
[[5, 7, 14, 7, 25, 76], [0, 2, 3, 4, 5, 6, 8, 14, 16, 19]]
[[5, 7, 14, 7, 25, 76], [0, 2, 3, 4, 5, 6, 7, 14, 16, 19]]
[[5, 7, 14, 7, 25, 76], [0, 3, 4, 5, 6, 8, 9, 12, 13, 14, 16, 17]]
[[5, 7, 14, 7, 25, 76], [0, 1, 2, 4, 5, 6, 7, 8, 9, 13, 16, 17, 18, 19]]
[[5, 7, 14, 7, 25, 76], [0, 1, 4, 5, 6, 7, 16, 19]]
[[5, 7, 14, 7, 35, 76], [0, 2, 5, 8, 11, 14, 16, 19]]
[[5, 7, 14, 7, 35, 76], [0, 5, 8, 9, 11, 14, 16, 17]]
[[5, 7, 14, 7, 35, 76], [0, 2, 4, 7, 8, 11, 16, 19]]
[[5, 7, 14, 7, 35, 76], [0, 2, 4, 5, 7, 8, 11, 12, 13, 14, 16, 19]]
[[5, 7, 14, 7, 35, 76], [0, 5, 8, 11, 12, 13, 16, 17, 18, 19]]
[[5, 7, 14, 7, 35, 76], [0, 2, 5, 8, 9, 11, 12, 13, 16, 19]]
[[5, 7, 14, 7, 35, 76], [0, 4, 7, 11, 13, 14, 16, 17, 18, 19]]
[[5, 7, 14, 7, 35, 76], [0, 4, 5, 7, 9, 11, 12, 14, 16, 17]]
[[5, 7, 14, 7, 35, 100], [0, 3, 4, 5, 9, 10, 12, 14, 17, 19]]
[[5, 7, 14, 7, 35, 100], [0, 3, 4, 5, 7, 10, 12, 13, 16, 17, 18, 19]]
[[5, 7, 14, 7, 35, 100], [0, 3, 4, 5, 7, 9, 10, 12, 13, 14, 16, 17]]
[[5, 7, 14, 7, 35, 100], [0, 2, 3, 4, 5, 8, 9, 10, 17, 19]]
[[5, 7, 14, 7, 35, 100], [0, 2, 3, 4, 5, 7, 8, 10, 13, 14, 16, 17]]
[[5, 7, 14, 7, 35, 100], [0, 2, 3, 4, 5, 8, 10, 14, 17, 18]]
[[5, 7, 14, 7, 35, 100], [0, 3, 4, 5, 9, 10, 12, 14, 17, 18]]
[[5, 7, 14, 7, 35, 100], [0, 2, 3, 4, 5, 7, 8, 10, 13, 14, 16, 17, 18, 19]]
[[5, 7, 14, 7, 30, 94], [0, 2, 3, 6, 7, 8, 9, 11, 12, 14, 16, 17]]
[[5, 7, 14, 7, 30, 94], [0, 2, 3, 5, 6, 11, 13, 14, 16, 17, 18, 19]]
[[5, 7, 14, 7, 30, 94], [0, 3, 5, 6, 7, 9, 11, 12, 13, 14, 16, 17]]
[[5, 7, 14, 7, 30, 94], [0, 1, 2, 4, 6, 7, 8, 11, 12, 13, 16, 17, 18, 19]]
[[5, 7, 14, 7, 30, 94], [0, 1, 4, 5, 6, 9, 11, 14, 16, 17]]
[[5, 7, 14, 7, 30, 94], [0, 1, 2, 4, 5, 6, 8, 11, 13, 14, 16, 17]]
[[5, 7, 14, 7, 30, 94], [0, 1, 4, 6, 7, 11, 12, 14, 16, 17, 18, 19]]
[[5, 7, 14, 7, 30, 94], [0, 3, 6, 8, 9, 11, 16, 17, 18, 19]]
[[5, 7, 14, 27, 30, 82], [0, 1, 2, 3, 6, 7, 10, 11, 12, 13, 16, 19]]
[[5, 7, 14, 27, 30, 82], [0, 2, 4, 5, 6, 8, 10, 11, 12, 14, 18, 19]]
[[5, 7, 14, 27, 30, 82], [0, 2, 4, 6, 7, 10, 11, 13, 18, 19]]
[[5, 7, 14, 27, 30, 82], [0, 1, 3, 5, 6, 8, 10, 11, 16, 19]]
[[5, 7, 14, 27, 30, 82], [0, 1, 2, 3, 5, 6, 7, 8, 9, 10, 11, 12, 18, 19]]
[[5, 7, 14, 27, 30, 82], [0, 1, 3, 6, 10, 11, 13, 14, 18, 19]]
[[5, 7, 14, 27, 30, 82], [0, 4, 5, 6, 9, 10, 11, 12, 13, 14, 16, 19]]
[[5, 7, 14, 27, 30, 82], [0, 4, 6, 7, 8, 10, 11, 14, 16, 19]]
[[5, 7, 14, 27, 35, 88], [0, 4, 5, 6, 7, 9, 10, 11, 12, 14, 17, 18]]
[[5, 7, 14, 27, 35, 88], [0, 2, 4, 6, 9, 10, 11, 14, 16, 17]]
[[5, 7, 14, 27, 35, 88], [0, 1, 3, 5, 6, 7, 8, 9, 10, 11, 12, 14, 16, 17]]
[[5, 7, 14, 27, 35, 88], [0, 1, 2, 3, 5, 6, 8, 10, 11, 14, 17, 18]]
[[5, 7, 14, 27, 35, 88], [0, 1, 3, 6, 7, 10, 11, 12, 13, 14, 17, 19]]
[[5, 7, 14, 27, 35, 88], [0, 4, 6, 8, 9, 10, 11, 13, 17, 19]]
[[5, 7, 14, 27, 35, 88], [0, 2, 4, 5, 6, 7, 8, 10, 11, 12, 13, 14, 16, 17, 18, 19]]
[[5, 7, 14, 27, 35, 88], [0, 1, 2, 3, 6, 10, 11, 13, 16, 17, 18, 19]]
[[5, 7, 14, 27, 25, 76], [0, 1, 3, 4, 5, 6, 7, 8, 9, 10, 12, 14, 16, 17]]
[[5, 7, 14, 27, 25, 76], [0, 1, 2, 3, 4, 5, 6, 10, 12, 14, 16, 17, 18, 19]]
[[5, 7, 14, 27, 25, 76], [0, 1, 3, 4, 5, 6, 7, 8, 9, 10, 13, 14, 18, 19]]
[[5, 7, 14, 27, 25, 76], [0, 4, 5, 6, 10, 13, 18, 19]]
[[5, 7, 14, 27, 25, 76], [0, 2, 4, 5, 6, 8, 9, 10, 16, 17, 18, 19]]
[[5, 7, 14, 27, 25, 76], [0, 1, 2, 3, 4, 5, 6, 10, 13, 14, 18, 19]]
[[5, 7, 14, 27, 25, 76], [0, 2, 4, 6, 7, 9, 10, 14, 16, 17]]
[[5, 7, 14, 27, 25, 76], [0, 4, 6, 7, 8, 9, 10, 13, 18, 19]]
[[5, 7, 14, 39, 25, 76], [0, 1, 2, 5, 8, 10, 11, 14, 16, 19]]
[[5, 7, 14, 39, 25, 76], [0, 1, 5, 8, 9, 10, 11, 12, 13, 14, 16, 19]]
[[5, 7, 14, 39, 25, 76], [0, 1, 2, 4, 7, 8, 10, 11, 16, 19]]
[[5, 7, 14, 39, 25, 76], [0, 1, 4, 5, 7, 8, 10, 11, 12, 13, 16, 19]]
[[5, 7, 14, 39, 25, 76], [0, 1, 5, 8, 9, 10, 11, 14, 17, 19]]
[[5, 7, 14, 39, 25, 76], [0, 1, 4, 7, 10, 11, 13, 14, 17, 18]]
[[5, 7, 14, 39, 25, 76], [0, 1, 2, 4, 5, 7, 9, 10, 11, 12, 17, 19]]
[[5, 7, 14, 39, 25, 76], [0, 1, 2, 5, 8, 10, 11, 12, 13, 14, 17, 18]]
[[5, 7, 14, 11, 30, 82], [0, 3, 5, 6, 7, 8, 9, 11, 13, 14, 16, 17]]
[[5, 7, 14, 11, 30, 82], [0, 1, 2, 4, 6, 7, 9, 11, 13, 14, 16, 17]]
[[5, 7, 14, 11, 30, 82], [0, 3, 6, 11, 12, 14, 16, 17, 18, 19]]
[[5, 7, 14, 11, 30, 82], [0, 1, 4, 6, 7, 8, 9, 11, 16, 17, 18, 19]]
[[5, 7, 14, 11, 30, 82], [0, 1, 2, 4, 5, 6, 11, 12, 13, 14, 16, 17]]
[[5, 7, 14, 11, 30, 82], [0, 2, 3, 6, 7, 11, 16, 17, 18, 19]]
[[5, 7, 14, 11, 30, 82], [0, 1, 4, 5, 6, 8, 9, 11, 12, 14, 16, 17, 18, 19]]
[[5, 7, 14, 11, 30, 82], [0, 2, 3, 5, 6, 8, 11, 12, 13, 14, 16, 17]]
[[5, 7, 14, 35, 15, 64], [0, 1, 3, 6, 9, 10, 11, 12, 18, 19]]
[[5, 7, 14, 35, 15, 64], [0, 1, 2, 3, 5, 6, 7, 8, 10, 11, 13, 14, 18, 19]]
[[5, 7, 14, 35, 15, 64], [0, 4, 5, 6, 7, 8, 9, 10, 11, 12, 13, 14, 16, 18]]
[[5, 7, 14, 35, 15, 64], [0, 1, 3, 5, 6, 8, 9, 10, 11, 12, 13, 14, 16, 18]]
[[5, 7, 14, 35, 15, 64], [0, 2, 4, 5, 6, 7, 10, 11, 12, 14, 18, 19]]
[[5, 7, 14, 35, 15, 64], [0, 4, 6, 10, 11, 14, 16, 18]]
[[5, 7, 14, 35, 15, 64], [0, 2, 4, 6, 8, 10, 11, 13, 18, 19]]
[[5, 7, 14, 35, 15, 64], [0, 1, 2, 3, 6, 7, 9, 10, 11, 14, 16, 18]]
[[5, 7, 23, 7, 35, 79], [0, 1, 3, 4, 5, 7, 9, 14, 16, 18]]
[[5, 7, 23, 7, 35, 79], [0, 1, 3, 4, 5, 8, 9, 12, 13, 14, 16, 18]]
[[5, 7, 23, 7, 35, 79], [0, 1, 2, 3, 4, 5, 8, 12, 13, 14, 16, 18]]
[[5, 7, 23, 7, 35, 79], [0, 1, 2, 3, 4, 5, 7, 14, 16, 18]]
[[5, 7, 23, 15, 35, 67], [0, 4, 5, 6, 8, 9, 10, 11, 12, 14, 17, 18]]
[[5, 7, 23, 15, 35, 67], [0, 1, 5, 6, 9, 14, 16, 19]]
[[5, 7, 23, 15, 35, 67], [0, 2, 3, 6, 7, 8, 16, 19]]
[[5, 7, 23, 15, 35, 67], [0, 1, 5, 6, 7, 8, 9, 14, 16, 17, 18, 19]]
[[5, 7, 23, 15, 35, 67], [0, 1, 2, 3, 5, 6, 8, 10, 11, 12, 13, 14, 17, 19]]
[[5, 7, 23, 15, 35, 67], [0, 1, 2, 5, 6, 14, 16, 17]]
[[5, 7, 23, 15, 35, 67], [0, 1, 3, 6, 7, 10, 11, 14, 17, 18]]
[[5, 7, 23, 15, 35, 67], [0, 4, 6, 7, 9, 10, 11, 13, 17, 19]]
[[5, 7, 23, 15, 35, 67], [0, 1, 3, 5, 6, 7, 8, 9, 10, 11, 13, 14, 16, 17]]
[[5, 7, 23, 15, 35, 67], [0, 2, 4, 5, 6, 10, 11, 12, 13, 14, 16, 17]]
[[5, 7, 23, 15, 35, 67], [0, 2, 4, 6, 7, 8, 9, 10, 11, 14, 16, 17, 18, 19]]
[[5, 7, 23, 15, 35, 67], [0, 3, 5, 6, 7, 12, 16, 17, 18, 19]]
[[5, 7, 23, 15, 35, 67], [0, 1, 2, 3, 6, 10, 11, 12, 16, 17, 18, 19]]
[[5, 7, 23, 15, 35, 67], [0, 2, 3, 5, 6, 9, 16, 19]]
[[5, 7, 23, 15, 35, 67], [0, 3, 6, 8, 12, 14, 16, 17]]
[[5, 7, 23, 15, 35, 67], [0, 1, 2, 5, 6, 7, 8, 14, 16, 19]]
[[5, 7, 23, 15, 45, 67], [0, 2, 4, 8, 9, 11, 13, 14, 16, 18]]
[[5, 7, 23, 15, 45, 67], [0, 2, 12, 13, 16, 19]]
[[5, 7, 23, 15, 45, 67], [0, 12, 13, 14, 16, 18]]
[[5, 7, 23, 15, 45, 67], [0, 4, 5, 9, 11, 12, 13, 14, 16, 17]]
[[5, 7, 23, 15, 45, 67], [0, 4, 9, 11, 16, 17, 18, 19]]
[[5, 7, 23, 15, 45, 67], [0, 5, 7, 8, 9, 11, 13, 14, 16, 18]]
[[5, 7, 23, 15, 45, 67], [0, 2, 5, 7, 8, 11, 13, 14, 16, 17]]
[[5, 7, 23, 15, 45, 67], [0, 2, 4, 5, 8, 11, 12, 14, 16, 18]]
[[5, 7, 23, 15, 45, 67], [0, 2, 5, 7, 8, 11, 12, 14, 16, 17, 18, 19]]
[[5, 7, 23, 15, 45, 67], [0, 5, 9, 12, 13, 14, 16, 19]]
[[5, 7, 23, 15, 45, 67], [0, 5, 7, 8, 9, 11, 12, 14, 16, 18]]
[[5, 7, 23, 15, 45, 67], [0, 2, 5, 12, 13, 14, 16, 18]]
[[5, 7, 23, 19, 45, 55], [0, 3, 4, 5, 6, 7, 8, 9, 13, 14, 16, 17]]
[[5, 7, 23, 19, 45, 55], [0, 2, 3, 4, 5, 6, 7, 8, 9, 12, 16, 19]]
[[5, 7, 23, 19, 45, 55], [0, 1, 2, 4, 6, 12, 16, 19]]
[[5, 7, 23, 19, 45, 55], [0, 2, 3, 4, 5, 6, 12, 14, 16, 19]]
[[5, 7, 23, 19, 45, 55], [0, 3, 4, 5, 6, 13, 16, 17, 18, 19]]
[[5, 7, 23, 19, 45, 55], [0, 1, 4, 6, 8, 12, 13, 14, 16, 17, 18, 19]]
[[5, 7, 23, 19, 45, 55], [0, 1, 4, 5, 6, 7, 8, 9, 12, 14, 16, 19]]
[[5, 7, 23, 19, 45, 55], [0, 1, 2, 4, 5, 6, 7, 12, 13, 14, 16, 17]]
[[5, 7, 23, 11, 45, 79], [0, 3, 4, 5, 6, 8, 9, 12, 13, 14, 16, 18]]
[[5, 7, 23, 11, 45, 79], [0, 3, 4, 5, 6, 7, 9, 12, 13, 14, 16, 18]]
[[5, 7, 23, 11, 45, 79], [0, 1, 2, 4, 5, 6, 12, 14, 16, 17]]
[[5, 7, 23, 11, 45, 79], [0, 1, 4, 6, 7, 8, 9, 12, 16, 17, 18, 19]]
[[5, 7, 23, 11, 45, 79], [0, 1, 4, 5, 6, 8, 9, 12, 13, 14, 16, 18]]
[[5, 7, 23, 11, 45, 79], [0, 2, 3, 4, 5, 6, 7, 14, 16, 17, 18, 19]]
[[5, 7, 23, 11, 45, 79], [0, 1, 2, 4, 6, 7, 9, 12, 13, 14, 16, 18]]
[[5, 7, 23, 11, 45, 79], [0, 2, 3, 4, 5, 6, 8, 14, 16, 17]]
[[5, 7, 11, 27, 15, 67], [0, 1, 2, 4, 5, 7, 8, 10, 13, 14, 17, 18]]
[[5, 7, 11, 27, 15, 67], [0, 1, 2, 4, 5, 7, 10, 12, 13, 14, 17, 18]]
[[5, 7, 11, 27, 15, 67], [0, 1, 4, 5, 7, 9, 10, 14, 16, 17]]
[[5, 7, 11, 27, 15, 67], [0, 1, 2, 4, 7, 10, 16, 17, 18, 19]]
[[5, 7, 11, 27, 15, 67], [0, 1, 4, 7, 8, 10, 13, 14, 17, 19]]
[[5, 7, 11, 27, 15, 67], [0, 1, 2, 4, 7, 8, 9, 10, 12, 14, 16, 17]]
[[5, 7, 11, 27, 15, 67], [0, 1, 4, 7, 9, 10, 12, 13, 17, 19]]
[[5, 7, 11, 27, 15, 67], [0, 1, 4, 5, 7, 8, 9, 10, 12, 14, 16, 17, 18, 19]]
[[5, 7, 11, 27, 35, 67], [0, 4, 5, 6, 9, 10, 11, 12, 13, 14, 16, 17]]
[[5, 7, 11, 27, 35, 67], [0, 2, 4, 6, 7, 10, 11, 13, 17, 19]]
[[5, 7, 11, 27, 35, 67], [0, 2, 4, 5, 6, 8, 10, 11, 12, 14, 17, 18]]
[[5, 7, 11, 27, 35, 67], [0, 1, 2, 3, 5, 6, 7, 8, 10, 11, 13, 14, 16, 17]]
[[5, 7, 11, 27, 35, 67], [0, 4, 6, 7, 8, 10, 11, 14, 16, 17, 18, 19]]
[[5, 7, 11, 27, 35, 67], [0, 1, 3, 5, 6, 8, 9, 10, 11, 12, 13, 14, 17, 19]]
[[5, 7, 11, 27, 35, 67], [0, 1, 3, 6, 9, 10, 11, 12, 16, 17, 18, 19]]
[[5, 7, 11, 27, 35, 67], [0, 1, 2, 3, 6, 7, 9, 10, 11, 14, 17, 18]]
[[5, 7, 11, 11, 25, 79], [0, 1, 5, 7, 9, 10, 13, 14, 16, 19]]
[[5, 7, 11, 11, 25, 79], [0, 1, 2, 5, 7, 10, 13, 14, 18, 19]]
[[5, 7, 11, 11, 25, 79], [0, 1, 5, 7, 10, 13, 18, 19]]
[[5, 7, 11, 11, 25, 79], [0, 1, 5, 7, 9, 10, 13, 14, 18, 19]]
[[5, 7, 11, 11, 25, 79], [0, 1, 2, 5, 7, 10, 13, 14, 16, 19]]
[[5, 7, 11, 11, 25, 79], [0, 1, 5, 7, 10, 13, 16, 19]]
[[5, 7, 11, 11, 25, 79], [0, 1, 2, 5, 7, 9, 10, 13, 16, 19]]
[[5, 7, 11, 11, 25, 79], [0, 1, 2, 5, 7, 9, 10, 13, 18, 19]]
[[5, 7, 11, 11, 15, 91], [0, 4, 5, 8, 9, 12, 13, 14, 16, 18]]
[[5, 7, 11, 11, 15, 91], [0, 2, 4, 12, 16, 19]]
[[5, 7, 11, 11, 15, 91], [0, 2, 4, 5, 12, 14, 16, 19]]
[[5, 7, 11, 11, 15, 91], [0, 4, 8, 12, 13, 14, 16, 18]]
[[5, 7, 11, 11, 45, 79], [0, 4, 5, 6, 7, 10, 12, 13, 17, 19]]
[[5, 7, 11, 11, 45, 79], [0, 2, 4, 5, 6, 7, 8, 9, 10, 12, 16, 19]]
[[5, 7, 11, 11, 45, 79], [0, 1, 3, 4, 5, 6, 7, 8, 9, 10, 13, 14, 17, 19]]
[[5, 7, 11, 11, 45, 79], [0, 1, 3, 4, 5, 6, 7, 8, 9, 10, 12, 14, 16, 19]]
[[5, 7, 11, 11, 45, 79], [0, 1, 2, 3, 4, 5, 6, 10, 12, 14, 16, 19]]
[[5, 7, 11, 11, 45, 79], [0, 2, 4, 6, 10, 12, 16, 19]]
[[5, 7, 11, 11, 45, 79], [0, 1, 2, 3, 4, 5, 6, 10, 13, 14, 17, 18]]
[[5, 7, 11, 11, 45, 79], [0, 4, 6, 8, 10, 12, 13, 14, 17, 18]]
[[5, 7, 11, 11, 25, 91], [0, 1, 2, 3, 4, 5, 6, 8, 9, 10, 12, 13, 18, 19]]
[[5, 7, 11, 11, 25, 91], [0, 4, 6, 7, 9, 10, 12, 13, 18, 19]]
[[5, 7, 11, 11, 25, 91], [0, 1, 3, 4, 5, 6, 7, 10, 16, 17, 18, 19]]
[[5, 7, 11, 11, 25, 91], [0, 2, 4, 6, 7, 8, 9, 10, 12, 14, 16, 17, 18, 19]]
[[5, 7, 11, 11, 25, 91], [0, 1, 3, 4, 5, 6, 7, 9, 10, 12, 13, 14, 18, 19]]
[[5, 7, 11, 11, 25, 91], [0, 1, 2, 3, 4, 5, 6, 8, 10, 14, 16, 17]]
[[5, 7, 11, 11, 25, 91], [0, 2, 4, 5, 6, 10, 12, 14, 16, 17]]
[[5, 7, 11, 11, 25, 91], [0, 4, 5, 6, 8, 9, 10, 12, 13, 14, 18, 19]]
[[5, 7, 11, 11, 20, 73], [0, 2, 3, 4, 5, 8, 9, 10, 11, 12, 18, 19]]
[[5, 7, 11, 11, 20, 73], [0, 3, 5, 8, 9, 10, 11, 14, 16, 17]]
[[5, 7, 11, 11, 20, 73], [0, 3, 8, 10, 11, 12, 13, 14, 16, 17, 18, 19]]
[[5, 7, 11, 11, 20, 73], [0, 3, 4, 5, 7, 10, 11, 13, 16, 17, 18, 19]]
[[5, 7, 11, 11, 20, 73], [0, 2, 3, 7, 8, 10, 11, 13, 18, 19]]
[[5, 7, 11, 11, 20, 73], [0, 2, 3, 5, 7, 8, 10, 11, 12, 14, 18, 19]]
[[5, 7, 11, 11, 20, 73], [0, 3, 4, 5, 7, 9, 10, 11, 12, 14, 16, 17]]
[[5, 7, 11, 11, 20, 73], [0, 2, 3, 4, 5, 8, 10, 11, 13, 14, 18, 19]]
[[5, 7, 11, 7, 25, 103], [0, 5, 9, 14, 16, 17]]
[[5, 7, 11, 7, 25, 103], [0, 2, 5, 14, 16, 17, 18, 19]]
[[5, 7, 11, 7, 25, 103], [0, 2, 8, 12, 16, 17, 18, 19]]
[[5, 7, 11, 7, 25, 103], [0, 5, 9, 14, 16, 17, 18, 19]]
[[5, 7, 11, 7, 25, 103], [0, 8, 12, 14, 16, 17]]
[[5, 7, 11, 7, 25, 103], [0, 8, 9, 12, 16, 17, 18, 19]]
[[5, 7, 11, 7, 25, 103], [0, 2, 8, 9, 12, 14, 16, 17]]
[[5, 7, 11, 7, 25, 103], [0, 2, 5, 14, 16, 17]]
[[5, 7, 11, 7, 15, 79], [0, 2, 3, 5, 10, 12, 13, 14, 18, 19]]
[[5, 7, 11, 7, 15, 79], [0, 3, 7, 10, 13, 14, 16, 18]]
[[5, 7, 11, 7, 15, 79], [0, 2, 3, 10, 12, 13, 18, 19]]
[[5, 7, 11, 7, 15, 79], [0, 3, 5, 7, 9, 10, 13, 14, 16, 18]]
[[5, 7, 11, 31, 15, 79], [0, 6, 7, 8, 10, 11, 12, 14, 17, 18]]
[[5, 7, 11, 31, 15, 79], [0, 6, 9, 10, 11, 13, 17, 19]]
[[5, 7, 11, 31, 15, 79], [0, 1, 2, 3, 4, 5, 6, 7, 8, 10, 11, 12, 13, 14, 17, 19]]
[[5, 7, 11, 31, 15, 79], [0, 1, 3, 4, 5, 6, 9, 10, 11, 14, 17, 18]]
[[5, 7, 11, 31, 15, 79], [0, 2, 6, 7, 8, 10, 11, 12, 16, 17, 18, 19]]
[[5, 7, 11, 31, 15, 79], [0, 2, 6, 9, 10, 11, 13, 14, 16, 17]]
[[5, 7, 11, 31, 15, 79], [0, 1, 3, 4, 5, 6, 9, 10, 11, 14, 16, 17, 18, 19]]
[[5, 7, 11, 31, 15, 79], [0, 1, 2, 3, 4, 5, 6, 7, 8, 10, 11, 12, 13, 14, 16, 17]]
[[5, 7, 11, 23, 35, 103], [0, 2, 5, 7, 8, 14, 16, 19]]
[[5, 7, 11, 23, 35, 103], [0, 5, 7, 8, 9, 14, 16, 18]]
[[5, 7, 11, 23, 35, 103], [0, 7, 8, 14, 16, 18]]
[[5, 7, 11, 23, 35, 103], [0, 2, 7, 8, 16, 19]]
[[5, 7, 11, 23, 35, 55], [0, 1, 7, 8, 10, 14, 18, 19]]
[[5, 7, 11, 23, 35, 55], [0, 1, 2, 5, 7, 8, 9, 10, 18, 19]]
[[5, 7, 11, 23, 35, 55], [0, 1, 2, 5, 7, 8, 10, 14, 16, 19]]
[[5, 7, 11, 23, 35, 55], [0, 2, 4, 6, 9, 10, 11, 14, 16, 18]]
[[5, 7, 11, 23, 35, 55], [0, 1, 5, 7, 8, 10, 16, 19]]
[[5, 7, 11, 23, 35, 55], [0, 4, 5, 6, 7, 9, 10, 11, 12, 14, 18, 19]]
[[5, 7, 11, 23, 35, 55], [0, 1, 7, 8, 10, 14, 16, 19]]
[[5, 7, 11, 23, 35, 55], [0, 1, 2, 3, 6, 10, 11, 12, 18, 19]]
[[5, 7, 11, 23, 35, 55], [0, 1, 5, 7, 8, 9, 10, 14, 18, 19]]
[[5, 7, 11, 23, 35, 55], [0, 1, 3, 6, 7, 10, 11, 14, 16, 18]]
[[5, 7, 11, 23, 35, 55], [0, 1, 3, 5, 6, 7, 8, 9, 10, 11, 13, 14, 18, 19]]
[[5, 7, 11, 23, 35, 55], [0, 2, 4, 5, 6, 7, 8, 10, 11, 12, 13, 14, 16, 18]]
[[5, 7, 11, 23, 35, 55], [0, 1, 2, 3, 5, 6, 8, 10, 11, 12, 13, 14, 16, 18]]
[[5, 7, 11, 23, 35, 55], [0, 1, 2, 7, 8, 10, 16, 19]]
[[5, 7, 11, 23, 35, 55], [0, 1, 2, 7, 8, 10, 18, 19]]
[[5, 7, 11, 23, 35, 55], [0, 4, 6, 8, 9, 10, 11, 13, 18, 19]]
[[5, 7, 11, 23, 20, 61], [0, 5, 7, 8, 9, 11, 13, 14, 16, 19]]
[[5, 7, 11, 23, 20, 61], [0, 2, 4, 8, 11, 13, 16, 19]]
[[5, 7, 11, 23, 20, 61], [0, 4, 11, 14, 16, 17]]
[[5, 7, 11, 23, 20, 61], [0, 2, 5, 7, 8, 11, 12, 14, 16, 17]]
[[5, 7, 11, 23, 20, 61], [0, 5, 7, 8, 9, 11, 12, 14, 16, 19]]
[[5, 7, 11, 23, 20, 61], [0, 2, 4, 5, 8, 9, 11, 12, 16, 19]]
[[5, 7, 11, 23, 20, 61], [0, 4, 5, 11, 12, 13, 16, 17, 18, 19]]
[[5, 7, 11, 23, 20, 61], [0, 2, 5, 7, 8, 11, 13, 14, 16, 17, 18, 19]]
[[5, 7, 11, 23, 15, 79], [0, 5, 6, 7, 9, 10, 12, 14, 17, 19]]
[[5, 7, 11, 23, 15, 79], [0, 1, 2, 3, 6, 7, 10, 12, 16, 19]]
[[5, 7, 11, 23, 15, 79], [0, 1, 2, 3, 5, 6, 7, 8, 9, 10, 17, 19]]
[[5, 7, 11, 23, 15, 79], [0, 1, 3, 6, 10, 14, 17, 18]]
[[5, 7, 11, 23, 15, 79], [0, 5, 6, 8, 9, 10, 12, 14, 17, 18]]
[[5, 7, 11, 23, 15, 79], [0, 2, 5, 6, 8, 10, 12, 14, 16, 19]]
[[5, 7, 11, 23, 15, 79], [0, 2, 5, 6, 7, 10, 12, 14, 16, 19]]
[[5, 7, 11, 23, 15, 79], [0, 1, 3, 5, 6, 8, 10, 12, 16, 19]]
[[5, 7, 11, 23, 10, 85], [0, 1, 3, 4, 13, 14, 16, 17]]
[[5, 7, 11, 23, 10, 85], [0, 1, 3, 4, 7, 8, 12, 14, 16, 17]]
[[5, 7, 11, 23, 10, 85], [0, 1, 2, 3, 4, 5, 7, 14, 16, 17]]
[[5, 7, 11, 23, 10, 85], [0, 1, 3, 4, 5, 8, 9, 12, 13, 14, 16, 17]]
[[5, 7, 11, 23, 10, 85], [0, 1, 2, 3, 4, 13, 16, 17, 18, 19]]
[[5, 7, 11, 23, 10, 85], [0, 1, 3, 4, 5, 7, 9, 14, 16, 17, 18, 19]]
[[5, 7, 11, 23, 10, 85], [0, 1, 2, 3, 4, 5, 8, 12, 13, 14, 16, 17, 18, 19]]
[[5, 7, 11, 23, 10, 85], [0, 1, 2, 3, 4, 7, 8, 12, 16, 17, 18, 19]]
[[5, 7, 11, 23, 45, 79], [0, 1, 3, 6, 7, 8, 9, 10, 16, 17, 18, 19]]
[[5, 7, 11, 23, 45, 79], [0, 1, 2, 3, 5, 6, 10, 14, 16, 17]]
[[5, 7, 11, 23, 45, 79], [0, 6, 8, 10, 12, 14, 16, 17]]
[[5, 7, 11, 23, 45, 79], [0, 1, 2, 3, 6, 8, 9, 10, 12, 14, 18, 19]]
[[5, 7, 11, 23, 45, 79], [0, 2, 6, 8, 10, 12, 18, 19]]
[[5, 7, 11, 23, 45, 79], [0, 1, 3, 5, 6, 7, 9, 10, 12, 14, 18, 19]]
[[5, 7, 11, 23, 45, 79], [0, 6, 7, 10, 12, 14, 16, 17, 18, 19]]
[[5, 7, 11, 23, 45, 79], [0, 2, 6, 7, 10, 12, 18, 19]]
[[5, 7, 11, 23, 45, 43], [0, 1, 3, 5, 6, 8, 9, 10, 13, 14, 16, 17]]
[[5, 7, 11, 23, 45, 43], [0, 2, 5, 6, 10, 12, 13, 14, 16, 17]]
[[5, 7, 11, 23, 45, 43], [0, 1, 2, 3, 5, 6, 7, 8, 10, 12, 13, 14, 18, 19]]
[[5, 7, 11, 23, 45, 43], [0, 5, 6, 9, 10, 12, 13, 14, 18, 19]]
[[5, 7, 11, 23, 45, 43], [0, 1, 2, 3, 6, 7, 9, 10, 13, 14, 16, 17, 18, 19]]
[[5, 7, 11, 23, 45, 43], [0, 5, 6, 7, 8, 10, 12, 13, 18, 19]]
[[5, 7, 11, 23, 45, 43], [0, 2, 5, 6, 7, 8, 9, 10, 12, 13, 16, 17, 18, 19]]
[[5, 7, 11, 23, 45, 43], [0, 1, 3, 6, 9, 10, 12, 13, 18, 19]]
[[5, 7, 11, 23, 20, 73], [0, 2, 4, 6, 7, 8, 9, 10, 13, 14, 16, 17]]
[[5, 7, 11, 23, 20, 73], [0, 1, 2, 3, 4, 6, 8, 10, 12, 13, 16, 17, 18, 19]]
[[5, 7, 11, 23, 20, 73], [0, 4, 5, 6, 8, 9, 10, 14, 18, 19]]
[[5, 7, 11, 23, 20, 73], [0, 4, 6, 7, 9, 10, 18, 19]]
[[5, 7, 11, 23, 20, 73], [0, 1, 3, 4, 6, 7, 10, 14, 18, 19]]
[[5, 7, 11, 23, 20, 73], [0, 1, 2, 3, 4, 6, 8, 10, 18, 19]]
[[5, 7, 11, 23, 20, 73], [0, 1, 3, 4, 6, 7, 10, 12, 13, 14, 16, 17]]
[[5, 7, 11, 23, 20, 73], [0, 2, 4, 5, 6, 10, 13, 14, 16, 17, 18, 19]]
[[5, 7, 11, 23, 50, 97], [0, 1, 4, 10, 11, 14, 18, 19]]
[[5, 7, 11, 23, 50, 97], [0, 1, 2, 7, 9, 10, 11, 14, 16, 17]]
[[5, 7, 11, 23, 50, 97], [0, 1, 2, 7, 10, 11, 12, 13, 18, 19]]
[[5, 7, 11, 23, 50, 97], [0, 1, 2, 4, 8, 10, 11, 13, 16, 17, 18, 19]]
[[5, 7, 11, 23, 50, 97], [0, 1, 2, 4, 5, 10, 11, 12, 13, 14, 18, 19]]
[[5, 7, 11, 23, 50, 97], [0, 1, 7, 10, 11, 12, 13, 14, 16, 17, 18, 19]]
[[5, 7, 11, 23, 50, 97], [0, 1, 4, 5, 8, 9, 10, 11, 12, 14, 16, 17]]
[[5, 7, 11, 23, 50, 97], [0, 1, 7, 9, 10, 11, 18, 19]]
[[5, 7, 11, 15, 30, 61], [0, 1, 2, 3, 4, 5, 6, 7, 8, 9, 10, 11, 12, 13, 18, 19]]
[[5, 7, 11, 15, 30, 61], [0, 5, 6, 7, 9, 10, 11, 14, 18, 19]]
[[5, 7, 11, 15, 30, 61], [0, 2, 5, 6, 8, 10, 11, 12, 13, 14, 16, 19]]
[[5, 7, 11, 15, 30, 61], [0, 5, 6, 8, 9, 10, 11, 12, 13, 14, 18, 19]]
[[5, 7, 11, 15, 30, 61], [0, 1, 3, 4, 5, 6, 10, 11, 16, 19]]
[[5, 7, 11, 15, 30, 61], [0, 2, 5, 6, 7, 10, 11, 14, 16, 19]]
[[5, 7, 11, 15, 30, 61], [0, 1, 3, 4, 5, 6, 10, 11, 18, 19]]
[[5, 7, 11, 15, 30, 61], [0, 1, 2, 3, 4, 5, 6, 7, 8, 9, 10, 11, 12, 13, 16, 19]]
[[5, 7, 11, 15, 25, 43], [0, 2, 3, 5, 6, 7, 12, 14, 16, 19]]
[[5, 7, 11, 15, 25, 43], [0, 3, 5, 6, 9, 14, 16, 17, 18, 19]]
[[5, 7, 11, 15, 25, 43], [0, 1, 2, 6, 8, 12, 16, 17, 18, 19]]
[[5, 7, 11, 15, 25, 43], [0, 1, 6, 8, 12, 14, 16, 19]]
[[5, 7, 11, 15, 25, 43], [0, 1, 2, 6, 7, 12, 16, 19]]
[[5, 7, 11, 15, 25, 43], [0, 1, 6, 7, 12, 14, 16, 17]]
[[5, 7, 11, 15, 25, 43], [0, 2, 3, 6, 8, 12, 16, 19]]
[[5, 7, 11, 15, 25, 43], [0, 3, 6, 7, 8, 14, 16, 17]]
[[5, 7, 11, 15, 40, 97], [0, 2, 4, 6, 8, 10, 16, 17, 18, 19]]
[[5, 7, 11, 15, 40, 97], [0, 1, 2, 3, 4, 6, 9, 10, 12, 14, 16, 17, 18, 19]]
[[5, 7, 11, 15, 40, 97], [0, 1, 4, 10, 13, 14, 17, 18]]
[[5, 7, 11, 15, 40, 97], [0, 1, 3, 4, 6, 7, 8, 10, 12, 14, 16, 17]]
[[5, 7, 11, 15, 40, 97], [0, 1, 4, 5, 8, 9, 10, 14, 16, 17]]
[[5, 7, 11, 15, 40, 97], [0, 1, 2, 4, 5, 8, 10, 12, 13, 14, 17, 18]]
[[5, 7, 11, 15, 40, 97], [0, 1, 2, 3, 4, 6, 10, 13, 18, 19]]
[[5, 7, 11, 15, 40, 97], [0, 4, 5, 6, 7, 8, 9, 10, 13, 14, 18, 19]]
[[5, 7, 11, 15, 40, 97], [0, 1, 2, 4, 5, 10, 13, 14, 17, 19]]
[[5, 7, 11, 15, 40, 97], [0, 1, 4, 5, 9, 10, 12, 14, 16, 17]]
[[5, 7, 11, 15, 40, 97], [0, 1, 2, 4, 9, 10, 12, 14, 16, 17, 18, 19]]
[[5, 7, 11, 15, 40, 97], [0, 2, 4, 5, 6, 7, 10, 14, 16, 17]]
[[5, 7, 11, 15, 40, 97], [0, 1, 2, 4, 8, 10, 16, 17, 18, 19]]
[[5, 7, 11, 15, 40, 97], [0, 4, 6, 10, 13, 14, 18, 19]]
[[5, 7, 11, 15, 40, 97], [0, 1, 3, 4, 6, 7, 8, 9, 10, 13, 18, 19]]
[[5, 7, 11, 15, 40, 97], [0, 1, 4, 8, 9, 10, 12, 13, 17, 19]]
[[5, 7, 11, 15, 15, 91], [0, 3, 5, 8, 9, 10, 12, 14, 16, 17, 18, 19]]
[[5, 7, 11, 15, 15, 91], [0, 3, 7, 10, 12, 14, 17, 19]]
[[5, 7, 11, 15, 15, 91], [0, 3, 8, 10, 12, 14, 16, 17]]
[[5, 7, 11, 15, 15, 91], [0, 2, 3, 5, 10, 14, 16, 17]]
[[5, 7, 11, 15, 15, 91], [0, 3, 5, 7, 9, 10, 12, 14, 17, 18]]
[[5, 7, 11, 15, 15, 91], [0, 2, 3, 7, 8, 10, 17, 19]]
[[5, 7, 11, 15, 15, 91], [0, 2, 3, 10, 16, 17, 18, 19]]
[[5, 7, 11, 15, 15, 91], [0, 2, 3, 5, 7, 8, 10, 14, 17, 18]]
[[5, 7, 11, 15, 45, 67], [0, 1, 3, 5, 6, 7, 8, 9, 10, 14, 18, 19]]
[[5, 7, 11, 15, 45, 67], [0, 6, 7, 8, 10, 14, 16, 17]]
[[5, 7, 11, 15, 45, 67], [0, 2, 6, 7, 8, 10, 18, 19]]
[[5, 7, 11, 15, 45, 67], [0, 1, 2, 3, 6, 10, 18, 19]]
[[5, 7, 11, 15, 45, 67], [0, 1, 3, 6, 7, 10, 12, 14, 16, 17]]
[[5, 7, 11, 15, 45, 67], [0, 2, 6, 9, 10, 14, 18, 19]]
[[5, 7, 11, 15, 45, 67], [0, 6, 9, 10, 16, 17, 18, 19]]
[[5, 7, 11, 15, 45, 67], [0, 1, 2, 3, 5, 6, 8, 10, 12, 14, 16, 17, 18, 19]]
[[5, 7, 11, 15, 35, 67], [0, 3, 4, 5, 7, 8, 9, 10, 11, 14, 16, 17, 18, 19]]
[[5, 7, 11, 15, 35, 67], [0, 2, 3, 4, 5, 10, 11, 14, 18, 19]]
[[5, 7, 11, 15, 35, 67], [0, 2, 3, 5, 7, 9, 10, 11, 18, 19]]
[[5, 7, 11, 15, 35, 67], [0, 2, 3, 7, 10, 11, 12, 13, 18, 19]]
[[5, 7, 11, 15, 35, 67], [0, 2, 3, 4, 5, 10, 11, 12, 13, 14, 18, 19]]
[[5, 7, 11, 15, 35, 67], [0, 3, 10, 11, 13, 14, 16, 17]]
[[5, 7, 11, 15, 35, 67], [0, 3, 4, 5, 7, 8, 9, 10, 11, 12, 13, 14, 16, 17]]
[[5, 7, 11, 15, 35, 67], [0, 3, 5, 10, 11, 12, 16, 17, 18, 19]]
[[5, 7, 11, 15, 20, 85], [0, 2, 3, 4, 7, 8, 10, 11, 18, 19]]
[[5, 7, 11, 15, 20, 85], [0, 2, 3, 4, 7, 8, 10, 11, 12, 13, 18, 19]]
[[5, 7, 11, 15, 20, 85], [0, 3, 4, 10, 11, 12, 13, 14, 16, 17, 18, 19]]
[[5, 7, 11, 15, 20, 85], [0, 3, 5, 8, 9, 10, 11, 14, 18, 19]]
[[5, 7, 11, 15, 20, 85], [0, 2, 3, 5, 7, 8, 10, 11, 12, 14, 16, 17]]
[[5, 7, 11, 15, 20, 85], [0, 3, 8, 10, 11, 12, 13, 14, 18, 19]]
[[5, 7, 11, 15, 20, 85], [0, 2, 3, 7, 8, 10, 11, 13, 16, 17, 18, 19]]
[[5, 7, 11, 15, 20, 85], [0, 3, 4, 10, 11, 14, 16, 17]]
[[5, 7, 11, 15, 40, 61], [0, 2, 5, 6, 7, 10, 11, 12, 13, 14, 16, 18]]
[[5, 7, 11, 15, 40, 61], [0, 1, 3, 4, 6, 10, 11, 12, 13, 14, 16, 18]]
[[5, 7, 11, 15, 40, 61], [0, 2, 5, 6, 8, 10, 11, 14, 16, 18]]
[[5, 7, 11, 15, 40, 61], [0, 1, 2, 3, 4, 6, 7, 8, 9, 10, 11, 14, 16, 18]]
[[5, 7, 11, 15, 40, 61], [0, 1, 3, 4, 6, 9, 10, 11, 12, 13, 18, 19]]
[[5, 7, 11, 15, 40, 61], [0, 5, 6, 8, 9, 10, 11, 14, 18, 19]]
[[5, 7, 11, 15, 40, 61], [0, 5, 6, 7, 9, 10, 11, 12, 13, 14, 18, 19]]
[[5, 7, 11, 15, 40, 61], [0, 1, 2, 3, 4, 6, 7, 8, 10, 11, 18, 19]]
[[5, 7, 11, 15, 35, 55], [0, 1, 2, 4, 7, 10, 12, 13, 18, 19]]
[[5, 7, 11, 15, 35, 55], [0, 1, 4, 7, 9, 10, 12, 13, 18, 19]]
[[5, 7, 11, 15, 35, 55], [0, 1, 4, 5, 7, 8, 9, 10, 12, 14, 16, 18]]
[[5, 7, 11, 15, 35, 55], [0, 1, 2, 4, 5, 7, 8, 10, 12, 14, 16, 18]]
[[5, 7, 11, 15, 35, 55], [0, 1, 4, 7, 8, 10, 12, 14, 16, 18]]
[[5, 7, 11, 15, 35, 55], [0, 1, 2, 4, 7, 8, 9, 10, 12, 14, 16, 18]]
[[5, 7, 11, 15, 35, 55], [0, 1, 2, 4, 5, 7, 10, 12, 13, 14, 18, 19]]
[[5, 7, 11, 15, 35, 55], [0, 1, 4, 5, 7, 9, 10, 12, 13, 14, 18, 19]]
[[5, 7, 11, 19, 25, 79], [0, 1, 2, 3, 4, 6, 10, 12, 18, 19]]
[[5, 7, 11, 19, 25, 79], [0, 1, 2, 4, 7, 10, 11, 12, 16, 17, 18, 19]]
[[5, 7, 11, 19, 25, 79], [0, 1, 5, 10, 11, 13, 16, 19]]
[[5, 7, 11, 19, 25, 79], [0, 2, 4, 5, 6, 8, 10, 12, 13, 14, 16, 17]]
[[5, 7, 11, 19, 25, 79], [0, 2, 4, 6, 7, 10, 12, 13, 16, 17, 18, 19]]
[[5, 7, 11, 19, 25, 79], [0, 1, 4, 7, 8, 10, 11, 12, 13, 14, 17, 19]]
[[5, 7, 11, 19, 25, 79], [0, 1, 2, 5, 9, 10, 11, 13, 17, 19]]
[[5, 7, 11, 19, 25, 79], [0, 1, 4, 5, 7, 9, 10, 11, 13, 14, 16, 19]]
[[5, 7, 11, 19, 25, 79], [0, 4, 5, 6, 9, 10, 12, 14, 18, 19]]
[[5, 7, 11, 19, 25, 79], [0, 1, 5, 9, 10, 11, 12, 14, 17, 18]]
[[5, 7, 11, 19, 25, 79], [0, 1, 8, 10, 11, 12, 13, 14, 16, 17]]
[[5, 7, 11, 19, 25, 79], [0, 1, 2, 8, 10, 11, 12, 13, 18, 19]]
[[5, 7, 11, 19, 25, 79], [0, 1, 4, 7, 8, 10, 11, 12, 13, 14, 18, 19]]
[[5, 7, 11, 19, 25, 79], [0, 1, 3, 4, 6, 7, 8, 10, 13, 14, 16, 17, 18, 19]]
[[5, 7, 11, 19, 25, 79], [0, 1, 2, 4, 5, 7, 8, 10, 11, 14, 17, 18]]
[[5, 7, 11, 19, 25, 79], [0, 1, 2, 3, 4, 6, 9, 10, 13, 14, 16, 17]]
[[5, 7, 11, 19, 25, 79], [0, 4, 6, 7, 8, 10, 12, 14, 18, 19]]
[[5, 7, 11, 19, 25, 79], [0, 1, 8, 9, 10, 11, 18, 19]]
[[5, 7, 11, 19, 25, 79], [0, 1, 2, 4, 7, 10, 11, 12, 16, 19]]
[[5, 7, 11, 19, 25, 79], [0, 1, 3, 4, 6, 7, 8, 9, 10, 12, 18, 19]]
[[5, 7, 11, 19, 25, 79], [0, 1, 2, 4, 5, 7, 8, 10, 11, 14, 18, 19]]
[[5, 7, 11, 19, 25, 79], [0, 1, 4, 5, 7, 9, 10, 11, 13, 14, 16, 17]]
[[5, 7, 11, 19, 25, 79], [0, 1, 2, 8, 9, 10, 11, 14, 16, 17, 18, 19]]
[[5, 7, 11, 19, 25, 79], [0, 1, 2, 5, 10, 11, 12, 14, 16, 19]]
[[5, 7, 11, 19, 35, 43], [0, 2, 5, 6, 10, 11, 12, 14, 16, 19]]
[[5, 7, 11, 19, 35, 43], [0, 5, 6, 7, 8, 10, 11, 13, 18, 19]]
[[5, 7, 11, 19, 35, 43], [0, 5, 6, 9, 10, 11, 12, 14, 18, 19]]
[[5, 7, 11, 19, 35, 43], [0, 1, 2, 3, 4, 6, 7, 10, 11, 12, 16, 19]]
[[5, 7, 11, 19, 35, 43], [0, 2, 5, 6, 7, 8, 9, 10, 11, 13, 16, 19]]
[[5, 7, 11, 19, 35, 43], [0, 1, 3, 4, 6, 8, 10, 11, 13, 14, 16, 19]]
[[5, 7, 11, 19, 35, 43], [0, 1, 3, 4, 6, 8, 10, 11, 13, 14, 18, 19]]
[[5, 7, 11, 19, 35, 43], [0, 1, 2, 3, 4, 6, 7, 10, 11, 12, 18, 19]]
[[5, 7, 11, 19, 35, 79], [0, 1, 4, 10, 12, 14, 16, 17, 18, 19]]
[[5, 7, 11, 19, 35, 79], [0, 1, 4, 8, 9, 10, 16, 17, 18, 19]]
[[5, 7, 11, 19, 35, 79], [0, 1, 2, 4, 5, 10, 12, 14, 16, 17]]
[[5, 7, 11, 19, 35, 79], [0, 1, 2, 4, 5, 8, 10, 14, 16, 17]]
[[5, 7, 11, 19, 35, 79], [0, 1, 4, 5, 8, 9, 10, 12, 13, 14, 17, 18]]
[[5, 7, 11, 19, 35, 79], [0, 1, 2, 4, 9, 10, 13, 14, 17, 18]]
[[5, 7, 11, 19, 35, 79], [0, 1, 2, 4, 8, 10, 12, 13, 17, 19]]
[[5, 7, 11, 19, 35, 79], [0, 1, 4, 5, 9, 10, 13, 14, 17, 19]]
[[5, 7, 11, 19, 15, 67], [0, 1, 3, 6, 7, 8, 9, 10, 11, 12, 17, 19]]
[[5, 7, 11, 19, 15, 67], [0, 4, 5, 6, 9, 10, 11, 14, 17, 19]]
[[5, 7, 11, 19, 15, 67], [0, 1, 3, 5, 6, 7, 9, 10, 11, 12, 13, 14, 16, 17]]
[[5, 7, 11, 19, 15, 67], [0, 2, 4, 5, 6, 8, 10, 11, 13, 14, 16, 17]]
[[5, 7, 11, 19, 15, 67], [0, 1, 2, 3, 5, 6, 10, 11, 13, 14, 17, 18]]
[[5, 7, 11, 19, 15, 67], [0, 4, 6, 7, 8, 10, 11, 12, 13, 14, 17, 18]]
[[5, 7, 11, 19, 15, 67], [0, 1, 2, 3, 6, 8, 9, 10, 11, 14, 16, 17, 18, 19]]
[[5, 7, 11, 19, 15, 67], [0, 2, 4, 6, 7, 10, 11, 12, 16, 17, 18, 19]]
[[5, 7, 11, 19, 20, 61], [0, 1, 5, 8, 9, 10, 11, 14, 16, 17, 18, 19]]
[[5, 7, 11, 19, 20, 61], [0, 1, 2, 4, 5, 7, 8, 9, 10, 11, 12, 13, 18, 19]]
[[5, 7, 11, 19, 20, 61], [0, 1, 4, 7, 8, 9, 10, 11, 18, 19]]
[[5, 7, 11, 19, 20, 61], [0, 1, 2, 4, 7, 9, 10, 11, 13, 14, 16, 17]]
[[5, 7, 11, 19, 20, 61], [0, 1, 5, 8, 9, 10, 11, 12, 13, 14, 18, 19]]
[[5, 7, 11, 19, 20, 61], [0, 1, 4, 5, 7, 10, 11, 12, 16, 17, 18, 19]]
[[5, 7, 11, 19, 20, 61], [0, 1, 2, 5, 8, 10, 11, 12, 13, 14, 16, 17]]
[[5, 7, 11, 19, 20, 61], [0, 1, 2, 5, 8, 10, 11, 14, 18, 19]]
[[5, 7, 8, 19, 10, 58], [0, 6, 9, 10, 12, 13, 18, 19]]
[[5, 7, 8, 19, 10, 58], [0, 2, 6, 9, 10, 12, 13, 14, 16, 17]]
[[5, 7, 8, 19, 10, 58], [0, 1, 3, 6, 8, 10, 13, 14, 16, 17]]
[[5, 7, 8, 19, 10, 58], [0, 6, 7, 8, 10, 12, 13, 14, 18, 19]]
[[5, 7, 8, 19, 10, 58], [0, 2, 6, 7, 8, 10, 12, 13, 16, 17, 18, 19]]
[[5, 7, 8, 19, 10, 58], [0, 1, 2, 3, 5, 6, 7, 10, 13, 14, 16, 17, 18, 19]]
[[5, 7, 8, 19, 10, 58], [0, 1, 3, 5, 6, 9, 10, 12, 13, 14, 18, 19]]
[[5, 7, 8, 19, 10, 58], [0, 1, 2, 3, 6, 7, 8, 10, 12, 13, 18, 19]]
[[5, 7, 8, 23, 55, 52], [0, 4, 5, 6, 9, 10, 13, 14, 17, 19]]
[[5, 7, 8, 23, 55, 52], [0, 1, 3, 4, 6, 7, 10, 14, 16, 19]]
[[5, 7, 8, 23, 55, 52], [0, 1, 3, 4, 6, 7, 10, 12, 13, 14, 17, 18]]
[[5, 7, 8, 23, 55, 52], [0, 1, 2, 3, 4, 6, 8, 10, 12, 13, 17, 19]]
[[5, 7, 8, 23, 55, 52], [0, 2, 4, 6, 7, 10, 16, 19]]
[[5, 7, 8, 23, 55, 52], [0, 1, 2, 3, 4, 6, 8, 10, 16, 19]]
[[5, 7, 8, 23, 55, 52], [0, 4, 6, 7, 8, 10, 13, 14, 17, 18]]
[[5, 7, 8, 23, 55, 52], [0, 2, 4, 5, 6, 8, 10, 14, 16, 19]]
[[5, 7, 8, 23, 35, 52], [0, 1, 5, 9, 10, 12, 13, 14, 16, 19]]
[[5, 7, 8, 23, 35, 52], [0, 1, 10, 12, 13, 14, 18, 19]]
[[5, 7, 8, 23, 35, 52], [0, 1, 5, 10, 12, 13, 18, 19]]
[[5, 7, 8, 23, 35, 52], [0, 1, 10, 12, 13, 14, 16, 19]]
[[5, 7, 8, 23, 35, 52], [0, 1, 2, 5, 10, 12, 13, 14, 18, 19]]
[[5, 7, 8, 23, 35, 52], [0, 1, 2, 10, 12, 13, 16, 19]]
[[5, 7, 8, 23, 35, 52], [0, 1, 2, 10, 12, 13, 18, 19]]
[[5, 7, 8, 23, 35, 52], [0, 1, 2, 5, 9, 10, 12, 13, 16, 19]]
[[5, 7, 8, 15, 45, 76], [0, 4, 5, 6, 8, 10, 11, 12, 18, 19]]
[[5, 7, 8, 15, 45, 76], [0, 2, 4, 6, 7, 8, 10, 11, 16, 19]]
[[5, 7, 8, 15, 45, 76], [0, 1, 2, 3, 5, 6, 8, 10, 11, 14, 16, 19]]
[[5, 7, 8, 15, 45, 76], [0, 1, 3, 6, 7, 10, 11, 12, 13, 14, 16, 19]]
[[5, 7, 8, 15, 45, 76], [0, 1, 2, 3, 6, 10, 11, 13, 18, 19]]
[[5, 7, 8, 15, 45, 76], [0, 2, 4, 5, 6, 9, 10, 11, 12, 13, 16, 19]]
[[5, 7, 8, 15, 45, 76], [0, 1, 3, 5, 6, 7, 8, 9, 10, 11, 12, 14, 18, 19]]
[[5, 7, 8, 15, 45, 76], [0, 4, 6, 7, 10, 11, 13, 14, 18, 19]]
[[5, 7, 8, 15, 35, 76], [0, 1, 2, 4, 5, 10, 11, 14, 17, 19]]
[[5, 7, 8, 15, 35, 76], [0, 1, 2, 7, 8, 10, 11, 13, 16, 19]]
[[5, 7, 8, 15, 35, 76], [0, 1, 2, 4, 8, 10, 11, 12, 16, 19]]
[[5, 7, 8, 15, 35, 76], [0, 1, 7, 8, 10, 11, 12, 14, 16, 19]]
[[5, 7, 8, 15, 35, 76], [0, 1, 2, 7, 8, 10, 11, 12, 17, 19]]
[[5, 7, 8, 15, 35, 76], [0, 1, 7, 8, 10, 11, 13, 14, 17, 18]]
[[5, 7, 8, 15, 35, 76], [0, 1, 4, 10, 11, 12, 13, 14, 17, 18]]
[[5, 7, 8, 15, 35, 76], [0, 1, 4, 5, 8, 9, 10, 11, 13, 14, 16, 19]]
[[5, 7, 8, 11, 30, 70], [0, 2, 5, 6, 9, 10, 11, 12, 18, 19]]
[[5, 7, 8, 11, 30, 70], [0, 5, 6, 7, 8, 9, 10, 11, 13, 14, 16, 19]]
[[5, 7, 8, 11, 30, 70], [0, 1, 2, 3, 4, 6, 8, 10, 11, 13, 18, 19]]
[[5, 7, 8, 11, 30, 70], [0, 1, 2, 3, 4, 6, 8, 10, 11, 13, 16, 19]]
[[5, 7, 8, 11, 30, 70], [0, 5, 6, 10, 11, 12, 16, 19]]
[[5, 7, 8, 11, 30, 70], [0, 2, 5, 6, 7, 8, 10, 11, 13, 14, 18, 19]]
[[5, 7, 8, 11, 30, 70], [0, 1, 3, 4, 6, 7, 10, 11, 12, 14, 16, 19]]
[[5, 7, 8, 11, 30, 70], [0, 1, 3, 4, 6, 7, 10, 11, 12, 14, 18, 19]]
[[5, 7, 8, 7, 35, 76], [0, 4, 8, 11, 12, 14, 16, 19]]
[[5, 7, 8, 7, 35, 76], [0, 2, 4, 11, 12, 13, 16, 17, 18, 19]]
[[5, 7, 8, 7, 35, 76], [0, 2, 4, 5, 11, 14, 16, 17]]
[[5, 7, 8, 7, 35, 76], [0, 2, 7, 8, 11, 12, 16, 19]]
[[5, 7, 8, 7, 35, 76], [0, 4, 5, 8, 9, 11, 13, 14, 16, 19]]
[[5, 7, 8, 7, 35, 76], [0, 7, 8, 11, 12, 14, 16, 17]]
[[5, 7, 8, 7, 35, 76], [0, 7, 8, 11, 13, 14, 16, 17, 18, 19]]
[[5, 7, 8, 7, 35, 76], [0, 2, 7, 8, 11, 13, 16, 19]]
[[5, 15, 11, 19, 25, 75], [0, 1, 2, 3, 4, 9, 12, 14, 16, 19]]
[[5, 15, 11, 19, 25, 75], [0, 1, 3, 4, 9, 12, 16, 19]]
[[5, 15, 11, 19, 25, 75], [0, 1, 3, 4, 5, 9, 12, 14, 16, 19]]
[[5, 15, 11, 19, 25, 75], [0, 1, 2, 3, 4, 5, 9, 12, 16, 19]]
[[5, 15, 11, 19, 25, 75], [0, 1, 2, 3, 4, 5, 7, 8, 13, 14, 16, 19]]
[[5, 15, 11, 19, 25, 75], [0, 1, 2, 3, 4, 7, 8, 9, 13, 14, 16, 19]]
[[5, 15, 11, 19, 25, 75], [0, 1, 3, 4, 7, 8, 9, 13, 16, 19]]
[[5, 15, 11, 19, 25, 75], [0, 1, 3, 4, 5, 7, 8, 13, 16, 19]]
[[5, 15, 11, 23, 25, 63], [0, 1, 2, 3, 7, 8, 9, 14, 16, 19]]
[[5, 15, 11, 23, 25, 63], [0, 1, 2, 3, 8, 9, 12, 14, 16, 19]]
[[5, 15, 11, 23, 25, 63], [0, 1, 3, 5, 8, 12, 16, 19]]
[[5, 15, 11, 23, 25, 63], [0, 1, 2, 3, 5, 8, 12, 14, 16, 19]]
[[5, 15, 11, 23, 25, 63], [0, 1, 3, 7, 8, 9, 16, 19]]
[[5, 15, 11, 23, 25, 63], [0, 1, 2, 3, 5, 7, 8, 9, 16, 19]]
[[5, 15, 11, 23, 25, 63], [0, 1, 3, 5, 7, 8, 9, 14, 16, 19]]
[[5, 15, 11, 23, 25, 63], [0, 1, 3, 8, 9, 12, 16, 19]]
[[5, 15, 14, 19, 15, 72], [0, 3, 9, 10, 11, 12, 17, 19]]
[[5, 15, 14, 19, 15, 72], [0, 2, 3, 4, 7, 8, 9, 10, 11, 12, 13, 14, 17, 18]]
[[5, 15, 14, 19, 15, 72], [0, 3, 5, 9, 10, 11, 13, 14, 17, 18]]
[[5, 15, 14, 19, 15, 72], [0, 3, 4, 9, 10, 11, 16, 19]]
[[5, 15, 14, 19, 15, 72], [0, 2, 3, 7, 9, 10, 11, 14, 16, 19]]
[[5, 15, 14, 19, 15, 72], [0, 3, 4, 9, 10, 11, 12, 13, 16, 19]]
[[5, 15, 14, 19, 15, 72], [0, 2, 3, 5, 7, 10, 11, 12, 13, 14, 16, 19]]
[[5, 15, 14, 19, 15, 72], [0, 2, 3, 4, 7, 8, 9, 10, 11, 14, 17, 19]]
[[5, 15, 8, 23, 35, 60], [0, 1, 2, 3, 4, 8, 12, 13, 16, 19]]
[[5, 15, 8, 23, 35, 60], [0, 1, 3, 4, 7, 14, 16, 19]]
[[5, 15, 8, 23, 35, 60], [0, 1, 2, 3, 4, 7, 9, 14, 16, 19]]
[[5, 15, 8, 23, 35, 60], [0, 1, 3, 4, 8, 12, 13, 14, 16, 19]]
[[5, 15, 8, 23, 35, 60], [0, 1, 3, 4, 8, 9, 12, 13, 16, 19]]
[[5, 15, 8, 23, 35, 60], [0, 1, 3, 4, 7, 9, 16, 19]]
[[5, 15, 8, 23, 35, 60], [0, 1, 2, 3, 4, 8, 9, 12, 13, 14, 16, 19]]
[[5, 15, 8, 23, 35, 60], [0, 1, 2, 3, 4, 7, 16, 19]]
[[5, 15, 8, 23, 30, 78], [0, 3, 4, 6, 8, 9, 11, 12, 16, 19]]
[[5, 15, 8, 23, 30, 78], [0, 1, 2, 6, 11, 13, 16, 19]]
[[5, 15, 8, 23, 30, 78], [0, 2, 3, 4, 6, 8, 9, 11, 12, 14, 16, 19]]
[[5, 15, 8, 23, 30, 78], [0, 2, 3, 4, 6, 7, 9, 11, 13, 14, 16, 19]]
[[5, 15, 8, 23, 30, 78], [0, 3, 4, 6, 7, 9, 11, 13, 16, 19]]
[[5, 15, 8, 23, 30, 78], [0, 1, 6, 11, 13, 14, 16, 19]]
[[5, 15, 8, 23, 30, 78], [0, 1, 6, 7, 8, 9, 11, 12, 16, 19]]
[[5, 15, 8, 23, 30, 78], [0, 1, 2, 6, 7, 8, 9, 11, 12, 14, 16, 19]]
[[5, 15, 8, 23, 20, 90], [0, 1, 2, 3, 5, 7, 11, 12, 13, 14, 16, 19]]
[[5, 15, 8, 23, 20, 90], [0, 1, 2, 3, 4, 9, 11, 14, 16, 19]]
[[5, 15, 8, 23, 20, 90], [0, 1, 2, 3, 4, 7, 8, 9, 11, 14, 16, 17]]
[[5, 15, 8, 23, 20, 90], [0, 1, 3, 4, 9, 11, 12, 13, 16, 19]]
[[5, 15, 8, 23, 20, 90], [0, 1, 3, 4, 7, 8, 9, 11, 12, 13, 16, 17, 18, 19]]
[[5, 15, 8, 23, 20, 90], [0, 1, 2, 3, 9, 11, 12, 14, 16, 17]]
[[5, 15, 8, 23, 20, 90], [0, 1, 3, 5, 9, 11, 13, 14, 16, 17, 18, 19]]
[[5, 15, 8, 23, 20, 90], [0, 1, 3, 7, 9, 11, 16, 19]]
[[5, 17, 11, 17, 15, 71], [0, 2, 3, 4, 7, 8, 9, 10, 12, 14, 16, 19]]
[[5, 17, 11, 17, 15, 71], [0, 2, 3, 4, 9, 10, 13, 14, 18, 19]]
[[5, 17, 11, 17, 15, 71], [0, 3, 4, 7, 8, 9, 10, 12, 16, 19]]
[[5, 17, 11, 17, 15, 71], [0, 3, 4, 9, 10, 13, 18, 19]]
[[5, 17, 5, 17, 25, 113], [0, 9, 16, 19]]
[[5, 17, 5, 17, 25, 113], [0, 2, 9, 14, 16, 19]]
[[5, 5, 17, 29, 25, 53], [0, 5, 6, 9, 10, 11, 12, 14, 17, 18]]
[[5, 5, 17, 29, 25, 53], [0, 5, 6, 10, 11, 12, 16, 17, 18, 19]]
[[5, 5, 17, 29, 25, 53], [0, 5, 6, 7, 8, 9, 10, 11, 13, 14, 16, 17]]
[[5, 5, 17, 29, 25, 53], [0, 1, 3, 4, 5, 6, 7, 8, 9, 10, 11, 14, 16, 17, 18, 19]]
[[5, 5, 17, 29, 25, 53], [0, 1, 2, 3, 4, 5, 6, 10, 11, 12, 13, 14, 17, 18]]
[[5, 5, 17, 29, 25, 53], [0, 1, 3, 4, 5, 6, 9, 10, 11, 12, 13, 14, 16, 17, 18, 19]]
[[5, 5, 17, 29, 25, 53], [0, 5, 6, 7, 8, 10, 11, 13, 17, 19]]
[[5, 5, 17, 29, 25, 53], [0, 2, 5, 6, 10, 11, 12, 14, 16, 17]]
[[5, 5, 17, 29, 25, 53], [0, 1, 2, 3, 4, 5, 6, 7, 8, 10, 11, 14, 17, 18]]
[[5, 5, 17, 29, 25, 53], [0, 1, 3, 4, 5, 6, 7, 8, 9, 10, 11, 14, 17, 19]]
[[5, 5, 17, 29, 25, 53], [0, 2, 5, 6, 7, 8, 9, 10, 11, 13, 16, 17, 18, 19]]
[[5, 5, 17, 29, 25, 53], [0, 1, 2, 3, 4, 5, 6, 10, 11, 12, 13, 14, 16, 17]]
[[5, 5, 17, 29, 25, 53], [0, 1, 3, 4, 5, 6, 9, 10, 11, 12, 13, 14, 17, 19]]
[[5, 5, 17, 29, 25, 53], [0, 1, 2, 3, 4, 5, 6, 7, 8, 10, 11, 14, 16, 17]]
[[5, 5, 17, 29, 25, 53], [0, 2, 5, 6, 7, 8, 10, 11, 13, 14, 17, 18]]
[[5, 5, 17, 29, 25, 53], [0, 2, 5, 6, 9, 10, 11, 12, 17, 19]]
[[5, 5, 17, 29, 35, 65], [0, 1, 3, 5, 6, 9, 10, 11, 12, 14, 18, 19]]
[[5, 5, 17, 29, 35, 65], [0, 1, 2, 3, 5, 6, 7, 10, 11, 14, 16, 18]]
[[5, 5, 17, 29, 35, 65], [0, 1, 3, 6, 8, 10, 11, 12, 13, 14, 16, 18]]
[[5, 5, 17, 29, 35, 65], [0, 4, 6, 7, 8, 10, 11, 12, 13, 14, 16, 18]]
[[5, 5, 17, 29, 35, 65], [0, 2, 4, 5, 6, 8, 10, 11, 13, 14, 18, 19]]
[[5, 5, 17, 29, 35, 65], [0, 2, 4, 6, 7, 10, 11, 12, 18, 19]]
[[5, 5, 17, 29, 35, 65], [0, 4, 5, 6, 9, 10, 11, 14, 16, 18]]
[[5, 5, 17, 29, 35, 65], [0, 1, 2, 3, 6, 7, 8, 10, 11, 13, 18, 19]]
[[5, 5, 17, 25, 25, 65], [0, 1, 3, 6, 7, 10, 12, 14, 16, 18]]
[[5, 5, 17, 25, 25, 65], [0, 1, 2, 3, 5, 6, 7, 8, 9, 10, 16, 17, 18, 19]]
[[5, 5, 17, 25, 25, 65], [0, 5, 6, 7, 9, 10, 12, 14, 18, 19]]
[[5, 5, 17, 25, 25, 65], [0, 2, 5, 6, 7, 10, 12, 14, 17, 18]]
[[5, 5, 17, 25, 25, 65], [0, 1, 2, 3, 6, 10, 17, 19]]
[[5, 5, 17, 25, 25, 65], [0, 2, 5, 6, 8, 10, 12, 14, 16, 17]]
[[5, 5, 17, 25, 25, 65], [0, 5, 6, 8, 9, 10, 12, 14, 16, 18]]
[[5, 5, 17, 25, 25, 65], [0, 1, 2, 3, 5, 6, 8, 10, 12, 14, 16, 18]]
[[5, 5, 17, 25, 25, 65], [0, 1, 3, 6, 10, 14, 16, 17]]
[[5, 5, 17, 25, 25, 65], [0, 5, 6, 7, 9, 10, 12, 14, 16, 18]]
[[5, 5, 17, 25, 25, 65], [0, 2, 5, 6, 7, 10, 12, 14, 16, 17, 18, 19]]
[[5, 5, 17, 25, 25, 65], [0, 1, 2, 3, 6, 7, 10, 12, 18, 19]]
[[5, 5, 17, 25, 25, 65], [0, 2, 5, 6, 8, 10, 12, 14, 17, 19]]
[[5, 5, 17, 25, 25, 65], [0, 1, 3, 5, 6, 8, 10, 12, 18, 19]]
[[5, 5, 17, 25, 25, 65], [0, 5, 6, 8, 9, 10, 12, 14, 18, 19]]
[[5, 5, 17, 25, 25, 65], [0, 1, 3, 5, 6, 7, 8, 9, 10, 14, 17, 18]]
[[5, 5, 17, 25, 45, 71], [0, 2, 4, 7, 8, 12, 16, 17, 18, 19]]
[[5, 5, 17, 25, 45, 71], [0, 2, 4, 7, 8, 13, 16, 17, 18, 19]]
[[5, 5, 17, 25, 45, 71], [0, 2, 4, 5, 7, 8, 13, 14, 16, 17]]
[[5, 5, 17, 25, 45, 71], [0, 4, 5, 7, 9, 12, 13, 14, 16, 17]]
[[5, 5, 17, 25, 45, 71], [0, 2, 5, 6, 8, 10, 11, 12, 13, 14, 17, 18]]
[[5, 5, 17, 25, 45, 71], [0, 2, 4, 5, 7, 8, 12, 14, 16, 17]]
[[5, 5, 17, 25, 45, 71], [0, 1, 2, 3, 4, 6, 8, 10, 11, 12, 17, 19]]
[[5, 5, 17, 25, 45, 71], [0, 1, 3, 4, 6, 7, 10, 11, 13, 14, 17, 18]]
[[5, 5, 17, 25, 45, 71], [0, 4, 7, 14, 16, 17]]
[[5, 5, 17, 25, 45, 71], [0, 4, 5, 7, 9, 14, 16, 17, 18, 19]]
[[5, 5, 17, 25, 45, 71], [0, 5, 6, 7, 9, 10, 11, 14, 16, 17, 18, 19]]
[[5, 5, 17, 25, 45, 71], [0, 1, 3, 4, 6, 7, 10, 11, 13, 14, 16, 17]]
[[5, 5, 17, 25, 45, 71], [0, 5, 6, 8, 9, 10, 11, 12, 13, 14, 16, 17]]
[[5, 5, 17, 25, 45, 71], [0, 4, 7, 12, 13, 14, 16, 17, 18, 19]]
[[5, 5, 17, 25, 45, 71], [0, 1, 2, 3, 4, 6, 8, 10, 11, 12, 16, 17, 18, 19]]
[[5, 5, 17, 25, 45, 71], [0, 2, 5, 6, 7, 10, 11, 14, 17, 19]]
[[5, 5, 17, 25, 40, 65], [0, 1, 3, 4, 5, 6, 8, 9, 10, 11, 13, 14, 16, 17]]
[[5, 5, 17, 25, 40, 65], [0, 2, 5, 6, 7, 10, 11, 12, 13, 14, 16, 17]]
[[5, 5, 17, 25, 40, 65], [0, 1, 2, 3, 4, 5, 6, 7, 10, 11, 12, 14, 17, 18]]
[[5, 5, 17, 25, 40, 65], [0, 1, 2, 3, 4, 5, 6, 7, 9, 10, 11, 12, 16, 17, 18, 19]]
[[5, 5, 17, 25, 40, 65], [0, 2, 5, 6, 8, 10, 11, 14, 16, 17, 18, 19]]
[[5, 5, 17, 25, 40, 65], [0, 5, 6, 7, 9, 10, 11, 12, 13, 14, 17, 19]]
[[5, 5, 17, 25, 40, 65], [0, 1, 3, 4, 5, 6, 8, 10, 11, 13, 17, 19]]
[[5, 5, 17, 25, 40, 65], [0, 5, 6, 8, 9, 10, 11, 14, 17, 18]]
[[5, 5, 17, 25, 25, 59], [0, 1, 5, 6, 9, 12, 13, 14, 16, 17]]
[[5, 5, 17, 25, 25, 59], [0, 1, 2, 5, 6, 7, 8, 12, 13, 14, 16, 17, 18, 19]]
[[5, 5, 17, 25, 25, 59], [0, 3, 5, 6, 7, 8, 9, 12, 13, 14, 16, 18]]
[[5, 5, 17, 25, 25, 59], [0, 2, 3, 6, 7, 13, 16, 17, 18, 19]]
[[5, 5, 17, 25, 25, 59], [0, 1, 5, 6, 7, 8, 9, 12, 13, 14, 16, 18]]
[[5, 5, 17, 25, 25, 59], [0, 3, 6, 12, 13, 14, 16, 18]]
[[5, 5, 17, 25, 25, 59], [0, 2, 3, 5, 6, 8, 13, 14, 16, 17]]
[[5, 5, 17, 25, 25, 59], [0, 1, 2, 5, 6, 12, 13, 14, 16, 18]]
[[5, 5, 17, 25, 30, 65], [0, 1, 2, 4, 5, 6, 7, 14, 16, 18]]
[[5, 5, 17, 25, 30, 65], [0, 3, 4, 5, 6, 7, 9, 14, 16, 18]]
[[5, 5, 17, 25, 30, 65], [0, 1, 4, 5, 6, 7, 8, 9, 13, 14, 16, 17]]
[[5, 5, 17, 25, 30, 65], [0, 1, 4, 6, 8, 14, 16, 18]]
[[5, 5, 17, 25, 30, 65], [0, 1, 2, 4, 6, 13, 16, 17, 18, 19]]
[[5, 5, 17, 25, 30, 65], [0, 3, 4, 5, 6, 8, 9, 14, 16, 18]]
[[5, 5, 17, 25, 30, 65], [0, 2, 3, 4, 5, 6, 8, 12, 13, 14, 16, 17, 18, 19]]
[[5, 5, 17, 25, 30, 65], [0, 2, 3, 4, 5, 6, 7, 12, 13, 14, 16, 17]]
[[5, 5, 17, 21, 25, 65], [0, 1, 4, 5, 7, 9, 10, 11, 13, 14, 18, 19]]
[[5, 5, 17, 21, 25, 65], [0, 1, 4, 7, 8, 10, 11, 12, 13, 14, 16, 17, 18, 19]]
[[5, 5, 17, 21, 25, 65], [0, 1, 5, 10, 11, 13, 16, 17, 18, 19]]
[[5, 5, 17, 21, 25, 65], [0, 1, 2, 4, 7, 10, 11, 12, 18, 19]]
[[5, 5, 17, 21, 25, 65], [0, 1, 2, 5, 9, 10, 11, 13, 18, 19]]
[[5, 5, 17, 21, 25, 65], [0, 1, 5, 9, 10, 11, 12, 14, 18, 19]]
[[5, 5, 17, 21, 25, 65], [0, 1, 2, 5, 10, 11, 12, 14, 16, 17]]
[[5, 5, 17, 21, 25, 65], [0, 1, 2, 4, 5, 7, 8, 10, 11, 14, 16, 17]]
[[5, 5, 17, 13, 30, 59], [0, 1, 4, 7, 8, 10, 11, 14, 16, 18]]
[[5, 5, 17, 13, 30, 59], [0, 1, 5, 8, 9, 10, 11, 14, 16, 18]]
[[5, 5, 17, 13, 30, 59], [0, 1, 2, 4, 5, 7, 8, 10, 11, 12, 13, 14, 16, 18]]
[[5, 5, 17, 13, 30, 59], [0, 1, 5, 8, 9, 10, 11, 12, 13, 14, 17, 19]]
[[5, 5, 17, 13, 30, 59], [0, 1, 2, 5, 8, 10, 11, 12, 13, 14, 16, 18]]
[[5, 5, 17, 13, 30, 59], [0, 1, 4, 5, 7, 9, 10, 11, 12, 14, 17, 18]]
[[5, 5, 17, 13, 30, 59], [0, 1, 2, 5, 8, 10, 11, 14, 17, 18]]
[[5, 5, 17, 13, 30, 59], [0, 1, 2, 4, 7, 10, 11, 13, 17, 19]]
[[5, 5, 17, 13, 35, 65], [0, 1, 3, 4, 5, 6, 9, 10, 11, 12, 13, 14, 17, 18]]
[[5, 5, 17, 13, 35, 65], [0, 1, 2, 3, 4, 5, 6, 7, 8, 10, 11, 14, 17, 19]]
[[5, 5, 17, 13, 35, 65], [0, 5, 6, 10, 11, 12, 17, 19]]
[[5, 5, 17, 13, 35, 65], [0, 2, 5, 6, 9, 10, 11, 12, 16, 17, 18, 19]]
[[5, 5, 17, 13, 35, 65], [0, 2, 5, 6, 7, 8, 10, 11, 13, 14, 16, 17]]
[[5, 5, 17, 13, 35, 65], [0, 1, 2, 3, 4, 5, 6, 7, 8, 10, 11, 14, 16, 17, 18, 19]]
[[5, 5, 17, 13, 35, 65], [0, 1, 3, 4, 5, 6, 9, 10, 11, 12, 13, 14, 16, 17]]
[[5, 5, 17, 13, 35, 65], [0, 5, 6, 7, 8, 9, 10, 11, 13, 14, 17, 18]]
[[5, 5, 17, 13, 55, 77], [0, 1, 2, 3, 4, 5, 6, 10, 11, 12, 13, 14, 17, 19]]
[[5, 5, 17, 13, 55, 77], [0, 2, 5, 6, 7, 8, 9, 10, 11, 13, 17, 19]]
[[5, 5, 17, 13, 55, 77], [0, 5, 6, 9, 10, 11, 12, 14, 16, 17]]
[[5, 5, 17, 13, 55, 77], [0, 2, 5, 6, 10, 11, 12, 14, 17, 18]]
[[5, 5, 17, 13, 55, 77], [0, 1, 2, 3, 4, 5, 6, 10, 11, 12, 13, 14, 16, 17, 18, 19]]
[[5, 5, 17, 13, 55, 77], [0, 5, 6, 7, 8, 10, 11, 13, 16, 17, 18, 19]]
[[5, 5, 17, 13, 55, 77], [0, 1, 3, 4, 5, 6, 7, 8, 9, 10, 11, 14, 16, 17]]
[[5, 5, 17, 13, 55, 77], [0, 1, 3, 4, 5, 6, 7, 8, 9, 10, 11, 14, 17, 18]]
[[5, 5, 17, 13, 25, 65], [0, 5, 8, 13, 16, 17, 18, 19]]
[[5, 5, 17, 13, 25, 65], [0, 2, 5, 12, 13, 14, 16, 17, 18, 19]]
[[5, 5, 17, 13, 25, 65], [0, 2, 5, 12, 13, 14, 16, 17]]
[[5, 5, 17, 13, 25, 65], [0, 5, 9, 12, 13, 14, 16, 17]]
[[5, 5, 17, 13, 25, 65], [0, 2, 5, 8, 13, 14, 16, 17]]
[[5, 5, 17, 13, 25, 65], [0, 5, 9, 12, 13, 14, 16, 17, 18, 19]]
[[5, 5, 17, 13, 25, 65], [0, 2, 5, 8, 9, 13, 16, 17, 18, 19]]
[[5, 5, 17, 13, 25, 65], [0, 5, 8, 9, 13, 14, 16, 17]]
[[5, 5, 17, 33, 25, 59], [0, 1, 2, 5, 7, 10, 11, 12, 13, 14, 16, 18]]
[[5, 5, 17, 33, 25, 59], [0, 1, 5, 7, 9, 10, 11, 14, 16, 18]]
[[5, 5, 17, 33, 25, 59], [0, 1, 4, 10, 11, 12, 13, 14, 16, 18]]
[[5, 5, 17, 33, 25, 59], [0, 1, 2, 4, 5, 10, 11, 14, 16, 18]]
[[5, 5, 17, 33, 25, 59], [0, 1, 5, 7, 9, 10, 11, 12, 13, 14, 17, 18]]
[[5, 5, 17, 33, 25, 59], [0, 1, 2, 5, 7, 10, 11, 14, 17, 19]]
[[5, 5, 17, 33, 25, 59], [0, 1, 4, 5, 8, 9, 10, 11, 13, 14, 17, 18]]
[[5, 5, 17, 33, 25, 59], [0, 1, 2, 4, 8, 10, 11, 12, 17, 19]]
[[5, 5, 17, 33, 15, 59], [0, 1, 2, 4, 8, 10, 18, 19]]
[[5, 5, 17, 33, 15, 59], [0, 1, 2, 4, 5, 10, 13, 14, 16, 18]]
[[5, 5, 17, 33, 15, 59], [0, 1, 4, 10, 13, 14, 16, 18]]
[[5, 5, 17, 33, 15, 59], [0, 1, 4, 5, 8, 9, 10, 14, 18, 19]]
[[5, 5, 17, 37, 25, 65], [0, 1, 2, 3, 4, 5, 6, 8, 9, 10, 11, 13, 16, 17, 18, 19]]
[[5, 5, 17, 37, 25, 65], [0, 2, 5, 6, 7, 10, 11, 12, 13, 14, 17, 18]]
[[5, 5, 17, 37, 25, 65], [0, 5, 6, 8, 9, 10, 11, 14, 16, 17]]
[[5, 5, 17, 37, 25, 65], [0, 2, 5, 6, 8, 10, 11, 14, 17, 19]]
[[5, 5, 17, 37, 25, 65], [0, 1, 3, 4, 5, 6, 7, 9, 10, 11, 12, 14, 16, 17]]
[[5, 5, 17, 37, 25, 65], [0, 1, 2, 3, 4, 5, 6, 8, 10, 11, 13, 14, 17, 18]]
[[5, 5, 17, 37, 25, 65], [0, 5, 6, 7, 9, 10, 11, 12, 13, 14, 16, 17, 18, 19]]
[[5, 5, 17, 37, 25, 65], [0, 1, 3, 4, 5, 6, 7, 10, 11, 12, 17, 19]]
[[5, 5, 17, 5, 45, 77], [0, 4, 5, 7, 9, 11, 13, 14, 16, 18]]
[[5, 5, 17, 5, 45, 77], [0, 2, 4, 7, 8, 11, 12, 13, 16, 17, 18, 19]]
[[5, 5, 17, 5, 45, 77], [0, 4, 7, 11, 12, 14, 16, 18]]
[[5, 5, 17, 5, 45, 77], [0, 2, 5, 11, 13, 14, 16, 17, 18, 19]]
[[5, 5, 17, 5, 45, 77], [0, 5, 9, 11, 13, 14, 16, 18]]
[[5, 5, 17, 5, 45, 77], [0, 2, 4, 5, 7, 8, 11, 14, 16, 17]]
[[5, 5, 17, 5, 45, 77], [0, 5, 9, 11, 12, 14, 16, 18]]
[[5, 5, 17, 5, 45, 77], [0, 2, 5, 11, 12, 14, 16, 17]]
