[[2, 4, 8, 24, 27, 64], [0, 1, 2, 3, 6, 11, 12, 13, 14, 15, 16]]
[[2, 4, 8, 24, 27, 64], [0, 1, 2, 7, 8, 9, 11, 15, 19]]
[[2, 4, 8, 24, 27, 64], [0, 2, 4, 8, 10, 11, 12, 13, 14, 15, 16]]
[[2, 4, 8, 24, 27, 64], [0, 1, 7, 8, 9, 11, 12, 13, 14, 15, 16]]
[[2, 4, 8, 24, 27, 64], [0, 2, 4, 5, 8, 9, 10, 11, 14, 15, 19]]
[[2, 4, 8, 24, 27, 64], [0, 1, 4, 6, 8, 9, 10, 11, 14, 15, 19]]
[[2, 4, 8, 24, 27, 64], [0, 1, 3, 5, 6, 7, 8, 9, 11, 15, 19]]
[[2, 4, 8, 24, 27, 64], [0, 1, 2, 4, 5, 6, 7, 9, 10, 11, 12, 13, 14, 15, 16]]
[[2, 4, 8, 24, 37, 64], [0, 2, 4, 7, 10, 11, 12, 13, 14, 15, 16]]
[[2, 4, 8, 24, 37, 64], [0, 1, 5, 6, 8, 9, 10, 11, 13, 15, 16, 18, 19]]
[[2, 4, 8, 24, 37, 64], [0, 2, 6, 7, 8, 11, 12, 13, 14, 15, 16]]
[[2, 4, 8, 24, 37, 64], [0, 2, 3, 4, 7, 11, 14, 15, 18]]
[[2, 4, 8, 24, 37, 64], [0, 2, 4, 5, 7, 9, 10, 11, 14, 15, 19]]
[[2, 4, 8, 24, 37, 64], [0, 1, 3, 9, 10, 11, 14, 15, 18]]
[[2, 4, 8, 24, 37, 64], [0, 3, 4, 6, 8, 9, 10, 11, 12, 13, 14, 15, 16]]
[[2, 4, 8, 24, 37, 64], [0, 3, 4, 6, 7, 9, 10, 11, 14, 15, 19]]
[[2, 4, 8, 24, 37, 64], [0, 1, 5, 9, 11, 15, 19]]
[[2, 4, 8, 24, 37, 64], [0, 1, 3, 4, 6, 7, 8, 9, 11, 13, 14, 15, 16, 18, 19]]
[[2, 4, 8, 24, 37, 64], [0, 2, 3, 4, 7, 9, 11, 12, 13, 15, 16, 18, 19]]
[[2, 4, 8, 24, 37, 64], [0, 1, 2, 5, 6, 7, 9, 10, 11, 12, 14, 15, 18]]
[[2, 4, 8, 24, 37, 64], [0, 1, 2, 5, 9, 11, 12, 13, 14, 15, 16]]
[[2, 4, 8, 24, 37, 64], [0, 1, 2, 3, 4, 6, 11, 12, 14, 15, 18]]
[[2, 4, 8, 24, 37, 64], [0, 2, 6, 9, 11, 15, 19]]
[[2, 4, 8, 24, 37, 64], [0, 1, 2, 3, 5, 9, 10, 11, 12, 13, 14, 15, 16, 18, 19]]
[[2, 4, 8, 24, 57, 40], [0, 2, 4, 6, 9, 12, 13, 15, 16, 17, 19]]
[[2, 4, 8, 24, 57, 40], [0, 2, 3, 4, 6, 7, 10, 13, 14, 15, 17, 18, 19]]
[[2, 4, 8, 24, 57, 40], [0, 2, 4, 5, 6, 7, 8, 12, 13, 15, 17, 18, 19]]
[[2, 4, 8, 24, 57, 40], [0, 2, 3, 4, 6, 8, 10, 13, 14, 15, 16, 17, 19]]
[[2, 4, 8, 24, 57, 40], [0, 1, 3, 5, 8, 9, 10, 12, 13, 15, 16, 17, 19]]
[[2, 4, 8, 24, 57, 40], [0, 2, 3, 5, 13, 15, 17, 18, 19]]
[[2, 4, 8, 24, 57, 40], [0, 1, 2, 3, 8, 10, 12, 13, 14, 15, 17, 18, 19]]
[[2, 4, 8, 24, 57, 40], [0, 2, 3, 13, 14, 15, 16, 17, 19]]
[[2, 4, 8, 24, 42, 76], [0, 1, 2, 6, 7, 10, 14, 15, 16, 17, 19]]
[[2, 4, 8, 24, 42, 76], [0, 1, 2, 3, 4, 5, 7, 10, 13, 15, 17, 18, 19]]
[[2, 4, 8, 24, 42, 76], [0, 1, 3, 7, 8, 10, 12, 15, 17, 18, 19]]
[[2, 4, 8, 24, 42, 76], [0, 1, 2, 3, 5, 7, 8, 10, 12, 15, 16, 17, 19]]
[[2, 4, 8, 24, 42, 76], [0, 1, 3, 4, 5, 7, 9, 10, 13, 15, 16, 17, 19]]
[[2, 4, 8, 24, 42, 76], [0, 2, 3, 7, 14, 15, 16, 17, 19]]
[[2, 4, 8, 24, 42, 76], [0, 2, 6, 7, 8, 9, 13, 15, 16, 17, 19]]
[[2, 4, 8, 24, 42, 76], [0, 2, 3, 5, 7, 9, 14, 15, 17, 18, 19]]
[[2, 4, 8, 24, 42, 76], [0, 2, 3, 4, 7, 8, 12, 13, 14, 15, 16, 17, 19]]
[[2, 4, 8, 24, 42, 76], [0, 2, 3, 5, 6, 8, 10, 12, 13, 15, 17, 18, 19]]
[[2, 4, 8, 24, 42, 76], [0, 1, 3, 6, 9, 12, 14, 15, 17, 18, 19]]
[[2, 4, 8, 24, 42, 76], [0, 2, 3, 4, 7, 8, 12, 13, 14, 15, 17, 18, 19]]
[[2, 4, 8, 24, 42, 76], [0, 2, 6, 13, 14, 15, 17, 18, 19]]
[[2, 4, 8, 24, 42, 76], [0, 2, 3, 6, 7, 10, 12, 13, 14, 15, 16, 17, 19]]
[[2, 4, 8, 24, 42, 76], [0, 1, 2, 3, 5, 6, 7, 8, 12, 15, 16, 17, 19]]
[[2, 4, 8, 24, 42, 76], [0, 1, 6, 8, 10, 15, 17, 18, 19]]
[[2, 4, 8, 24, 62, 28], [0, 1, 2, 3, 4, 5, 6, 9, 11, 13, 14, 15, 17, 18, 19]]
[[2, 4, 8, 24, 62, 28], [0, 1, 6, 10, 11, 15, 16, 17, 19]]
[[2, 4, 8, 24, 62, 28], [0, 2, 3, 5, 7, 12, 13, 15, 16, 17, 19]]
[[2, 4, 8, 24, 62, 28], [0, 4, 6, 7, 9, 13, 14, 15, 16, 17, 19]]
[[2, 4, 8, 24, 62, 28], [0, 2, 3, 4, 5, 6, 9, 10, 12, 13, 14, 15, 17, 18, 19]]
[[2, 4, 8, 24, 62, 28], [0, 3, 4, 5, 6, 9, 10, 11, 13, 15, 17, 18, 19]]
[[2, 4, 8, 24, 62, 28], [0, 3, 4, 5, 6, 7, 8, 10, 11, 12, 14, 15, 16, 17, 19]]
[[2, 4, 8, 24, 62, 28], [0, 1, 3, 4, 5, 6, 7, 8, 11, 12, 14, 15, 16, 17, 19]]
[[2, 4, 8, 24, 62, 28], [0, 6, 7, 8, 9, 11, 12, 13, 14, 15, 17, 18, 19]]
[[2, 4, 8, 24, 62, 28], [0, 4, 5, 6, 8, 9, 13, 15, 17, 18, 19]]
[[2, 4, 8, 24, 62, 28], [0, 6, 11, 15, 16, 17, 19]]
[[2, 4, 8, 24, 62, 28], [0, 2, 3, 4, 5, 6, 7, 8, 10, 12, 13, 15, 16, 17, 19]]
[[2, 4, 8, 24, 62, 28], [0, 1, 2, 6, 7, 8, 9, 10, 11, 12, 13, 15, 17, 18, 19]]
[[2, 4, 8, 24, 62, 28], [0, 1, 3, 7, 8, 9, 10, 13, 14, 15, 17, 18, 19]]
[[2, 4, 8, 24, 62, 28], [0, 1, 2, 3, 5, 7, 8, 9, 10, 13, 14, 15, 16, 17, 19]]
[[2, 4, 8, 24, 62, 28], [0, 2, 3, 7, 9, 12, 13, 15, 17, 18, 19]]
[[2, 4, 8, 24, 47, 40], [0, 1, 2, 5, 6, 7, 8, 10, 11, 12, 13, 15, 16, 17, 19]]
[[2, 4, 8, 24, 47, 40], [0, 1, 2, 3, 4, 6, 7, 8, 11, 12, 14, 15, 17, 18, 19]]
[[2, 4, 8, 24, 47, 40], [0, 2, 3, 5, 6, 8, 9, 10, 11, 13, 14, 15, 16, 17, 19]]
[[2, 4, 8, 24, 47, 40], [0, 2, 4, 5, 6, 7, 11, 12, 13, 15, 16, 17, 19]]
[[2, 4, 8, 24, 47, 40], [0, 2, 4, 6, 8, 11, 14, 15, 17, 18, 19]]
[[2, 4, 8, 24, 47, 40], [0, 1, 5, 6, 9, 10, 11, 15, 17, 18, 19]]
[[2, 4, 8, 24, 47, 40], [0, 2, 3, 6, 7, 9, 10, 11, 12, 15, 17, 18, 19]]
[[2, 4, 8, 24, 47, 40], [0, 1, 3, 4, 6, 9, 11, 13, 14, 15, 16, 17, 19]]
[[2, 4, 8, 24, 57, 28], [0, 3, 5, 6, 9, 10, 11, 15, 16, 17, 19]]
[[2, 4, 8, 24, 57, 28], [0, 4, 6, 7, 8, 9, 11, 12, 14, 15, 16, 17, 19]]
[[2, 4, 8, 24, 57, 28], [0, 1, 4, 6, 10, 11, 13, 15, 17, 18, 19]]
[[2, 4, 8, 24, 57, 28], [0, 4, 5, 6, 11, 13, 14, 15, 17, 18, 19]]
[[2, 4, 8, 24, 57, 28], [0, 1, 2, 3, 6, 9, 11, 15, 16, 17, 19]]
[[2, 4, 8, 24, 57, 28], [0, 1, 3, 5, 6, 7, 8, 11, 12, 13, 14, 15, 17, 18, 19]]
[[2, 4, 8, 24, 57, 28], [0, 3, 6, 7, 8, 10, 11, 12, 13, 15, 17, 18, 19]]
[[2, 4, 8, 24, 57, 28], [0, 1, 2, 4, 5, 6, 7, 8, 9, 10, 11, 12, 14, 15, 16, 17, 19]]
[[2, 4, 8, 24, 27, 76], [0, 1, 4, 7, 8, 9, 12, 13, 14, 15, 16, 17, 18]]
[[2, 4, 8, 24, 27, 76], [0, 6, 7, 9, 12, 13, 14, 15, 17]]
[[2, 4, 8, 24, 27, 76], [0, 2, 4, 7, 10, 13, 14, 15, 17]]
[[2, 4, 8, 24, 27, 76], [0, 2, 3, 6, 7, 8, 10, 13, 14, 15, 17]]
[[2, 4, 8, 24, 27, 76], [0, 2, 4, 5, 7, 9, 10, 13, 14, 15, 16, 17, 18]]
[[2, 4, 8, 24, 27, 76], [0, 1, 2, 4, 5, 7, 8, 9, 12, 13, 14, 15, 17]]
[[2, 4, 8, 24, 27, 76], [0, 6, 8, 9, 12, 13, 14, 15, 16, 17, 18]]
[[2, 4, 8, 24, 27, 76], [0, 2, 3, 5, 6, 9, 10, 13, 14, 15, 16, 17, 18]]
[[2, 4, 8, 24, 22, 100], [0, 2, 6, 8, 14, 15, 17]]
[[2, 4, 8, 24, 22, 100], [0, 2, 3, 6, 10, 12, 14, 15, 17]]
[[2, 4, 8, 24, 22, 100], [0, 1, 8, 9, 14, 15, 16, 17, 18]]
[[2, 4, 8, 24, 22, 100], [0, 2, 6, 7, 14, 15, 16, 17, 18]]
[[2, 4, 8, 24, 22, 100], [0, 2, 10, 12, 14, 15, 16, 17, 18]]
[[2, 4, 8, 24, 22, 100], [0, 2, 3, 5, 6, 7, 8, 9, 10, 12, 14, 15, 16, 17, 18]]
[[2, 4, 8, 24, 22, 100], [0, 1, 2, 8, 14, 15, 17]]
[[2, 4, 8, 24, 22, 100], [0, 2, 10, 12, 14, 15, 17]]
[[2, 4, 8, 24, 22, 112], [0, 1, 4, 9, 14, 15, 17]]
[[2, 4, 8, 24, 22, 112], [0, 1, 2, 4, 5, 9, 14, 15, 16, 17, 18]]
[[2, 4, 8, 24, 22, 112], [0, 2, 4, 8, 10, 12, 14, 15, 16, 17, 18]]
[[2, 4, 8, 24, 22, 112], [0, 2, 4, 6, 7, 8, 14, 15, 16, 17, 18]]
[[2, 4, 8, 24, 22, 112], [0, 2, 4, 5, 8, 9, 10, 12, 14, 15, 17]]
[[2, 4, 8, 24, 22, 112], [0, 3, 4, 6, 8, 9, 10, 12, 14, 15, 17]]
[[2, 4, 8, 24, 22, 112], [0, 3, 4, 6, 7, 9, 10, 12, 14, 15, 16, 17, 18]]
[[2, 4, 8, 24, 22, 112], [0, 2, 4, 5, 6, 9, 14, 15, 17]]
[[2, 4, 8, 24, 27, 100], [0, 1, 8, 9, 11, 12, 14, 15, 17]]
[[2, 4, 8, 24, 27, 100], [0, 2, 3, 8, 11, 13, 14, 15, 16, 17, 18]]
[[2, 4, 8, 24, 27, 100], [0, 2, 3, 5, 8, 9, 11, 12, 14, 15, 17]]
[[2, 4, 8, 24, 27, 100], [0, 1, 2, 8, 11, 13, 14, 15, 16, 17, 18]]
[[2, 4, 8, 24, 27, 100], [0, 1, 2, 3, 4, 7, 10, 11, 12, 13, 14, 15, 16, 17, 18]]
[[2, 4, 8, 24, 27, 100], [0, 1, 3, 4, 7, 9, 10, 11, 14, 15, 17]]
[[2, 4, 8, 24, 27, 100], [0, 2, 4, 5, 7, 9, 10, 11, 14, 15, 17]]
[[2, 4, 8, 24, 27, 100], [0, 2, 4, 7, 10, 11, 12, 13, 14, 15, 16, 17, 18]]
[[2, 4, 8, 24, 17, 100], [0, 2, 5, 7, 8, 9, 10, 11, 14, 15, 17]]
[[2, 4, 8, 24, 17, 100], [0, 1, 3, 7, 8, 9, 10, 11, 14, 15, 17]]
[[2, 4, 8, 24, 17, 100], [0, 3, 4, 9, 11, 12, 14, 15, 17]]
[[2, 4, 8, 24, 17, 100], [0, 1, 4, 9, 11, 13, 14, 15, 16, 17, 18]]
[[2, 4, 8, 24, 17, 100], [0, 2, 5, 7, 8, 9, 10, 11, 12, 13, 14, 15, 16, 17, 18]]
[[2, 4, 8, 24, 17, 100], [0, 1, 2, 4, 5, 9, 11, 12, 14, 15, 17]]
[[2, 4, 8, 24, 17, 100], [0, 3, 4, 9, 11, 13, 14, 15, 16, 17, 18]]
[[2, 4, 8, 24, 17, 100], [0, 1, 2, 3, 5, 7, 8, 9, 10, 11, 12, 13, 14, 15, 16, 17, 18]]
[[2, 4, 8, 12, 52, 64], [0, 1, 3, 7, 10, 12, 13, 15, 17, 18, 19]]
[[2, 4, 8, 12, 52, 64], [0, 1, 3, 4, 6, 7, 8, 9, 12, 13, 14, 15, 16, 17, 19]]
[[2, 4, 8, 12, 52, 64], [0, 1, 4, 6, 8, 10, 13, 15, 17, 18, 19]]
[[2, 4, 8, 12, 52, 64], [0, 1, 2, 4, 5, 6, 7, 10, 13, 15, 16, 17, 19]]
[[2, 4, 8, 12, 52, 64], [0, 1, 2, 3, 5, 7, 9, 10, 12, 13, 14, 15, 16, 17, 19]]
[[2, 4, 8, 12, 52, 64], [0, 2, 3, 5, 7, 8, 13, 15, 16, 17, 19]]
[[2, 4, 8, 12, 52, 64], [0, 2, 3, 7, 8, 13, 14, 15, 17, 18, 19]]
[[2, 4, 8, 12, 52, 64], [0, 1, 2, 3, 4, 6, 12, 13, 14, 15, 17, 18, 19]]
[[2, 4, 8, 12, 37, 88], [0, 3, 6, 7, 9, 10, 11, 12, 14, 15, 17, 18, 19]]
[[2, 4, 8, 12, 37, 88], [0, 4, 5, 6, 7, 11, 12, 13, 14, 15, 16, 17, 19]]
[[2, 4, 8, 12, 37, 88], [0, 1, 5, 6, 7, 8, 10, 11, 12, 13, 14, 15, 16, 17, 19]]
[[2, 4, 8, 12, 37, 88], [0, 1, 2, 3, 4, 6, 9, 11, 13, 15, 16, 17, 19]]
[[2, 4, 8, 12, 37, 88], [0, 4, 6, 8, 11, 15, 17, 18, 19]]
[[2, 4, 8, 12, 37, 88], [0, 1, 2, 5, 6, 9, 10, 11, 14, 15, 17, 18, 19]]
[[2, 4, 8, 12, 37, 88], [0, 3, 5, 6, 8, 9, 10, 11, 13, 15, 16, 17, 19]]
[[2, 4, 8, 12, 37, 88], [0, 1, 3, 4, 6, 7, 8, 11, 12, 15, 17, 18, 19]]
[[2, 4, 8, 16, 52, 64], [0, 1, 2, 3, 6, 7, 8, 9, 12, 15, 19]]
[[2, 4, 8, 16, 52, 64], [0, 1, 5, 6, 10, 12, 14, 15, 16]]
[[2, 4, 8, 16, 52, 64], [0, 1, 2, 3, 6, 12, 14, 15, 16]]
[[2, 4, 8, 16, 52, 64], [0, 1, 2, 6, 10, 12, 14, 15, 16]]
[[2, 4, 8, 16, 52, 64], [0, 1, 6, 7, 8, 9, 10, 12, 14, 15, 19]]
[[2, 4, 8, 16, 52, 64], [0, 1, 2, 5, 6, 7, 8, 9, 10, 12, 14, 15, 19]]
[[2, 4, 8, 16, 52, 64], [0, 1, 3, 5, 6, 12, 14, 15, 16]]
[[2, 4, 8, 16, 52, 64], [0, 1, 3, 5, 6, 7, 8, 9, 12, 15, 19]]
[[2, 4, 8, 16, 12, 88], [0, 6, 11, 15, 19]]
[[2, 4, 8, 16, 12, 88], [0, 2, 4, 5, 7, 9, 10, 11, 12, 13, 14, 15, 16]]
[[2, 4, 8, 16, 12, 88], [0, 1, 11, 15, 19]]
[[2, 4, 8, 16, 12, 88], [0, 1, 2, 11, 12, 13, 14, 15, 16]]
[[2, 4, 8, 16, 12, 88], [0, 2, 3, 4, 6, 8, 10, 11, 12, 13, 14, 15, 16]]
[[2, 4, 8, 16, 12, 88], [0, 2, 3, 4, 6, 7, 10, 11, 14, 15, 19]]
[[2, 4, 8, 16, 12, 88], [0, 6, 7, 8, 9, 11, 12, 13, 14, 15, 16]]
[[2, 4, 8, 16, 12, 88], [0, 2, 4, 7, 10, 11, 14, 15, 19]]
[[2, 4, 8, 16, 37, 64], [0, 2, 3, 8, 12, 13, 14, 15, 17, 18, 19]]
[[2, 4, 8, 16, 37, 64], [0, 2, 3, 5, 8, 9, 12, 13, 14, 15, 16, 17, 19]]
[[2, 4, 8, 16, 37, 64], [0, 1, 3, 10, 13, 15, 16, 17, 19]]
[[2, 4, 8, 16, 37, 64], [0, 1, 2, 4, 5, 6, 7, 8, 10, 12, 13, 15, 17, 18, 19]]
[[2, 4, 8, 16, 37, 64], [0, 1, 4, 6, 9, 10, 12, 13, 14, 15, 16, 17, 19]]
[[2, 4, 8, 16, 37, 64], [0, 1, 3, 4, 6, 8, 13, 15, 16, 17, 19]]
[[2, 4, 8, 16, 37, 64], [0, 1, 2, 3, 4, 6, 7, 13, 14, 15, 17, 18, 19]]
[[2, 4, 8, 16, 37, 64], [0, 1, 2, 3, 5, 10, 13, 15, 17, 18, 19]]
[[2, 4, 8, 16, 37, 40], [0, 1, 7, 8, 13, 15, 16, 17, 19]]
[[2, 4, 8, 16, 37, 40], [0, 7, 9, 10, 12, 13, 14, 15, 16, 17, 19]]
[[2, 4, 8, 16, 37, 40], [0, 1, 2, 7, 8, 13, 14, 15, 17, 18, 19]]
[[2, 4, 8, 16, 37, 40], [0, 7, 10, 12, 13, 15, 17, 18, 19]]
[[2, 4, 8, 16, 37, 40], [0, 3, 4, 6, 7, 10, 13, 15, 16, 17, 19]]
[[2, 4, 8, 16, 37, 40], [0, 2, 4, 6, 12, 13, 14, 15, 17, 18, 19]]
[[2, 4, 8, 16, 37, 40], [0, 2, 4, 5, 6, 7, 8, 9, 12, 13, 14, 15, 16, 17, 19]]
[[2, 4, 8, 16, 37, 40], [0, 3, 4, 6, 8, 10, 13, 15, 17, 18, 19]]
[[2, 4, 8, 16, 32, 64], [0, 3, 5, 12, 14, 15, 17, 18, 19]]
[[2, 4, 8, 16, 32, 64], [0, 1, 2, 6, 7, 8, 9, 10, 12, 15, 17, 18, 19]]
[[2, 4, 8, 16, 32, 64], [0, 1, 3, 5, 8, 9, 10, 15, 17, 18, 19]]
[[2, 4, 8, 16, 32, 64], [0, 1, 3, 5, 6, 7, 14, 15, 17, 18, 19]]
[[2, 4, 8, 16, 32, 64], [0, 1, 2, 3, 6, 8, 14, 15, 16, 17, 19]]
[[2, 4, 8, 16, 32, 64], [0, 1, 2, 3, 8, 10, 14, 15, 16, 17, 19]]
[[2, 4, 8, 16, 32, 64], [0, 1, 6, 10, 12, 15, 16, 17, 19]]
[[2, 4, 8, 16, 32, 64], [0, 3, 12, 15, 16, 17, 19]]
[[2, 4, 8, 16, 52, 40], [0, 2, 3, 5, 6, 7, 10, 15, 17, 18, 19]]
[[2, 4, 8, 16, 52, 40], [0, 1, 2, 3, 5, 10, 12, 15, 17, 18, 19]]
[[2, 4, 8, 16, 52, 40], [0, 2, 3, 8, 14, 15, 16, 17, 19]]
[[2, 4, 8, 16, 52, 40], [0, 6, 12, 15, 16, 17, 19]]
[[2, 4, 8, 16, 52, 40], [0, 6, 7, 8, 9, 12, 14, 15, 17, 18, 19]]
[[2, 4, 8, 16, 52, 40], [0, 2, 3, 5, 8, 9, 14, 15, 17, 18, 19]]
[[2, 4, 8, 16, 52, 40], [0, 2, 3, 6, 8, 10, 14, 15, 16, 17, 19]]
[[2, 4, 8, 16, 52, 40], [0, 1, 3, 10, 12, 15, 16, 17, 19]]
[[2, 4, 8, 16, 52, 52], [0, 1, 3, 4, 5, 6, 9, 15, 16, 17, 19]]
[[2, 4, 8, 16, 52, 52], [0, 2, 3, 4, 5, 8, 9, 12, 14, 15, 16, 17, 19]]
[[2, 4, 8, 16, 52, 52], [0, 2, 3, 4, 5, 8, 12, 15, 17, 18, 19]]
[[2, 4, 8, 16, 52, 52], [0, 1, 4, 6, 8, 9, 10, 12, 14, 15, 16, 17, 19]]
[[2, 4, 8, 16, 52, 52], [0, 1, 2, 4, 5, 6, 7, 9, 10, 12, 14, 15, 17, 18, 19]]
[[2, 4, 8, 16, 52, 52], [0, 1, 2, 3, 4, 5, 6, 7, 8, 15, 17, 18, 19]]
[[2, 4, 8, 16, 52, 52], [0, 1, 2, 3, 4, 9, 10, 15, 16, 17, 19]]
[[2, 4, 8, 16, 52, 52], [0, 1, 3, 4, 9, 10, 14, 15, 17, 18, 19]]
[[2, 4, 8, 16, 37, 76], [0, 1, 2, 4, 5, 6, 9, 10, 11, 12, 14, 15, 17, 18, 19]]
[[2, 4, 8, 16, 37, 76], [0, 1, 4, 6, 7, 8, 10, 11, 13, 15, 16, 17, 19]]
[[2, 4, 8, 16, 37, 76], [0, 1, 4, 6, 7, 9, 10, 11, 14, 15, 17, 18, 19]]
[[2, 4, 8, 16, 37, 76], [0, 1, 2, 3, 5, 6, 7, 8, 11, 15, 17, 18, 19]]
[[2, 4, 8, 16, 37, 76], [0, 1, 3, 6, 7, 11, 13, 15, 16, 17, 19]]
[[2, 4, 8, 16, 37, 76], [0, 1, 2, 4, 5, 6, 8, 9, 10, 11, 12, 13, 14, 15, 16, 17, 19]]
[[2, 4, 8, 16, 37, 76], [0, 1, 3, 6, 9, 11, 12, 13, 14, 15, 16, 17, 19]]
[[2, 4, 8, 16, 37, 76], [0, 1, 2, 3, 5, 6, 8, 11, 12, 15, 17, 18, 19]]
[[2, 4, 8, 16, 47, 28], [0, 3, 5, 7, 11, 13, 14, 15, 17, 18, 19]]
[[2, 4, 8, 16, 47, 28], [0, 1, 2, 3, 5, 7, 9, 10, 11, 12, 14, 15, 16, 17, 19]]
[[2, 4, 8, 16, 47, 28], [0, 1, 3, 4, 8, 10, 11, 12, 13, 15, 17, 18, 19]]
[[2, 4, 8, 16, 47, 28], [0, 1, 2, 3, 4, 8, 9, 10, 11, 15, 16, 17, 19]]
[[2, 4, 8, 16, 47, 28], [0, 3, 4, 5, 8, 11, 12, 13, 14, 15, 17, 18, 19]]
[[2, 4, 8, 16, 47, 28], [0, 1, 3, 7, 10, 11, 13, 15, 17, 18, 19]]
[[2, 4, 8, 16, 47, 28], [0, 3, 4, 5, 8, 9, 11, 15, 16, 17, 19]]
[[2, 4, 8, 16, 47, 28], [0, 3, 7, 9, 11, 12, 14, 15, 16, 17, 19]]
[[2, 4, 8, 16, 27, 52], [0, 2, 3, 4, 6, 9, 10, 15, 16, 18, 19]]
[[2, 4, 8, 16, 27, 52], [0, 2, 3, 4, 6, 8, 10, 12, 14, 15, 18]]
[[2, 4, 8, 16, 27, 52], [0, 4, 6, 8, 9, 12, 14, 15, 18]]
[[2, 4, 8, 16, 27, 52], [0, 2, 3, 4, 6, 7, 10, 12, 14, 15, 16, 18, 19]]
[[2, 4, 8, 16, 27, 52], [0, 2, 4, 6, 14, 15, 16, 18, 19]]
[[2, 4, 8, 16, 27, 52], [0, 2, 3, 4, 6, 7, 8, 10, 14, 15, 18]]
[[2, 4, 8, 16, 27, 52], [0, 2, 4, 5, 6, 7, 8, 9, 14, 15, 18]]
[[2, 4, 8, 16, 27, 52], [0, 4, 5, 6, 7, 9, 12, 15, 16, 18, 19]]
[[2, 4, 8, 16, 42, 52], [0, 1, 6, 7, 8, 9, 10, 12, 14, 15, 16, 18, 19]]
[[2, 4, 8, 16, 42, 52], [0, 1, 3, 6, 7, 8, 12, 15, 16, 18, 19]]
[[2, 4, 8, 16, 42, 52], [0, 1, 3, 6, 7, 9, 14, 15, 18]]
[[2, 4, 8, 16, 42, 52], [0, 1, 2, 3, 5, 6, 9, 12, 14, 15, 18]]
[[2, 4, 8, 16, 42, 52], [0, 1, 2, 6, 7, 10, 14, 15, 18]]
[[2, 4, 8, 16, 42, 52], [0, 1, 2, 6, 10, 12, 14, 15, 18]]
[[2, 4, 8, 16, 42, 52], [0, 1, 6, 8, 10, 15, 16, 18, 19]]
[[2, 4, 8, 16, 42, 52], [0, 1, 2, 3, 5, 6, 8, 9, 14, 15, 16, 18, 19]]
[[2, 4, 8, 28, 42, 52], [0, 2, 3, 4, 5, 6, 7, 9, 10, 13, 14, 15, 16]]
[[2, 4, 8, 28, 42, 52], [0, 3, 4, 6, 8, 9, 10, 13, 14, 15, 16, 18, 19]]
[[2, 4, 8, 28, 42, 52], [0, 2, 3, 5, 6, 8, 9, 10, 12, 13, 14, 15, 18]]
[[2, 4, 8, 28, 42, 52], [0, 4, 6, 7, 9, 13, 14, 15, 18]]
[[2, 4, 8, 28, 42, 52], [0, 2, 5, 6, 7, 9, 12, 13, 14, 15, 16, 18, 19]]
[[2, 4, 8, 28, 42, 52], [0, 3, 4, 6, 7, 9, 10, 13, 14, 15, 18]]
[[2, 4, 8, 28, 42, 52], [0, 2, 5, 6, 8, 9, 12, 13, 14, 15, 18]]
[[2, 4, 8, 28, 42, 52], [0, 4, 5, 6, 8, 9, 13, 15, 16, 18, 19]]
[[2, 4, 8, 28, 42, 52], [0, 2, 3, 6, 7, 9, 10, 12, 13, 15, 16, 18, 19]]
[[2, 4, 8, 28, 42, 52], [0, 6, 7, 8, 9, 13, 14, 15, 16]]
[[2, 4, 8, 28, 42, 52], [0, 6, 13, 15, 19]]
[[2, 4, 8, 28, 42, 52], [0, 3, 5, 6, 7, 8, 10, 13, 14, 15, 16]]
[[2, 4, 8, 28, 42, 52], [0, 4, 6, 8, 13, 15, 19]]
[[2, 4, 8, 28, 42, 52], [0, 3, 6, 9, 10, 13, 14, 15, 19]]
[[2, 4, 8, 28, 42, 52], [0, 4, 5, 6, 7, 13, 14, 15, 16]]
[[2, 4, 8, 28, 42, 52], [0, 2, 3, 4, 5, 6, 8, 9, 10, 13, 14, 15, 19]]
[[2, 4, 8, 28, 22, 76], [0, 1, 2, 8, 11, 13, 14, 15, 16]]
[[2, 4, 8, 28, 22, 76], [0, 1, 2, 4, 6, 10, 11, 13, 14, 15, 16]]
[[2, 4, 8, 28, 22, 76], [0, 1, 4, 5, 6, 7, 8, 9, 10, 11, 12, 15, 19]]
[[2, 4, 8, 28, 22, 76], [0, 1, 3, 6, 7, 9, 11, 13, 14, 15, 16]]
[[2, 4, 8, 28, 22, 76], [0, 1, 2, 3, 5, 6, 8, 9, 11, 12, 14, 15, 19]]
[[2, 4, 8, 28, 22, 76], [0, 2, 4, 5, 7, 8, 9, 10, 11, 13, 14, 15, 16]]
[[2, 4, 8, 28, 22, 76], [0, 1, 8, 9, 11, 12, 14, 15, 19]]
[[2, 4, 8, 28, 22, 76], [0, 2, 4, 7, 8, 9, 10, 11, 12, 15, 19]]
[[2, 4, 8, 28, 57, 52], [0, 1, 3, 6, 7, 12, 13, 15, 16, 17, 19]]
[[2, 4, 8, 28, 57, 52], [0, 1, 2, 3, 4, 8, 10, 12, 14, 15, 18]]
[[2, 4, 8, 28, 57, 52], [0, 1, 2, 6, 10, 13, 14, 15, 17, 18, 19]]
[[2, 4, 8, 28, 57, 52], [0, 1, 3, 4, 7, 8, 10, 15, 16, 18, 19]]
[[2, 4, 8, 28, 57, 52], [0, 1, 3, 4, 7, 8, 10, 12, 13, 15, 16, 17, 19]]
[[2, 4, 8, 28, 57, 52], [0, 1, 2, 3, 4, 7, 8, 10, 12, 13, 14, 15, 17, 18, 19]]
[[2, 4, 8, 28, 57, 52], [0, 2, 3, 4, 5, 7, 8, 9, 14, 15, 18]]
[[2, 4, 8, 28, 57, 52], [0, 2, 3, 4, 5, 7, 9, 13, 14, 15, 16, 17, 19]]
[[2, 4, 8, 28, 57, 52], [0, 1, 2, 3, 5, 6, 8, 12, 13, 15, 17, 18, 19]]
[[2, 4, 8, 28, 57, 52], [0, 2, 3, 4, 5, 7, 8, 9, 14, 15, 16, 18, 19]]
[[2, 4, 8, 28, 57, 52], [0, 1, 3, 4, 8, 9, 10, 12, 14, 15, 16, 18, 19]]
[[2, 4, 8, 28, 57, 52], [0, 1, 2, 3, 4, 7, 8, 10, 14, 15, 18]]
[[2, 4, 8, 28, 57, 52], [0, 3, 4, 8, 12, 15, 16, 18, 19]]
[[2, 4, 8, 28, 57, 52], [0, 2, 3, 4, 5, 7, 13, 15, 17, 18, 19]]
[[2, 4, 8, 28, 57, 52], [0, 1, 6, 7, 8, 9, 10, 13, 14, 15, 16, 17, 19]]
[[2, 4, 8, 28, 57, 52], [0, 3, 4, 8, 9, 12, 14, 15, 18]]
[[2, 4, 8, 28, 32, 52], [0, 3, 5, 6, 9, 10, 11, 12, 13, 15, 16, 17, 19]]
[[2, 4, 8, 28, 32, 52], [0, 4, 5, 6, 12, 13, 14, 15, 17]]
[[2, 4, 8, 28, 32, 52], [0, 2, 3, 4, 5, 6, 7, 9, 10, 13, 14, 15, 16, 17, 18]]
[[2, 4, 8, 28, 32, 52], [0, 3, 8, 9, 12, 13, 14, 15, 16, 17, 18]]
[[2, 4, 8, 28, 32, 52], [0, 4, 6, 7, 8, 9, 12, 13, 14, 15, 16, 17, 18]]
[[2, 4, 8, 28, 32, 52], [0, 3, 6, 7, 8, 10, 11, 15, 17, 18, 19]]
[[2, 4, 8, 28, 32, 52], [0, 3, 6, 8, 10, 11, 12, 15, 17, 18, 19]]
[[2, 4, 8, 28, 32, 52], [0, 2, 3, 4, 5, 6, 8, 9, 10, 13, 14, 15, 17]]
[[2, 4, 8, 28, 32, 52], [0, 4, 5, 6, 7, 8, 11, 13, 14, 15, 16, 17, 19]]
[[2, 4, 8, 28, 32, 52], [0, 4, 6, 9, 11, 12, 14, 15, 17, 18, 19]]
[[2, 4, 8, 28, 32, 52], [0, 2, 4, 5, 6, 7, 9, 11, 14, 15, 17, 18, 19]]
[[2, 4, 8, 28, 32, 52], [0, 3, 5, 8, 12, 13, 14, 15, 17]]
[[2, 4, 8, 28, 32, 52], [0, 1, 2, 3, 5, 9, 10, 13, 14, 15, 16, 17, 18]]
[[2, 4, 8, 28, 32, 52], [0, 3, 5, 6, 7, 10, 11, 13, 14, 15, 16, 17, 19]]
[[2, 4, 8, 28, 32, 52], [0, 2, 4, 6, 8, 9, 11, 12, 13, 15, 16, 17, 19]]
[[2, 4, 8, 28, 32, 52], [0, 1, 3, 9, 10, 13, 14, 15, 17]]
[[2, 4, 8, 28, 42, 76], [0, 3, 4, 9, 11, 12, 14, 15, 17, 18, 19]]
[[2, 4, 8, 28, 42, 76], [0, 2, 3, 4, 5, 7, 11, 12, 13, 15, 16, 17, 19]]
[[2, 4, 8, 28, 42, 76], [0, 1, 3, 7, 8, 10, 11, 15, 17, 18, 19]]
[[2, 4, 8, 28, 42, 76], [0, 2, 3, 4, 5, 7, 9, 11, 14, 15, 17, 18, 19]]
[[2, 4, 8, 28, 42, 76], [0, 1, 2, 3, 5, 7, 8, 10, 11, 12, 13, 15, 16, 17, 19]]
[[2, 4, 8, 28, 42, 76], [0, 1, 2, 3, 5, 8, 9, 10, 11, 13, 14, 15, 16, 17, 19]]
[[2, 4, 8, 28, 42, 76], [0, 3, 4, 9, 11, 13, 14, 15, 16, 17, 19]]
[[2, 4, 8, 28, 42, 76], [0, 1, 3, 8, 10, 11, 12, 15, 17, 18, 19]]
[[2, 4, 8, 28, 62, 52], [0, 1, 4, 5, 6, 7, 8, 9, 10, 11, 12, 15, 16, 17, 19]]
[[2, 4, 8, 28, 62, 52], [0, 2, 3, 7, 12, 13, 14, 15, 16, 17, 18]]
[[2, 4, 8, 28, 62, 52], [0, 1, 4, 5, 6, 7, 10, 13, 14, 15, 17]]
[[2, 4, 8, 28, 62, 52], [0, 2, 4, 5, 6, 11, 13, 15, 17, 18, 19]]
[[2, 4, 8, 28, 62, 52], [0, 1, 2, 4, 6, 8, 10, 13, 14, 15, 16, 17, 18]]
[[2, 4, 8, 28, 62, 52], [0, 1, 3, 4, 6, 7, 8, 9, 12, 13, 14, 15, 17]]
[[2, 4, 8, 28, 62, 52], [0, 1, 2, 3, 4, 6, 12, 13, 14, 15, 16, 17, 18]]
[[2, 4, 8, 28, 62, 52], [0, 2, 4, 6, 7, 8, 9, 11, 12, 15, 16, 17, 19]]
[[2, 4, 8, 28, 62, 52], [0, 1, 2, 4, 6, 10, 11, 13, 14, 15, 17, 18, 19]]
[[2, 4, 8, 28, 62, 52], [0, 2, 3, 6, 7, 8, 10, 11, 12, 13, 14, 15, 17, 18, 19]]
[[2, 4, 8, 28, 62, 52], [0, 1, 3, 6, 9, 11, 14, 15, 16, 17, 19]]
[[2, 4, 8, 28, 62, 52], [0, 2, 3, 5, 7, 9, 12, 13, 14, 15, 17]]
[[2, 4, 8, 28, 62, 52], [0, 1, 2, 3, 5, 6, 7, 8, 11, 12, 13, 15, 17, 18, 19]]
[[2, 4, 8, 28, 62, 52], [0, 1, 2, 3, 7, 8, 10, 13, 14, 15, 16, 17, 18]]
[[2, 4, 8, 28, 62, 52], [0, 2, 3, 5, 6, 9, 10, 11, 14, 15, 16, 17, 19]]
[[2, 4, 8, 28, 62, 52], [0, 1, 3, 5, 7, 8, 10, 13, 14, 15, 17]]
[[2, 4, 8, 28, 52, 64], [0, 2, 3, 4, 5, 9, 12, 13, 14, 15, 16, 17, 18]]
[[2, 4, 8, 28, 52, 64], [0, 6, 7, 9, 12, 13, 14, 15, 16, 17, 18]]
[[2, 4, 8, 28, 52, 64], [0, 1, 3, 4, 5, 8, 10, 13, 14, 15, 17]]
[[2, 4, 8, 28, 52, 64], [0, 2, 3, 4, 5, 9, 12, 13, 14, 15, 17]]
[[2, 4, 8, 28, 52, 64], [0, 1, 2, 3, 4, 5, 8, 9, 10, 13, 14, 15, 16, 17, 18]]
[[2, 4, 8, 28, 52, 64], [0, 6, 8, 9, 12, 13, 14, 15, 17]]
[[2, 4, 8, 28, 52, 64], [0, 3, 6, 7, 8, 9, 10, 13, 14, 15, 16, 17, 18]]
[[2, 4, 8, 28, 52, 64], [0, 3, 5, 6, 10, 13, 14, 15, 17]]
[[2, 4, 8, 28, 32, 64], [0, 1, 3, 4, 6, 7, 8, 9, 12, 13, 14, 15, 16, 17, 18]]
[[2, 4, 8, 28, 32, 64], [0, 1, 2, 4, 5, 6, 7, 9, 10, 13, 14, 15, 16, 17, 18]]
[[2, 4, 8, 28, 32, 64], [0, 1, 8, 9, 12, 13, 14, 15, 16, 17, 18]]
[[2, 4, 8, 28, 32, 64], [0, 1, 2, 3, 4, 6, 12, 13, 14, 15, 17]]
[[2, 4, 8, 28, 32, 64], [0, 1, 4, 6, 8, 9, 10, 13, 14, 15, 17]]
[[2, 4, 8, 28, 32, 64], [0, 1, 2, 8, 12, 13, 14, 15, 17]]
[[2, 4, 8, 28, 32, 64], [0, 2, 5, 9, 10, 13, 14, 15, 17]]
[[2, 4, 8, 28, 32, 64], [0, 2, 5, 9, 10, 13, 14, 15, 16, 17, 18]]
[[2, 4, 8, 28, 42, 64], [0, 1, 2, 3, 4, 5, 8, 9, 10, 11, 14, 15, 17]]
[[2, 4, 8, 28, 42, 64], [0, 1, 2, 3, 4, 8, 10, 11, 12, 13, 14, 15, 16, 17, 18]]
[[2, 4, 8, 28, 42, 64], [0, 2, 3, 5, 7, 9, 11, 12, 14, 15, 17]]
[[2, 4, 8, 28, 42, 64], [0, 3, 5, 7, 11, 13, 14, 15, 16, 17, 18]]
[[2, 4, 8, 28, 42, 64], [0, 1, 3, 4, 5, 8, 10, 11, 12, 13, 14, 15, 16, 17, 18]]
[[2, 4, 8, 28, 42, 64], [0, 3, 7, 9, 11, 12, 14, 15, 17]]
[[2, 4, 8, 28, 42, 64], [0, 1, 3, 4, 8, 9, 10, 11, 14, 15, 17]]
[[2, 4, 8, 28, 42, 64], [0, 2, 3, 7, 11, 13, 14, 15, 16, 17, 18]]
[[2, 4, 8, 28, 22, 64], [0, 2, 3, 7, 11, 13, 14, 15, 18]]
[[2, 4, 8, 28, 22, 64], [0, 2, 3, 5, 7, 9, 11, 12, 14, 15, 16, 18, 19]]
[[2, 4, 8, 28, 22, 64], [0, 1, 2, 3, 4, 6, 8, 11, 12, 13, 14, 15, 18]]
[[2, 4, 8, 28, 22, 64], [0, 1, 3, 4, 10, 11, 12, 15, 16, 18, 19]]
[[2, 4, 8, 28, 22, 64], [0, 1, 2, 6, 7, 8, 10, 11, 12, 13, 14, 15, 18]]
[[2, 4, 8, 28, 22, 64], [0, 1, 2, 3, 4, 10, 11, 13, 14, 15, 18]]
[[2, 4, 8, 28, 22, 64], [0, 1, 6, 9, 10, 11, 14, 15, 16, 18, 19]]
[[2, 4, 8, 28, 22, 64], [0, 1, 3, 4, 6, 7, 11, 15, 16, 18, 19]]
[[2, 4, 8, 28, 32, 76], [0, 1, 2, 4, 5, 6, 8, 9, 10, 11, 14, 15, 16, 18, 19]]
[[2, 4, 8, 28, 32, 76], [0, 3, 4, 7, 8, 9, 11, 12, 14, 15, 16, 18, 19]]
[[2, 4, 8, 28, 32, 76], [0, 1, 3, 6, 7, 8, 11, 15, 16, 18, 19]]
[[2, 4, 8, 28, 32, 76], [0, 1, 3, 8, 10, 11, 12, 15, 16, 18, 19]]
[[2, 4, 8, 28, 32, 76], [0, 1, 2, 3, 5, 6, 9, 11, 12, 13, 14, 15, 18]]
[[2, 4, 8, 28, 32, 76], [0, 3, 4, 7, 8, 9, 11, 13, 14, 15, 18]]
[[2, 4, 8, 28, 32, 76], [0, 1, 2, 3, 5, 8, 9, 10, 11, 13, 14, 15, 18]]
[[2, 4, 8, 28, 32, 76], [0, 1, 4, 6, 7, 9, 10, 11, 12, 13, 14, 15, 18]]
[[2, 4, 8, 40, 62, 52], [0, 1, 2, 3, 4, 5, 7, 8, 9, 10, 14, 15, 16]]
[[2, 4, 8, 40, 62, 52], [0, 1, 4, 7, 8, 9, 14, 15, 16]]
[[2, 4, 8, 40, 62, 52], [0, 3, 4, 7, 8, 9, 14, 15, 19]]
[[2, 4, 8, 40, 62, 52], [0, 2, 4, 5, 7, 8, 9, 10, 14, 15, 16]]
[[2, 4, 8, 40, 62, 52], [0, 3, 4, 7, 8, 9, 14, 15, 16]]
[[2, 4, 8, 40, 62, 52], [0, 1, 3, 4, 5, 7, 8, 9, 10, 15, 19]]
[[2, 4, 8, 40, 62, 52], [0, 2, 4, 7, 8, 9, 10, 15, 19]]
[[2, 4, 8, 40, 62, 52], [0, 1, 2, 4, 5, 7, 8, 9, 14, 15, 19]]
[[2, 4, 8, 40, 42, 76], [0, 7, 8, 9, 10, 11, 14, 15, 17]]
[[2, 4, 8, 40, 42, 76], [0, 1, 2, 5, 6, 7, 8, 9, 10, 11, 12, 13, 14, 15, 16, 17, 18]]
[[2, 4, 8, 40, 42, 76], [0, 2, 3, 4, 5, 9, 11, 13, 14, 15, 16, 17, 18]]
[[2, 4, 8, 40, 42, 76], [0, 1, 5, 6, 10, 11, 14, 15, 17]]
[[2, 4, 8, 40, 42, 76], [0, 1, 2, 3, 4, 6, 7, 8, 11, 12, 14, 15, 17]]
[[2, 4, 8, 40, 42, 76], [0, 1, 4, 9, 11, 12, 14, 15, 17]]
[[2, 4, 8, 40, 42, 76], [0, 7, 8, 9, 10, 11, 12, 13, 14, 15, 16, 17, 18]]
[[2, 4, 8, 40, 42, 76], [0, 1, 3, 7, 8, 9, 10, 11, 12, 13, 14, 15, 16, 17, 18]]
[[2, 4, 8, 40, 42, 76], [0, 2, 3, 4, 5, 9, 11, 12, 14, 15, 17]]
[[2, 4, 8, 40, 42, 76], [0, 1, 2, 4, 5, 9, 11, 13, 14, 15, 16, 17, 18]]
[[2, 4, 8, 40, 42, 76], [0, 1, 3, 4, 6, 9, 11, 13, 14, 15, 16, 17, 18]]
[[2, 4, 8, 40, 42, 76], [0, 1, 2, 3, 5, 7, 8, 9, 10, 11, 14, 15, 17]]
[[2, 4, 8, 20, 32, 52], [0, 1, 3, 4, 6, 7, 11, 15, 19]]
[[2, 4, 8, 20, 32, 52], [0, 1, 2, 3, 6, 11, 14, 15, 16]]
[[2, 4, 8, 20, 32, 52], [0, 3, 5, 7, 11, 12, 14, 15, 19]]
[[2, 4, 8, 20, 32, 52], [0, 3, 7, 9, 11, 13, 14, 15, 16]]
[[2, 4, 8, 20, 32, 52], [0, 2, 3, 4, 7, 9, 11, 12, 13, 15, 19]]
[[2, 4, 8, 20, 32, 52], [0, 1, 2, 3, 4, 10, 11, 13, 14, 15, 16]]
[[2, 4, 8, 20, 32, 52], [0, 1, 2, 4, 5, 6, 7, 8, 9, 10, 11, 13, 14, 15, 16]]
[[2, 4, 8, 20, 32, 52], [0, 1, 2, 6, 10, 11, 14, 15, 19]]
[[2, 4, 8, 20, 32, 52], [0, 1, 3, 4, 10, 11, 12, 15, 19]]
[[2, 4, 8, 20, 32, 52], [0, 1, 4, 6, 10, 11, 12, 15, 19]]
[[2, 4, 8, 20, 32, 52], [0, 1, 2, 3, 6, 8, 11, 13, 14, 15, 16]]
[[2, 4, 8, 20, 32, 52], [0, 1, 3, 5, 6, 7, 11, 12, 14, 15, 19]]
[[2, 4, 8, 20, 32, 52], [0, 2, 3, 4, 7, 11, 14, 15, 16]]
[[2, 4, 8, 20, 32, 52], [0, 2, 10, 11, 14, 15, 19]]
[[2, 4, 8, 20, 32, 52], [0, 1, 2, 4, 6, 7, 10, 11, 14, 15, 16]]
[[2, 4, 8, 20, 32, 52], [0, 2, 10, 11, 12, 13, 14, 15, 16]]
[[2, 4, 8, 20, 32, 52], [0, 1, 2, 3, 4, 6, 8, 11, 12, 13, 14, 15, 16]]
[[2, 4, 8, 20, 32, 52], [0, 1, 3, 5, 6, 7, 8, 9, 11, 12, 13, 15, 19]]
[[2, 4, 8, 20, 32, 52], [0, 1, 6, 7, 8, 9, 10, 11, 12, 13, 14, 15, 16]]
[[2, 4, 8, 20, 32, 52], [0, 1, 4, 5, 6, 8, 10, 11, 12, 13, 14, 15, 19]]
[[2, 4, 8, 20, 32, 52], [0, 1, 2, 3, 10, 11, 14, 15, 16]]
[[2, 4, 8, 20, 32, 52], [0, 1, 3, 5, 10, 11, 12, 13, 14, 15, 19]]
[[2, 4, 8, 20, 32, 52], [0, 1, 4, 7, 11, 15, 19]]
[[2, 4, 8, 20, 32, 52], [0, 1, 2, 4, 5, 7, 9, 11, 12, 13, 14, 15, 16]]
[[2, 4, 8, 20, 42, 40], [0, 2, 3, 4, 6, 8, 10, 11, 14, 15, 16]]
[[2, 4, 8, 20, 42, 40], [0, 5, 6, 9, 11, 12, 13, 15, 19]]
[[2, 4, 8, 20, 42, 40], [0, 2, 3, 4, 6, 7, 10, 11, 12, 13, 14, 15, 19]]
[[2, 4, 8, 20, 42, 40], [0, 1, 2, 3, 7, 8, 10, 11, 12, 13, 14, 15, 19]]
[[2, 4, 8, 20, 42, 40], [0, 2, 3, 4, 8, 11, 14, 15, 16]]
[[2, 4, 8, 20, 42, 40], [0, 5, 6, 7, 8, 11, 14, 15, 16]]
[[2, 4, 8, 20, 42, 40], [0, 1, 3, 5, 7, 8, 10, 11, 14, 15, 16]]
[[2, 4, 8, 20, 42, 40], [0, 2, 3, 4, 8, 9, 11, 12, 13, 15, 19]]
[[2, 4, 8, 20, 42, 52], [0, 1, 2, 4, 5, 6, 7, 9, 10, 11, 12, 13, 14, 15, 19]]
[[2, 4, 8, 20, 42, 52], [0, 1, 4, 8, 11, 12, 13, 15, 19]]
[[2, 4, 8, 20, 42, 52], [0, 7, 8, 9, 10, 11, 14, 15, 16]]
[[2, 4, 8, 20, 42, 52], [0, 1, 4, 6, 8, 9, 10, 11, 14, 15, 16]]
[[2, 4, 8, 20, 42, 52], [0, 1, 2, 4, 5, 8, 9, 11, 14, 15, 16]]
[[2, 4, 8, 20, 42, 52], [0, 1, 2, 3, 5, 6, 7, 8, 9, 11, 14, 15, 16]]
[[2, 4, 8, 20, 42, 52], [0, 1, 3, 6, 11, 12, 13, 15, 19]]
[[2, 4, 8, 20, 42, 52], [0, 7, 8, 9, 10, 11, 12, 13, 14, 15, 19]]
[[2, 4, 8, 20, 52, 52], [0, 4, 6, 7, 12, 15, 17, 18, 19]]
[[2, 4, 8, 20, 52, 52], [0, 1, 2, 3, 4, 5, 8, 9, 10, 11, 14, 15, 16]]
[[2, 4, 8, 20, 52, 52], [0, 1, 2, 5, 6, 7, 8, 9, 10, 11, 14, 15, 16]]
[[2, 4, 8, 20, 52, 52], [0, 1, 2, 3, 5, 6, 9, 11, 12, 13, 14, 15, 16, 17, 19]]
[[2, 4, 8, 20, 52, 52], [0, 1, 3, 6, 8, 11, 12, 15, 17, 18, 19]]
[[2, 4, 8, 20, 52, 52], [0, 3, 4, 6, 10, 15, 16, 17, 19]]
[[2, 4, 8, 20, 52, 52], [0, 1, 3, 4, 6, 8, 9, 11, 14, 15, 16]]
[[2, 4, 8, 20, 52, 52], [0, 1, 3, 4, 5, 8, 10, 12, 14, 15, 16, 17, 19]]
[[2, 4, 8, 20, 52, 52], [0, 1, 4, 6, 9, 10, 11, 12, 14, 15, 17, 18, 19]]
[[2, 4, 8, 20, 52, 52], [0, 1, 4, 6, 8, 9, 10, 11, 12, 13, 14, 15, 16, 17, 19]]
[[2, 4, 8, 20, 52, 52], [0, 1, 3, 6, 7, 8, 11, 15, 17, 18, 19]]
[[2, 4, 8, 20, 52, 52], [0, 1, 2, 3, 4, 6, 7, 9, 11, 12, 13, 15, 19]]
[[2, 4, 8, 20, 52, 52], [0, 3, 7, 8, 9, 11, 14, 15, 16]]
[[2, 4, 8, 20, 52, 52], [0, 3, 4, 6, 7, 8, 9, 10, 14, 15, 17, 18, 19]]
[[2, 4, 8, 20, 52, 52], [0, 1, 2, 3, 5, 6, 7, 11, 13, 15, 16, 17, 19]]
[[2, 4, 8, 20, 52, 52], [0, 4, 5, 6, 8, 12, 14, 15, 16, 17, 19]]
[[2, 4, 8, 20, 52, 52], [0, 3, 5, 7, 8, 9, 11, 12, 13, 15, 19]]
[[2, 4, 8, 20, 52, 52], [0, 1, 3, 4, 5, 8, 10, 11, 12, 13, 14, 15, 19]]
[[2, 4, 8, 20, 52, 52], [0, 3, 4, 15, 16, 17, 19]]
[[2, 4, 8, 20, 52, 52], [0, 1, 2, 4, 5, 6, 7, 8, 10, 11, 13, 15, 16, 17, 19]]
[[2, 4, 8, 20, 52, 52], [0, 1, 5, 6, 10, 11, 12, 13, 14, 15, 19]]
[[2, 4, 8, 20, 52, 52], [0, 3, 4, 15, 17, 18, 19]]
[[2, 4, 8, 20, 52, 52], [0, 1, 2, 4, 5, 6, 7, 9, 10, 11, 14, 15, 17, 18, 19]]
[[2, 4, 8, 20, 52, 52], [0, 1, 2, 3, 4, 5, 8, 9, 10, 12, 14, 15, 17, 18, 19]]
[[2, 4, 8, 20, 12, 100], [0, 3, 4, 7, 9, 12, 14, 15, 16]]
[[2, 4, 8, 20, 12, 100], [0, 1, 3, 4, 5, 7, 10, 12, 14, 15, 19]]
[[2, 4, 8, 20, 12, 100], [0, 1, 2, 3, 4, 5, 7, 9, 10, 12, 14, 15, 16]]
[[2, 4, 8, 20, 12, 100], [0, 3, 4, 7, 12, 15, 19]]
[[2, 4, 8, 20, 57, 52], [0, 1, 3, 8, 9, 10, 11, 12, 14, 15, 16]]
[[2, 4, 8, 20, 57, 52], [0, 2, 5, 6, 8, 9, 11, 12, 14, 15, 16]]
[[2, 4, 8, 20, 57, 52], [0, 2, 5, 6, 7, 9, 11, 13, 14, 15, 19]]
[[2, 4, 8, 20, 57, 52], [0, 3, 4, 7, 8, 9, 11, 13, 14, 15, 19]]
[[2, 4, 8, 20, 57, 52], [0, 2, 3, 4, 5, 6, 7, 8, 9, 10, 11, 12, 14, 15, 16]]
[[2, 4, 8, 20, 57, 52], [0, 1, 2, 3, 5, 8, 10, 11, 13, 15, 19]]
[[2, 4, 8, 20, 57, 52], [0, 2, 3, 4, 5, 6, 10, 11, 13, 15, 19]]
[[2, 4, 8, 20, 57, 52], [0, 3, 4, 7, 8, 9, 11, 12, 14, 15, 16]]
[[2, 4, 8, 20, 47, 28], [0, 6, 7, 9, 12, 13, 14, 15, 17, 18, 19]]
[[2, 4, 8, 20, 47, 28], [0, 1, 2, 3, 4, 5, 9, 10, 12, 13, 14, 15, 16, 17, 19]]
[[2, 4, 8, 20, 47, 28], [0, 2, 3, 4, 5, 8, 9, 13, 14, 15, 17, 18, 19]]
[[2, 4, 8, 20, 47, 28], [0, 2, 3, 4, 5, 8, 13, 15, 16, 17, 19]]
[[2, 4, 8, 20, 47, 28], [0, 2, 3, 5, 6, 10, 13, 15, 16, 17, 19]]
[[2, 4, 8, 20, 47, 28], [0, 6, 8, 9, 12, 13, 14, 15, 16, 17, 19]]
[[2, 4, 8, 20, 47, 28], [0, 2, 3, 6, 7, 8, 9, 10, 13, 15, 17, 18, 19]]
[[2, 4, 8, 20, 47, 28], [0, 1, 3, 4, 5, 9, 10, 12, 13, 15, 17, 18, 19]]
[[2, 4, 8, 20, 52, 28], [0, 1, 2, 4, 5, 6, 7, 8, 10, 11, 12, 15, 16, 17, 19]]
[[2, 4, 8, 20, 52, 28], [0, 1, 2, 3, 6, 11, 14, 15, 16, 17, 19]]
[[2, 4, 8, 20, 52, 28], [0, 2, 4, 5, 6, 7, 8, 11, 12, 15, 16, 17, 19]]
[[2, 4, 8, 20, 52, 28], [0, 2, 3, 5, 6, 7, 8, 9, 10, 11, 12, 13, 14, 15, 17, 18, 19]]
[[2, 4, 8, 20, 52, 28], [0, 2, 4, 6, 9, 11, 13, 15, 17, 18, 19]]
[[2, 4, 8, 20, 52, 28], [0, 1, 4, 6, 9, 10, 11, 13, 14, 15, 17, 18, 19]]
[[2, 4, 8, 20, 52, 28], [0, 1, 3, 5, 6, 7, 8, 9, 11, 12, 13, 15, 17, 18, 19]]
[[2, 4, 8, 20, 52, 28], [0, 2, 3, 6, 10, 11, 14, 15, 16, 17, 19]]
[[2, 4, 8, 20, 37, 40], [0, 2, 3, 5, 6, 7, 8, 10, 11, 15, 17, 18, 19]]
[[2, 4, 8, 20, 37, 40], [0, 2, 3, 5, 6, 8, 10, 11, 12, 15, 17, 18, 19]]
[[2, 4, 8, 20, 37, 40], [0, 4, 5, 6, 8, 9, 11, 12, 13, 15, 16, 17, 19]]
[[2, 4, 8, 20, 37, 40], [0, 2, 3, 6, 7, 10, 11, 13, 14, 15, 16, 17, 19]]
[[2, 4, 8, 20, 37, 40], [0, 2, 3, 6, 9, 10, 11, 12, 13, 15, 16, 17, 19]]
[[2, 4, 8, 20, 37, 40], [0, 4, 6, 7, 9, 11, 14, 15, 17, 18, 19]]
[[2, 4, 8, 20, 37, 40], [0, 2, 4, 5, 6, 9, 11, 12, 14, 15, 17, 18, 19]]
[[2, 4, 8, 20, 37, 40], [0, 2, 4, 6, 7, 8, 11, 13, 14, 15, 16, 17, 19]]
[[2, 4, 8, 20, 42, 76], [0, 1, 3, 6, 7, 8, 9, 11, 14, 15, 17, 18, 19]]
[[2, 4, 8, 20, 42, 76], [0, 1, 2, 3, 5, 6, 8, 9, 11, 12, 14, 15, 17, 18, 19]]
[[2, 4, 8, 20, 42, 76], [0, 1, 2, 4, 5, 6, 8, 10, 11, 12, 13, 15, 16, 17, 19]]
[[2, 4, 8, 20, 42, 76], [0, 1, 3, 6, 7, 9, 11, 13, 14, 15, 16, 17, 19]]
[[2, 4, 8, 20, 42, 76], [0, 1, 2, 4, 5, 6, 7, 8, 9, 10, 11, 13, 14, 15, 16, 17, 19]]
[[2, 4, 8, 20, 42, 76], [0, 1, 4, 6, 10, 11, 12, 15, 17, 18, 19]]
[[2, 4, 8, 20, 42, 76], [0, 1, 2, 3, 5, 6, 11, 12, 13, 15, 16, 17, 19]]
[[2, 4, 8, 20, 42, 76], [0, 1, 4, 6, 7, 10, 11, 15, 17, 18, 19]]
[[2, 4, 8, 20, 42, 64], [0, 1, 2, 6, 10, 13, 14, 15, 16, 17, 18]]
[[2, 4, 8, 20, 42, 64], [0, 1, 4, 6, 8, 10, 11, 12, 13, 15, 16, 17, 19]]
[[2, 4, 8, 20, 42, 64], [0, 1, 2, 3, 5, 6, 7, 9, 11, 13, 14, 15, 16, 17, 19]]
[[2, 4, 8, 20, 42, 64], [0, 1, 2, 4, 5, 6, 10, 11, 12, 15, 17, 18, 19]]
[[2, 4, 8, 20, 42, 64], [0, 1, 3, 5, 6, 8, 12, 13, 14, 15, 16, 17, 18]]
[[2, 4, 8, 20, 42, 64], [0, 1, 6, 7, 8, 9, 10, 13, 14, 15, 17]]
[[2, 4, 8, 20, 42, 64], [0, 1, 2, 3, 4, 5, 7, 9, 10, 13, 14, 15, 17]]
[[2, 4, 8, 20, 42, 64], [0, 1, 2, 4, 5, 6, 7, 10, 11, 15, 17, 18, 19]]
[[2, 4, 8, 20, 42, 64], [0, 2, 3, 4, 7, 8, 12, 13, 14, 15, 17]]
[[2, 4, 8, 20, 42, 64], [0, 1, 2, 3, 6, 7, 12, 13, 14, 15, 17]]
[[2, 4, 8, 20, 42, 64], [0, 1, 2, 3, 5, 6, 7, 8, 9, 11, 14, 15, 17, 18, 19]]
[[2, 4, 8, 20, 42, 64], [0, 1, 3, 6, 8, 9, 11, 12, 14, 15, 17, 18, 19]]
[[2, 4, 8, 20, 42, 64], [0, 2, 3, 4, 7, 8, 12, 13, 14, 15, 16, 17, 18]]
[[2, 4, 8, 20, 42, 64], [0, 1, 3, 6, 11, 12, 13, 15, 16, 17, 19]]
[[2, 4, 8, 20, 42, 64], [0, 1, 3, 4, 5, 7, 10, 13, 14, 15, 16, 17, 18]]
[[2, 4, 8, 20, 42, 64], [0, 1, 4, 6, 7, 8, 9, 10, 11, 13, 14, 15, 16, 17, 19]]
[[2, 4, 8, 20, 22, 88], [0, 1, 2, 6, 8, 9, 10, 12, 13, 15, 16, 18, 19]]
[[2, 4, 8, 20, 22, 88], [0, 4, 5, 6, 7, 9, 13, 15, 16, 18, 19]]
[[2, 4, 8, 20, 22, 88], [0, 1, 3, 6, 8, 9, 12, 13, 14, 15, 16, 18, 19]]
[[2, 4, 8, 20, 22, 88], [0, 4, 6, 8, 9, 13, 14, 15, 18]]
[[2, 4, 8, 20, 22, 88], [0, 2, 3, 4, 5, 6, 7, 9, 10, 13, 14, 15, 16, 18, 19]]
[[2, 4, 8, 20, 22, 88], [0, 1, 2, 3, 5, 6, 7, 9, 12, 13, 14, 15, 18]]
[[2, 4, 8, 20, 22, 88], [0, 1, 6, 7, 9, 10, 12, 13, 14, 15, 18]]
[[2, 4, 8, 20, 22, 88], [0, 2, 3, 4, 5, 6, 8, 9, 10, 13, 14, 15, 18]]
[[2, 4, 8, 36, 52, 52], [0, 2, 3, 5, 6, 7, 8, 9, 10, 11, 12, 13, 14, 15, 16, 17, 18]]
[[2, 4, 8, 36, 52, 52], [0, 1, 4, 5, 7, 9, 11, 12, 13, 15, 19]]
[[2, 4, 8, 36, 52, 52], [0, 2, 10, 11, 14, 15, 16]]
[[2, 4, 8, 36, 52, 52], [0, 4, 6, 9, 11, 13, 14, 15, 16, 17, 18]]
[[2, 4, 8, 36, 52, 52], [0, 2, 3, 4, 6, 7, 10, 11, 14, 15, 16]]
[[2, 4, 8, 36, 52, 52], [0, 1, 2, 4, 7, 11, 14, 15, 16]]
[[2, 4, 8, 36, 52, 52], [0, 2, 3, 6, 10, 11, 14, 15, 17]]
[[2, 4, 8, 36, 52, 52], [0, 2, 3, 4, 6, 8, 10, 11, 12, 13, 14, 15, 19]]
[[2, 4, 8, 36, 52, 52], [0, 4, 5, 6, 7, 8, 11, 12, 14, 15, 17]]
[[2, 4, 8, 36, 52, 52], [0, 2, 10, 11, 12, 13, 14, 15, 19]]
[[2, 4, 8, 36, 52, 52], [0, 2, 6, 7, 8, 9, 11, 12, 13, 15, 19]]
[[2, 4, 8, 36, 52, 52], [0, 2, 6, 11, 14, 15, 16]]
[[2, 4, 8, 36, 32, 100], [0, 3, 4, 6, 7, 9, 10, 11, 14, 15, 16]]
[[2, 4, 8, 36, 32, 100], [0, 1, 4, 7, 11, 12, 13, 15, 19]]
[[2, 4, 8, 36, 32, 100], [0, 3, 4, 6, 8, 9, 10, 11, 12, 13, 14, 15, 19]]
[[2, 4, 8, 36, 32, 100], [0, 1, 2, 4, 5, 7, 9, 11, 14, 15, 16]]
[[2, 4, 8, 36, 32, 100], [0, 2, 5, 9, 10, 11, 14, 15, 16]]
[[2, 4, 8, 36, 32, 100], [0, 2, 5, 9, 10, 11, 12, 13, 14, 15, 19]]
[[2, 4, 8, 36, 32, 100], [0, 6, 7, 8, 11, 12, 13, 15, 19]]
[[2, 4, 8, 36, 32, 100], [0, 6, 9, 11, 14, 15, 16]]
[[2, 4, 8, 36, 52, 76], [0, 2, 3, 4, 6, 9, 10, 12, 13, 15, 19]]
[[2, 4, 8, 36, 52, 76], [0, 1, 2, 5, 6, 7, 9, 10, 12, 13, 14, 15, 16]]
[[2, 4, 8, 36, 52, 76], [0, 1, 3, 5, 6, 8, 12, 13, 14, 15, 19]]
[[2, 4, 8, 36, 52, 76], [0, 4, 5, 6, 12, 13, 14, 15, 19]]
[[2, 4, 8, 36, 52, 76], [0, 4, 6, 7, 8, 9, 12, 13, 14, 15, 16]]
[[2, 4, 8, 36, 52, 76], [0, 2, 3, 4, 6, 7, 8, 10, 12, 13, 14, 15, 16]]
[[2, 4, 8, 36, 52, 76], [0, 1, 2, 3, 6, 7, 12, 13, 14, 15, 16]]
[[2, 4, 8, 36, 52, 76], [0, 1, 5, 6, 8, 9, 10, 12, 13, 15, 19]]
[[2, 4, 8, 36, 37, 100], [0, 1, 2, 3, 5, 7, 10, 11, 13, 15, 19]]
[[2, 4, 8, 36, 37, 100], [0, 1, 3, 6, 8, 9, 11, 13, 14, 15, 19]]
[[2, 4, 8, 36, 37, 100], [0, 2, 3, 4, 5, 9, 11, 13, 14, 15, 19]]
[[2, 4, 8, 36, 37, 100], [0, 1, 2, 3, 5, 6, 7, 9, 11, 12, 14, 15, 16]]
[[2, 4, 8, 36, 37, 100], [0, 1, 3, 7, 9, 10, 11, 12, 14, 15, 16]]
[[2, 4, 8, 36, 37, 100], [0, 1, 4, 6, 9, 10, 11, 12, 14, 15, 16]]
[[2, 4, 8, 36, 37, 100], [0, 1, 2, 4, 5, 6, 7, 8, 10, 11, 13, 15, 19]]
[[2, 4, 8, 36, 37, 100], [0, 2, 3, 4, 5, 9, 11, 12, 14, 15, 16]]
[[2, 4, 8, 36, 37, 76], [0, 2, 3, 6, 7, 9, 10, 11, 13, 15, 19]]
[[2, 4, 8, 36, 37, 76], [0, 1, 2, 8, 11, 13, 14, 15, 19]]
[[2, 4, 8, 36, 37, 76], [0, 2, 4, 6, 11, 13, 14, 15, 19]]
[[2, 4, 8, 36, 37, 76], [0, 2, 3, 5, 6, 8, 9, 10, 11, 12, 14, 15, 16]]
[[2, 4, 8, 36, 37, 76], [0, 1, 8, 9, 11, 12, 14, 15, 16]]
[[2, 4, 8, 36, 37, 76], [0, 4, 7, 8, 9, 10, 11, 12, 14, 15, 16]]
[[2, 4, 8, 36, 37, 76], [0, 2, 4, 5, 6, 7, 8, 9, 11, 12, 14, 15, 16]]
[[2, 4, 8, 36, 37, 76], [0, 4, 5, 7, 8, 9, 10, 11, 13, 15, 19]]
[[2, 4, 8, 36, 47, 64], [0, 1, 2, 4, 5, 6, 10, 15, 17, 18, 19]]
[[2, 4, 8, 36, 47, 64], [0, 2, 3, 4, 5, 7, 8, 9, 14, 15, 17, 18, 19]]
[[2, 4, 8, 36, 47, 64], [0, 1, 4, 6, 7, 8, 9, 10, 14, 15, 16, 17, 19]]
[[2, 4, 8, 36, 47, 64], [0, 1, 3, 4, 6, 8, 9, 12, 14, 15, 17, 18, 19]]
[[2, 4, 8, 36, 47, 64], [0, 1, 3, 4, 5, 7, 9, 10, 12, 15, 16, 17, 19]]
[[2, 4, 8, 36, 47, 64], [0, 1, 2, 3, 4, 5, 7, 10, 12, 15, 17, 18, 19]]
[[2, 4, 8, 36, 47, 64], [0, 1, 2, 3, 4, 6, 7, 9, 12, 15, 16, 17, 19]]
[[2, 4, 8, 36, 47, 64], [0, 2, 3, 4, 5, 7, 8, 9, 14, 15, 16, 17, 19]]
[[2, 4, 8, 36, 37, 88], [0, 1, 5, 6, 9, 10, 11, 15, 16, 17, 19]]
[[2, 4, 8, 36, 37, 88], [0, 1, 2, 5, 6, 7, 8, 10, 11, 12, 13, 15, 17, 18, 19]]
[[2, 4, 8, 36, 37, 88], [0, 1, 3, 4, 6, 7, 8, 9, 11, 12, 14, 15, 16, 17, 19]]
[[2, 4, 8, 36, 37, 88], [0, 1, 2, 3, 4, 6, 11, 13, 14, 15, 17, 18, 19]]
[[2, 4, 8, 36, 37, 88], [0, 2, 3, 4, 5, 6, 7, 8, 9, 10, 11, 12, 14, 15, 16, 17, 19]]
[[2, 4, 8, 36, 37, 88], [0, 2, 3, 4, 5, 6, 10, 11, 13, 15, 17, 18, 19]]
[[2, 4, 8, 36, 37, 88], [0, 2, 6, 9, 11, 15, 16, 17, 19]]
[[2, 4, 8, 36, 37, 88], [0, 2, 6, 7, 8, 11, 12, 13, 14, 15, 17, 18, 19]]
[[2, 4, 8, 8, 42, 52], [0, 6, 7, 15, 16, 17, 19]]
[[2, 4, 8, 8, 42, 52], [0, 1, 3, 7, 10, 15, 16, 17, 19]]
[[2, 4, 8, 8, 42, 52], [0, 6, 8, 15, 17, 18, 19]]
[[2, 4, 8, 8, 42, 52], [0, 3, 7, 8, 12, 15, 17, 18, 19]]
[[2, 4, 8, 8, 42, 52], [0, 3, 5, 7, 8, 12, 14, 15, 16, 17, 19]]
[[2, 4, 8, 8, 42, 52], [0, 3, 5, 6, 7, 8, 10, 12, 14, 15, 16, 17, 19]]
[[2, 4, 8, 8, 42, 52], [0, 1, 2, 3, 5, 7, 9, 10, 14, 15, 17, 18, 19]]
[[2, 4, 8, 8, 42, 52], [0, 3, 6, 9, 10, 12, 14, 15, 17, 18, 19]]
[[2, 4, 8, 32, 52, 64], [0, 3, 5, 11, 12, 13, 14, 15, 16]]
[[2, 4, 8, 32, 52, 64], [0, 2, 3, 5, 12, 15, 17, 18, 19]]
[[2, 4, 8, 32, 52, 64], [0, 1, 6, 7, 8, 9, 10, 12, 14, 15, 17, 18, 19]]
[[2, 4, 8, 32, 52, 64], [0, 1, 4, 5, 6, 8, 10, 11, 12, 13, 14, 15, 16]]
[[2, 4, 8, 32, 52, 64], [0, 1, 3, 4, 7, 9, 10, 11, 12, 13, 14, 15, 16]]
[[2, 4, 8, 32, 52, 64], [0, 1, 2, 3, 4, 7, 10, 11, 14, 15, 19]]
[[2, 4, 8, 32, 52, 64], [0, 1, 3, 6, 8, 15, 16, 17, 19]]
[[2, 4, 8, 32, 52, 64], [0, 2, 3, 12, 14, 15, 16, 17, 19]]
[[2, 4, 8, 32, 52, 64], [0, 1, 2, 6, 10, 12, 14, 15, 16, 17, 19]]
[[2, 4, 8, 32, 52, 64], [0, 3, 11, 15, 19]]
[[2, 4, 8, 32, 52, 64], [0, 1, 2, 3, 5, 6, 7, 8, 9, 11, 12, 13, 14, 15, 16]]
[[2, 4, 8, 32, 52, 64], [0, 1, 3, 6, 11, 15, 19]]
[[2, 4, 8, 32, 52, 64], [0, 1, 2, 4, 6, 7, 10, 11, 14, 15, 19]]
[[2, 4, 8, 32, 52, 64], [0, 1, 2, 3, 5, 6, 7, 15, 17, 18, 19]]
[[2, 4, 8, 32, 52, 64], [0, 1, 2, 3, 5, 8, 9, 10, 14, 15, 17, 18, 19]]
[[2, 4, 8, 32, 52, 64], [0, 1, 3, 8, 10, 15, 16, 17, 19]]
[[2, 4, 8, 32, 57, 64], [0, 1, 3, 9, 10, 11, 12, 13, 14, 15, 16]]
[[2, 4, 8, 32, 57, 64], [0, 2, 4, 6, 7, 9, 11, 15, 19]]
[[2, 4, 8, 32, 57, 64], [0, 3, 4, 5, 7, 11, 12, 13, 14, 15, 16]]
[[2, 4, 8, 32, 57, 64], [0, 3, 6, 9, 10, 11, 14, 15, 19]]
[[2, 4, 8, 32, 57, 64], [0, 1, 2, 3, 5, 9, 10, 11, 14, 15, 19]]
[[2, 4, 8, 32, 57, 64], [0, 3, 5, 6, 7, 8, 10, 11, 12, 13, 14, 15, 16]]
[[2, 4, 8, 32, 57, 64], [0, 2, 4, 5, 6, 8, 9, 11, 12, 13, 14, 15, 16]]
[[2, 4, 8, 32, 57, 64], [0, 3, 4, 5, 7, 9, 11, 15, 19]]
[[2, 4, 8, 32, 22, 76], [0, 1, 2, 3, 7, 10, 14, 15, 16, 17, 19]]
[[2, 4, 8, 32, 22, 76], [0, 1, 3, 5, 7, 9, 10, 15, 17, 18, 19]]
[[2, 4, 8, 32, 22, 76], [0, 2, 6, 8, 14, 15, 17, 18, 19]]
[[2, 4, 8, 32, 22, 76], [0, 2, 3, 7, 8, 12, 14, 15, 17, 18, 19]]
[[2, 4, 8, 32, 22, 76], [0, 2, 3, 5, 7, 8, 12, 15, 16, 17, 19]]
[[2, 4, 8, 32, 22, 76], [0, 2, 3, 6, 9, 10, 12, 15, 17, 18, 19]]
[[2, 4, 8, 32, 22, 76], [0, 2, 3, 5, 6, 7, 8, 10, 12, 15, 16, 17, 19]]
[[2, 4, 8, 32, 22, 76], [0, 2, 6, 7, 14, 15, 16, 17, 19]]
[[2, 4, 8, 32, 42, 76], [0, 1, 7, 9, 14, 15, 17]]
[[2, 4, 8, 32, 42, 76], [0, 1, 3, 6, 8, 9, 14, 15, 16, 17, 18]]
[[2, 4, 8, 32, 42, 76], [0, 1, 2, 7, 14, 15, 16, 17, 18]]
[[2, 4, 8, 32, 42, 76], [0, 1, 6, 7, 8, 9, 10, 12, 14, 15, 17]]
[[2, 4, 8, 32, 42, 76], [0, 1, 2, 3, 5, 6, 7, 9, 14, 15, 17]]
[[2, 4, 8, 32, 42, 76], [0, 1, 2, 6, 10, 12, 14, 15, 16, 17, 18]]
[[2, 4, 8, 32, 42, 76], [0, 2, 5, 7, 8, 9, 10, 12, 14, 15, 16, 17, 18]]
[[2, 4, 8, 32, 42, 76], [0, 2, 5, 7, 8, 9, 10, 12, 14, 15, 17]]
[[2, 4, 8, 32, 47, 52], [0, 6, 13, 15, 16, 18, 19]]
[[2, 4, 8, 32, 47, 52], [0, 6, 7, 8, 9, 13, 14, 15, 18]]
[[2, 4, 8, 32, 47, 52], [0, 2, 4, 6, 7, 8, 12, 13, 14, 15, 16, 18, 19]]
[[2, 4, 8, 32, 47, 52], [0, 2, 3, 5, 6, 7, 8, 9, 10, 13, 14, 15, 18]]
[[2, 4, 8, 32, 47, 52], [0, 3, 4, 6, 9, 10, 12, 13, 14, 15, 18]]
[[2, 4, 8, 32, 47, 52], [0, 2, 3, 6, 10, 13, 14, 15, 16, 18, 19]]
[[2, 4, 8, 32, 47, 52], [0, 3, 4, 6, 7, 8, 10, 12, 13, 15, 16, 18, 19]]
[[2, 4, 8, 32, 47, 52], [0, 2, 4, 5, 6, 9, 12, 13, 14, 15, 18]]
[[2, 4, 8, 32, 62, 52], [0, 1, 6, 7, 8, 9, 10, 12, 14, 15, 18]]
[[2, 4, 8, 32, 62, 52], [0, 2, 6, 7, 14, 15, 16, 18, 19]]
[[2, 4, 8, 32, 62, 52], [0, 2, 3, 5, 6, 8, 9, 10, 14, 15, 18]]
[[2, 4, 8, 32, 62, 52], [0, 1, 2, 3, 6, 7, 8, 12, 14, 15, 18]]
[[2, 4, 8, 32, 62, 52], [0, 1, 2, 6, 10, 12, 14, 15, 16, 18, 19]]
[[2, 4, 8, 32, 62, 52], [0, 1, 3, 5, 6, 9, 12, 15, 16, 18, 19]]
[[2, 4, 8, 32, 62, 52], [0, 2, 3, 6, 7, 9, 10, 15, 16, 18, 19]]
[[2, 4, 8, 32, 62, 52], [0, 2, 6, 8, 14, 15, 18]]
[[2, 4, 8, 44, 47, 88], [0, 1, 3, 4, 6, 7, 9, 13, 14, 15, 18]]
[[2, 4, 8, 44, 47, 88], [0, 1, 4, 6, 7, 9, 10, 13, 14, 15, 18]]
[[2, 4, 8, 44, 47, 88], [0, 1, 2, 3, 5, 6, 8, 9, 12, 13, 14, 15, 18]]
[[2, 4, 8, 44, 47, 88], [0, 1, 2, 4, 5, 6, 8, 9, 10, 13, 14, 15, 16, 18, 19]]
[[2, 4, 8, 44, 47, 88], [0, 1, 3, 6, 7, 9, 12, 13, 14, 15, 16, 18, 19]]
[[2, 4, 8, 44, 47, 88], [0, 1, 2, 3, 4, 6, 8, 9, 13, 15, 16, 18, 19]]
[[2, 4, 8, 44, 47, 88], [0, 1, 2, 5, 6, 8, 9, 10, 12, 13, 14, 15, 18]]
[[2, 4, 8, 44, 47, 88], [0, 1, 5, 6, 7, 9, 10, 12, 13, 15, 16, 18, 19]]
[[2, 4, 2, 12, 42, 40], [0, 3, 4, 8, 9, 13, 14, 15, 16]]
[[2, 4, 2, 12, 42, 40], [0, 1, 2, 3, 4, 5, 8, 9, 10, 13, 14, 15, 19]]
[[2, 4, 2, 12, 42, 40], [0, 3, 13, 15, 19]]
[[2, 4, 2, 12, 42, 40], [0, 1, 3, 9, 10, 13, 14, 15, 19]]
[[2, 4, 2, 12, 42, 40], [0, 3, 4, 8, 13, 15, 19]]
[[2, 4, 2, 12, 42, 40], [0, 3, 5, 13, 14, 15, 16]]
[[2, 4, 2, 12, 42, 40], [0, 1, 3, 4, 5, 8, 10, 13, 14, 15, 16]]
[[2, 4, 2, 12, 42, 40], [0, 1, 2, 3, 5, 9, 10, 13, 14, 15, 16]]
[[2, 4, 2, 28, 32, 52], [0, 2, 4, 6, 7, 13, 14, 15, 16]]
[[2, 4, 2, 28, 32, 52], [0, 2, 4, 5, 6, 8, 13, 15, 19]]
[[2, 4, 2, 28, 32, 52], [0, 2, 5, 6, 13, 15, 19]]
[[2, 4, 2, 28, 32, 52], [0, 2, 5, 6, 7, 8, 9, 13, 14, 15, 16]]
[[2, 4, 2, 28, 32, 52], [0, 2, 3, 5, 6, 9, 10, 13, 14, 15, 19]]
[[2, 4, 2, 28, 32, 52], [0, 3, 4, 6, 7, 9, 10, 13, 14, 15, 16]]
[[2, 4, 2, 28, 32, 52], [0, 3, 4, 6, 8, 9, 10, 13, 14, 15, 19]]
[[2, 4, 2, 28, 32, 52], [0, 2, 3, 6, 7, 8, 10, 13, 14, 15, 16]]
[[2, 4, 2, 28, 37, 64], [0, 2, 3, 4, 11, 12, 14, 15, 19]]
[[2, 4, 2, 28, 37, 64], [0, 2, 3, 6, 8, 10, 11, 13, 14, 15, 16]]
[[2, 4, 2, 28, 37, 64], [0, 1, 2, 3, 5, 7, 10, 11, 12, 15, 19]]
[[2, 4, 2, 28, 37, 64], [0, 2, 3, 4, 11, 13, 14, 15, 16]]
[[2, 4, 2, 28, 37, 64], [0, 2, 4, 5, 6, 7, 8, 9, 11, 13, 14, 15, 16]]
[[2, 4, 2, 28, 37, 64], [0, 1, 3, 7, 9, 10, 11, 13, 14, 15, 16]]
[[2, 4, 2, 28, 37, 64], [0, 2, 4, 6, 11, 12, 14, 15, 19]]
[[2, 4, 2, 28, 37, 64], [0, 2, 3, 5, 6, 7, 10, 11, 12, 15, 19]]
[[2, 4, 2, 28, 22, 88], [0, 1, 2, 3, 4, 8, 10, 11, 14, 15, 16]]
[[2, 4, 2, 28, 22, 88], [0, 3, 7, 8, 11, 12, 13, 15, 19]]
[[2, 4, 2, 28, 22, 88], [0, 1, 3, 4, 6, 7, 11, 12, 13, 15, 19]]
[[2, 4, 2, 28, 22, 88], [0, 1, 2, 3, 4, 6, 8, 11, 14, 15, 16]]
[[2, 4, 2, 28, 22, 88], [0, 3, 5, 7, 8, 11, 14, 15, 16]]
[[2, 4, 2, 28, 22, 88], [0, 1, 5, 6, 7, 8, 10, 11, 14, 15, 16]]
[[2, 4, 2, 28, 22, 88], [0, 1, 3, 4, 8, 9, 10, 11, 12, 13, 14, 15, 19]]
[[2, 4, 2, 28, 22, 88], [0, 1, 2, 5, 6, 9, 10, 11, 12, 13, 14, 15, 19]]
[[2, 4, 2, 28, 37, 40], [0, 3, 4, 6, 7, 8, 10, 15, 16, 18, 19]]
[[2, 4, 2, 28, 37, 40], [0, 1, 2, 3, 4, 6, 7, 12, 14, 15, 18]]
[[2, 4, 2, 28, 37, 40], [0, 2, 4, 6, 14, 15, 18]]
[[2, 4, 2, 28, 37, 40], [0, 1, 3, 4, 6, 8, 12, 15, 16, 18, 19]]
[[2, 4, 2, 28, 37, 40], [0, 2, 4, 5, 6, 7, 8, 9, 14, 15, 16, 18, 19]]
[[2, 4, 2, 28, 37, 40], [0, 1, 2, 4, 5, 6, 7, 9, 10, 12, 14, 15, 18]]
[[2, 4, 2, 28, 37, 40], [0, 3, 4, 6, 9, 10, 14, 15, 18]]
[[2, 4, 2, 28, 37, 40], [0, 1, 4, 6, 8, 9, 10, 12, 14, 15, 16, 18, 19]]
[[2, 4, 2, 24, 32, 64], [0, 1, 4, 6, 7, 9, 10, 11, 14, 15, 16, 17, 18]]
[[2, 4, 2, 24, 32, 64], [0, 3, 5, 6, 7, 8, 10, 11, 14, 15, 16, 17, 18]]
[[2, 4, 2, 24, 32, 64], [0, 3, 6, 9, 10, 11, 12, 13, 14, 15, 17]]
[[2, 4, 2, 24, 32, 64], [0, 2, 4, 5, 6, 9, 11, 12, 14, 15, 16, 17, 18]]
[[2, 4, 2, 24, 32, 64], [0, 1, 2, 4, 5, 6, 8, 9, 10, 11, 12, 13, 14, 15, 17]]
[[2, 4, 2, 24, 32, 64], [0, 2, 4, 6, 7, 8, 11, 13, 14, 15, 17]]
[[2, 4, 2, 24, 32, 64], [0, 1, 3, 5, 6, 8, 11, 12, 14, 15, 16, 17, 18]]
[[2, 4, 2, 24, 32, 64], [0, 1, 2, 3, 6, 7, 11, 13, 14, 15, 17]]
[[2, 4, 2, 24, 27, 52], [0, 1, 3, 8, 10, 12, 13, 15, 16, 18, 19]]
[[2, 4, 2, 24, 27, 52], [0, 3, 4, 7, 13, 15, 16, 18, 19]]
[[2, 4, 2, 24, 27, 52], [0, 2, 3, 5, 8, 9, 12, 13, 14, 15, 18]]
[[2, 4, 2, 24, 27, 52], [0, 1, 2, 3, 4, 7, 10, 13, 14, 15, 16, 18, 19]]
[[2, 4, 2, 24, 27, 52], [0, 2, 3, 8, 12, 13, 14, 15, 16, 18, 19]]
[[2, 4, 2, 24, 27, 52], [0, 1, 2, 3, 5, 8, 9, 10, 12, 13, 14, 15, 18]]
[[2, 4, 2, 24, 27, 52], [0, 3, 4, 7, 9, 13, 14, 15, 18]]
[[2, 4, 2, 24, 27, 52], [0, 1, 3, 4, 7, 9, 10, 13, 14, 15, 18]]
[[2, 4, 2, 16, 32, 52], [0, 2, 6, 8, 14, 15, 16, 17, 18]]
[[2, 4, 2, 16, 32, 52], [0, 2, 6, 7, 14, 15, 19]]
[[2, 4, 2, 16, 32, 52], [0, 1, 2, 3, 6, 7, 14, 15, 19]]
[[2, 4, 2, 16, 32, 52], [0, 3, 5, 6, 8, 10, 14, 15, 16]]
[[2, 4, 2, 16, 32, 52], [0, 1, 6, 7, 10, 15, 19]]
[[2, 4, 2, 16, 32, 52], [0, 1, 3, 5, 7, 8, 10, 12, 14, 15, 17]]
[[2, 4, 2, 16, 32, 52], [0, 1, 3, 5, 6, 8, 14, 15, 16]]
[[2, 4, 2, 16, 32, 52], [0, 3, 6, 7, 10, 15, 19]]
[[2, 4, 2, 16, 32, 52], [0, 3, 6, 9, 10, 12, 14, 15, 16, 17, 18]]
[[2, 4, 2, 16, 32, 52], [0, 2, 6, 8, 14, 15, 16]]
[[2, 4, 2, 16, 32, 52], [0, 2, 3, 7, 14, 15, 17]]
[[2, 4, 2, 16, 32, 52], [0, 1, 2, 6, 8, 10, 14, 15, 16]]
[[2, 4, 2, 16, 32, 52], [0, 3, 5, 6, 7, 8, 10, 12, 14, 15, 17]]
[[2, 4, 2, 16, 32, 52], [0, 2, 3, 5, 7, 9, 14, 15, 16, 17, 18]]
[[2, 4, 2, 16, 32, 52], [0, 2, 6, 7, 14, 15, 17]]
[[2, 4, 2, 16, 32, 52], [0, 1, 2, 3, 7, 8, 10, 12, 14, 15, 16, 17, 18]]
[[2, 4, 2, 16, 27, 76], [0, 4, 6, 7, 8, 9, 11, 13, 14, 15, 17]]
[[2, 4, 2, 16, 27, 76], [0, 1, 4, 5, 6, 7, 10, 11, 14, 15, 16, 17, 18]]
[[2, 4, 2, 16, 27, 76], [0, 1, 2, 3, 5, 6, 7, 9, 11, 13, 14, 15, 17]]
[[2, 4, 2, 16, 27, 76], [0, 1, 2, 4, 6, 8, 10, 11, 12, 13, 14, 15, 17]]
[[2, 4, 2, 16, 27, 76], [0, 2, 3, 5, 6, 7, 8, 9, 10, 11, 14, 15, 16, 17, 18]]
[[2, 4, 2, 16, 27, 76], [0, 1, 3, 6, 8, 9, 11, 12, 14, 15, 16, 17, 18]]
[[2, 4, 2, 16, 27, 76], [0, 4, 5, 6, 11, 12, 14, 15, 16, 17, 18]]
[[2, 4, 2, 16, 27, 76], [0, 2, 3, 6, 10, 11, 12, 13, 14, 15, 17]]
[[2, 4, 2, 40, 22, 40], [0, 1, 3, 8, 9, 10, 14, 15, 16]]
[[2, 4, 2, 40, 22, 40], [0, 1, 2, 3, 5, 8, 10, 15, 19]]
[[2, 4, 2, 40, 22, 40], [0, 2, 3, 8, 14, 15, 19]]
[[2, 4, 2, 40, 22, 40], [0, 2, 3, 5, 8, 9, 14, 15, 16]]
[[2, 4, 2, 40, 32, 52], [0, 1, 3, 6, 7, 9, 14, 15, 16, 18, 19]]
[[2, 4, 2, 40, 32, 52], [0, 2, 3, 6, 7, 8, 10, 12, 14, 15, 18]]
[[2, 4, 2, 40, 32, 52], [0, 1, 6, 7, 10, 15, 16, 18, 19]]
[[2, 4, 2, 40, 32, 52], [0, 6, 7, 8, 9, 12, 14, 15, 18]]
[[2, 4, 2, 40, 32, 52], [0, 6, 12, 15, 16, 18, 19]]
[[2, 4, 2, 40, 32, 52], [0, 1, 2, 3, 5, 6, 8, 9, 14, 15, 18]]
[[2, 4, 2, 40, 32, 52], [0, 2, 3, 5, 6, 9, 10, 12, 14, 15, 16, 18, 19]]
[[2, 4, 2, 40, 32, 52], [0, 1, 2, 6, 8, 10, 14, 15, 18]]
[[2, 4, 2, 20, 27, 64], [0, 2, 5, 6, 7, 8, 11, 15, 19]]
[[2, 4, 2, 20, 27, 64], [0, 1, 2, 3, 4, 8, 10, 11, 14, 15, 19]]
[[2, 4, 2, 20, 27, 64], [0, 2, 5, 6, 9, 11, 12, 13, 14, 15, 16]]
[[2, 4, 2, 20, 27, 64], [0, 2, 3, 4, 6, 8, 10, 11, 14, 15, 19]]
[[2, 4, 2, 20, 27, 64], [0, 2, 3, 4, 6, 7, 10, 11, 12, 13, 14, 15, 16]]
[[2, 4, 2, 20, 27, 64], [0, 1, 3, 4, 8, 9, 10, 11, 12, 13, 14, 15, 16]]
[[2, 4, 2, 20, 27, 64], [0, 2, 3, 5, 7, 8, 11, 15, 19]]
[[2, 4, 2, 20, 27, 64], [0, 2, 3, 7, 8, 11, 12, 13, 14, 15, 16]]
[[2, 4, 2, 20, 42, 64], [0, 1, 3, 4, 5, 7, 10, 13, 14, 15, 17]]
[[2, 4, 2, 20, 42, 64], [0, 1, 2, 3, 5, 6, 7, 9, 12, 13, 14, 15, 17]]
[[2, 4, 2, 20, 42, 64], [0, 1, 2, 3, 4, 5, 7, 9, 10, 13, 14, 15, 16, 17, 18]]
[[2, 4, 2, 20, 42, 64], [0, 1, 2, 5, 6, 9, 10, 13, 14, 15, 16, 17, 18]]
[[2, 4, 2, 20, 42, 64], [0, 1, 3, 6, 8, 9, 12, 13, 14, 15, 16, 17, 18]]
[[2, 4, 2, 20, 42, 64], [0, 3, 4, 7, 8, 9, 12, 13, 14, 15, 17]]
[[2, 4, 2, 20, 42, 64], [0, 1, 5, 6, 7, 8, 10, 13, 14, 15, 17]]
[[2, 4, 2, 20, 42, 64], [0, 3, 4, 7, 8, 9, 12, 13, 14, 15, 16, 17, 18]]
[[2, 4, 2, 20, 32, 40], [0, 1, 3, 5, 6, 7, 11, 12, 14, 15, 16, 17, 18]]
[[2, 4, 2, 20, 32, 40], [0, 1, 4, 6, 7, 9, 10, 11, 12, 13, 14, 15, 17]]
[[2, 4, 2, 20, 32, 40], [0, 1, 3, 4, 6, 7, 8, 9, 11, 12, 14, 15, 16, 17, 18]]
[[2, 4, 2, 20, 32, 40], [0, 1, 2, 3, 4, 6, 11, 13, 14, 15, 17]]
[[2, 4, 2, 20, 32, 40], [0, 1, 2, 5, 6, 7, 8, 9, 10, 11, 12, 13, 14, 15, 17]]
[[2, 4, 2, 20, 32, 40], [0, 1, 5, 6, 10, 11, 14, 15, 16, 17, 18]]
[[2, 4, 2, 20, 32, 40], [0, 1, 2, 4, 5, 6, 8, 9, 10, 11, 14, 15, 16, 17, 18]]
[[2, 4, 2, 20, 32, 40], [0, 1, 2, 3, 6, 8, 11, 13, 14, 15, 17]]
[[2, 4, 2, 36, 22, 64], [0, 1, 3, 4, 6, 7, 12, 15, 19]]
[[2, 4, 2, 36, 22, 64], [0, 1, 2, 4, 6, 8, 10, 12, 14, 15, 16]]
[[2, 4, 2, 36, 22, 64], [0, 1, 4, 5, 6, 7, 10, 12, 14, 15, 19]]
[[2, 4, 2, 36, 22, 64], [0, 1, 2, 3, 4, 6, 8, 12, 14, 15, 16]]
[[2, 4, 2, 36, 32, 64], [0, 4, 5, 6, 14, 15, 16, 17, 18]]
[[2, 4, 2, 36, 32, 64], [0, 2, 3, 4, 5, 7, 8, 9, 14, 15, 16, 17, 18]]
[[2, 4, 2, 36, 32, 64], [0, 1, 3, 4, 5, 7, 10, 12, 14, 15, 16, 17, 18]]
[[2, 4, 2, 36, 32, 64], [0, 2, 3, 4, 5, 7, 8, 9, 14, 15, 17]]
[[2, 4, 2, 36, 32, 64], [0, 3, 4, 6, 7, 9, 10, 12, 14, 15, 17]]
[[2, 4, 2, 36, 32, 64], [0, 1, 2, 3, 4, 5, 7, 9, 10, 12, 14, 15, 17]]
[[2, 4, 2, 36, 32, 64], [0, 3, 4, 6, 8, 9, 10, 12, 14, 15, 16, 17, 18]]
[[2, 4, 2, 36, 32, 64], [0, 4, 6, 7, 8, 9, 14, 15, 17]]
[[2, 4, 2, 36, 27, 64], [0, 1, 2, 3, 5, 7, 9, 10, 11, 12, 14, 15, 18]]
[[2, 4, 2, 36, 27, 64], [0, 2, 3, 4, 11, 12, 14, 15, 18]]
[[2, 4, 2, 36, 27, 64], [0, 1, 6, 9, 10, 11, 14, 15, 18]]
[[2, 4, 2, 36, 27, 64], [0, 1, 3, 7, 10, 11, 13, 15, 16, 18, 19]]
[[2, 4, 2, 36, 27, 64], [0, 1, 2, 3, 4, 6, 7, 11, 14, 15, 18]]
[[2, 4, 2, 36, 27, 64], [0, 1, 2, 6, 7, 8, 10, 11, 12, 13, 14, 15, 16, 18, 19]]
[[2, 4, 2, 36, 27, 64], [0, 1, 3, 4, 6, 8, 11, 12, 13, 15, 16, 18, 19]]
[[2, 4, 2, 36, 27, 64], [0, 2, 3, 4, 11, 13, 14, 15, 16, 18, 19]]
[[2, 4, 2, 44, 32, 40], [0, 2, 3, 4, 5, 7, 12, 15, 19]]
[[2, 4, 2, 44, 32, 40], [0, 1, 2, 3, 4, 7, 10, 12, 14, 15, 19]]
[[2, 4, 2, 44, 32, 40], [0, 2, 3, 4, 5, 7, 9, 12, 14, 15, 16]]
[[2, 4, 2, 44, 32, 40], [0, 1, 3, 4, 7, 9, 10, 12, 14, 15, 16]]
[[2, 4, 2, 32, 22, 64], [0, 1, 3, 5, 10, 12, 14, 15, 16, 17, 18]]
[[2, 4, 2, 32, 22, 64], [0, 1, 2, 6, 10, 12, 14, 15, 17]]
[[2, 4, 2, 32, 22, 64], [0, 1, 6, 7, 8, 9, 10, 12, 14, 15, 16, 17, 18]]
[[2, 4, 2, 32, 22, 64], [0, 2, 3, 8, 14, 15, 17]]
[[2, 4, 2, 32, 22, 64], [0, 2, 3, 5, 8, 9, 14, 15, 16, 17, 18]]
[[2, 4, 2, 32, 22, 64], [0, 1, 2, 3, 10, 12, 14, 15, 17]]
[[2, 4, 2, 32, 22, 64], [0, 1, 3, 5, 6, 7, 14, 15, 16, 17, 18]]
[[2, 4, 2, 32, 22, 64], [0, 1, 2, 3, 6, 8, 14, 15, 17]]
[[2, 4, 2, 32, 32, 28], [0, 2, 3, 4, 7, 8, 11, 12, 14, 15, 17]]
[[2, 4, 2, 32, 32, 28], [0, 1, 2, 3, 10, 11, 12, 13, 14, 15, 16, 17, 18]]
[[2, 4, 2, 32, 32, 28], [0, 1, 3, 5, 10, 11, 14, 15, 17]]
[[2, 4, 2, 32, 32, 28], [0, 2, 3, 4, 7, 8, 11, 13, 14, 15, 16, 17, 18]]
[[2, 4, 14, 32, 32, 100], [0, 7, 9, 10, 14, 15, 16]]
[[2, 4, 14, 32, 32, 100], [0, 2, 3, 5, 7, 9, 14, 15, 16]]
[[2, 4, 14, 32, 32, 100], [0, 1, 3, 7, 10, 15, 19]]
[[2, 4, 14, 32, 32, 100], [0, 2, 3, 7, 14, 15, 19]]
[[2, 4, 14, 32, 32, 100], [0, 7, 10, 15, 19]]
[[2, 4, 14, 32, 32, 100], [0, 1, 7, 9, 14, 15, 16]]
[[2, 4, 14, 32, 32, 100], [0, 1, 2, 3, 5, 7, 9, 10, 14, 15, 16]]
[[2, 4, 14, 32, 32, 100], [0, 1, 2, 7, 14, 15, 19]]
[[2, 4, 14, 32, 62, 64], [0, 9, 10, 12, 14, 15, 16, 17, 19]]
[[2, 4, 14, 32, 62, 64], [0, 1, 2, 8, 9, 15, 16, 17, 19]]
[[2, 4, 14, 32, 62, 64], [0, 9, 10, 12, 14, 15, 17, 18, 19]]
[[2, 4, 14, 32, 62, 64], [0, 1, 2, 3, 5, 6, 9, 12, 14, 15, 16, 17, 19]]
[[2, 4, 14, 32, 62, 64], [0, 1, 8, 15, 17, 18, 19]]
[[2, 4, 14, 32, 62, 64], [0, 1, 2, 5, 6, 7, 9, 10, 14, 15, 17, 18, 19]]
[[2, 4, 14, 32, 62, 64], [0, 1, 3, 6, 7, 8, 12, 15, 17, 18, 19]]
[[2, 4, 14, 32, 62, 64], [0, 1, 5, 6, 8, 9, 10, 15, 16, 17, 19]]
[[2, 4, 14, 24, 27, 76], [0, 1, 5, 7, 8, 9, 13, 15, 19]]
[[2, 4, 14, 24, 27, 76], [0, 1, 2, 3, 4, 7, 10, 13, 14, 15, 19]]
[[2, 4, 14, 24, 27, 76], [0, 1, 2, 7, 8, 13, 14, 15, 16, 17, 19]]
[[2, 4, 14, 24, 27, 76], [0, 2, 7, 8, 10, 13, 14, 15, 16]]
[[2, 4, 14, 24, 27, 76], [0, 2, 7, 10, 12, 13, 14, 15, 17, 18, 19]]
[[2, 4, 14, 24, 27, 76], [0, 2, 7, 8, 10, 13, 14, 15, 19]]
[[2, 4, 14, 24, 27, 76], [0, 2, 3, 4, 6, 7, 10, 13, 14, 15, 16, 17, 19]]
[[2, 4, 14, 24, 27, 76], [0, 1, 2, 5, 7, 8, 9, 13, 14, 15, 16]]
[[2, 4, 14, 24, 27, 76], [0, 4, 5, 6, 7, 8, 9, 12, 13, 15, 16, 17, 19]]
[[2, 4, 14, 24, 27, 76], [0, 1, 3, 4, 7, 9, 10, 13, 14, 15, 16]]
[[2, 4, 14, 24, 27, 76], [0, 1, 7, 8, 13, 15, 17, 18, 19]]
[[2, 4, 14, 24, 27, 76], [0, 4, 6, 12, 13, 15, 17, 18, 19]]
[[2, 4, 14, 24, 27, 76], [0, 2, 3, 4, 7, 9, 13, 15, 19]]
[[2, 4, 14, 24, 27, 76], [0, 2, 3, 4, 6, 8, 10, 13, 14, 15, 17, 18, 19]]
[[2, 4, 14, 24, 27, 76], [0, 2, 3, 4, 7, 13, 14, 15, 16]]
[[2, 4, 14, 24, 27, 76], [0, 2, 7, 9, 10, 12, 13, 15, 16, 17, 19]]
[[2, 4, 14, 24, 42, 64], [0, 2, 6, 7, 14, 15, 16]]
[[2, 4, 14, 24, 42, 64], [0, 1, 6, 7, 10, 15, 17, 18, 19]]
[[2, 4, 14, 24, 42, 64], [0, 10, 12, 15, 16, 17, 19]]
[[2, 4, 14, 24, 42, 64], [0, 1, 8, 9, 14, 15, 17, 18, 19]]
[[2, 4, 14, 24, 42, 64], [0, 1, 2, 8, 14, 15, 16, 17, 19]]
[[2, 4, 14, 24, 42, 64], [0, 1, 2, 3, 5, 6, 7, 8, 9, 12, 14, 15, 17, 18, 19]]
[[2, 4, 14, 24, 42, 64], [0, 2, 3, 5, 6, 8, 10, 15, 19]]
[[2, 4, 14, 24, 42, 64], [0, 1, 2, 6, 8, 10, 14, 15, 16, 17, 19]]
[[2, 4, 14, 24, 42, 64], [0, 1, 3, 6, 12, 15, 16, 17, 19]]
[[2, 4, 14, 24, 42, 64], [0, 2, 6, 8, 14, 15, 19]]
[[2, 4, 14, 24, 42, 64], [0, 2, 3, 6, 7, 10, 14, 15, 16]]
[[2, 4, 14, 24, 42, 64], [0, 10, 12, 15, 17, 18, 19]]
[[2, 4, 14, 24, 22, 88], [0, 2, 3, 4, 5, 7, 8, 9, 14, 15, 16]]
[[2, 4, 14, 24, 22, 88], [0, 3, 5, 6, 7, 8, 9, 10, 12, 15, 17, 18, 19]]
[[2, 4, 14, 24, 22, 88], [0, 2, 6, 7, 14, 15, 17, 18, 19]]
[[2, 4, 14, 24, 22, 88], [0, 2, 3, 4, 5, 7, 8, 9, 14, 15, 19]]
[[2, 4, 14, 24, 22, 88], [0, 1, 2, 12, 14, 15, 17, 18, 19]]
[[2, 4, 14, 24, 22, 88], [0, 1, 4, 7, 8, 9, 14, 15, 19]]
[[2, 4, 14, 24, 22, 88], [0, 2, 8, 9, 10, 15, 17, 18, 19]]
[[2, 4, 14, 24, 22, 88], [0, 1, 2, 3, 4, 7, 8, 9, 10, 15, 19]]
[[2, 4, 14, 24, 22, 88], [0, 2, 8, 10, 14, 15, 16, 17, 19]]
[[2, 4, 14, 24, 22, 88], [0, 1, 3, 4, 7, 8, 9, 10, 14, 15, 16]]
[[2, 4, 14, 24, 22, 88], [0, 2, 6, 8, 14, 15, 16, 17, 19]]
[[2, 4, 14, 24, 22, 88], [0, 1, 2, 4, 5, 7, 8, 9, 14, 15, 16]]
[[2, 4, 14, 24, 22, 88], [0, 4, 5, 7, 8, 9, 10, 15, 19]]
[[2, 4, 14, 24, 22, 88], [0, 1, 12, 15, 16, 17, 19]]
[[2, 4, 14, 24, 22, 88], [0, 3, 6, 10, 12, 15, 16, 17, 19]]
[[2, 4, 14, 24, 22, 88], [0, 4, 7, 8, 9, 10, 14, 15, 16]]
[[2, 4, 14, 24, 32, 76], [0, 1, 7, 15, 17, 18, 19]]
[[2, 4, 14, 24, 32, 76], [0, 2, 9, 10, 12, 15, 16, 17, 19]]
[[2, 4, 14, 24, 32, 76], [0, 1, 2, 7, 9, 15, 16, 17, 19]]
[[2, 4, 14, 24, 32, 76], [0, 2, 5, 7, 8, 9, 10, 12, 14, 15, 16, 17, 19]]
[[2, 4, 14, 24, 32, 76], [0, 1, 3, 5, 6, 7, 9, 15, 16, 17, 19]]
[[2, 4, 14, 24, 32, 76], [0, 1, 2, 5, 6, 8, 9, 10, 14, 15, 16, 17, 19]]
[[2, 4, 14, 24, 32, 76], [0, 1, 2, 3, 6, 8, 9, 15, 17, 18, 19]]
[[2, 4, 14, 24, 32, 76], [0, 1, 8, 9, 14, 15, 16, 17, 19]]
[[2, 4, 14, 24, 32, 76], [0, 2, 9, 10, 12, 15, 17, 18, 19]]
[[2, 4, 14, 24, 32, 76], [0, 6, 7, 8, 9, 12, 14, 15, 16, 17, 19]]
[[2, 4, 14, 24, 32, 76], [0, 1, 6, 7, 8, 9, 10, 12, 14, 15, 16, 17, 19]]
[[2, 4, 14, 24, 32, 76], [0, 1, 2, 3, 6, 7, 8, 12, 14, 15, 17, 18, 19]]
[[2, 4, 14, 24, 32, 76], [0, 3, 5, 6, 7, 9, 10, 15, 16, 17, 19]]
[[2, 4, 14, 24, 32, 76], [0, 2, 7, 9, 10, 15, 16, 17, 19]]
[[2, 4, 14, 24, 32, 76], [0, 1, 2, 8, 14, 15, 17, 18, 19]]
[[2, 4, 14, 24, 32, 76], [0, 2, 7, 10, 14, 15, 17, 18, 19]]
[[2, 4, 14, 24, 32, 76], [0, 6, 12, 15, 17, 18, 19]]
[[2, 4, 14, 24, 32, 76], [0, 1, 5, 6, 7, 9, 10, 15, 17, 18, 19]]
[[2, 4, 14, 24, 32, 76], [0, 2, 5, 7, 8, 9, 10, 12, 14, 15, 17, 18, 19]]
[[2, 4, 14, 24, 32, 76], [0, 1, 2, 6, 10, 12, 14, 15, 17, 18, 19]]
[[2, 4, 14, 24, 32, 76], [0, 3, 6, 8, 9, 10, 14, 15, 17, 18, 19]]
[[2, 4, 14, 24, 32, 76], [0, 1, 3, 5, 6, 9, 12, 15, 16, 17, 19]]
[[2, 4, 14, 24, 32, 76], [0, 1, 2, 5, 7, 8, 9, 12, 14, 15, 16, 17, 19]]
[[2, 4, 14, 24, 32, 76], [0, 1, 5, 7, 8, 9, 12, 15, 17, 18, 19]]
[[2, 4, 14, 24, 47, 88], [0, 1, 3, 4, 6, 11, 13, 15, 17, 18, 19]]
[[2, 4, 14, 24, 47, 88], [0, 1, 5, 6, 7, 8, 10, 11, 12, 13, 14, 15, 17, 18, 19]]
[[2, 4, 14, 24, 47, 88], [0, 6, 7, 8, 11, 12, 13, 15, 17, 18, 19]]
[[2, 4, 14, 24, 47, 88], [0, 3, 4, 5, 6, 10, 11, 13, 14, 15, 17, 18, 19]]
[[2, 4, 14, 24, 47, 88], [0, 1, 2, 5, 6, 9, 10, 11, 14, 15, 16, 17, 19]]
[[2, 4, 14, 24, 47, 88], [0, 6, 9, 11, 14, 15, 16, 17, 19]]
[[2, 4, 14, 24, 47, 88], [0, 3, 4, 5, 6, 7, 8, 9, 10, 11, 12, 15, 16, 17, 19]]
[[2, 4, 14, 24, 47, 88], [0, 1, 2, 3, 4, 6, 7, 8, 9, 11, 12, 15, 16, 17, 19]]
[[2, 4, 14, 24, 27, 88], [0, 1, 3, 4, 6, 8, 9, 13, 14, 15, 18]]
[[2, 4, 14, 24, 27, 88], [0, 3, 6, 7, 9, 10, 12, 13, 14, 15, 18]]
[[2, 4, 14, 24, 27, 88], [0, 2, 5, 6, 8, 9, 12, 13, 14, 15, 16, 18, 19]]
[[2, 4, 14, 24, 27, 88], [0, 7, 8, 9, 10, 11, 14, 15, 16, 17, 19]]
[[2, 4, 14, 24, 27, 88], [0, 1, 2, 4, 9, 11, 12, 15, 16, 17, 19]]
[[2, 4, 14, 24, 27, 88], [0, 3, 5, 6, 8, 9, 10, 12, 13, 15, 16, 18, 19]]
[[2, 4, 14, 24, 27, 88], [0, 2, 5, 6, 7, 9, 12, 13, 14, 15, 18]]
[[2, 4, 14, 24, 27, 88], [0, 2, 3, 7, 8, 9, 11, 12, 13, 15, 17, 18, 19]]
[[2, 4, 14, 24, 27, 88], [0, 1, 4, 6, 7, 9, 10, 13, 14, 15, 16, 18, 19]]
[[2, 4, 14, 24, 27, 88], [0, 2, 3, 5, 7, 8, 9, 11, 14, 15, 16, 17, 19]]
[[2, 4, 14, 24, 27, 88], [0, 1, 4, 5, 9, 11, 13, 15, 17, 18, 19]]
[[2, 4, 14, 24, 27, 88], [0, 1, 2, 3, 4, 5, 9, 10, 11, 13, 14, 15, 17, 18, 19]]
[[2, 4, 14, 24, 27, 88], [0, 1, 2, 3, 4, 6, 7, 9, 13, 15, 16, 18, 19]]
[[2, 4, 14, 24, 27, 88], [0, 7, 8, 9, 10, 11, 12, 13, 14, 15, 17, 18, 19]]
[[2, 4, 14, 24, 27, 88], [0, 1, 3, 4, 5, 9, 10, 11, 12, 15, 16, 17, 19]]
[[2, 4, 14, 24, 27, 88], [0, 1, 2, 4, 5, 6, 8, 9, 10, 13, 14, 15, 18]]
[[2, 4, 14, 24, 27, 100], [0, 1, 2, 4, 5, 9, 12, 13, 14, 15, 16, 17, 18]]
[[2, 4, 14, 24, 27, 100], [0, 1, 2, 3, 5, 6, 8, 9, 12, 13, 14, 15, 17]]
[[2, 4, 14, 24, 27, 100], [0, 1, 6, 7, 8, 9, 10, 13, 14, 15, 16, 17, 18]]
[[2, 4, 14, 24, 27, 100], [0, 2, 4, 8, 10, 13, 14, 15, 17]]
[[2, 4, 14, 24, 27, 100], [0, 2, 4, 5, 8, 9, 10, 13, 14, 15, 16, 17, 18]]
[[2, 4, 14, 24, 27, 100], [0, 1, 3, 6, 7, 9, 12, 13, 14, 15, 16, 17, 18]]
[[2, 4, 14, 24, 27, 100], [0, 1, 4, 9, 12, 13, 14, 15, 17]]
[[2, 4, 14, 24, 27, 100], [0, 1, 2, 6, 10, 13, 14, 15, 17]]
[[2, 4, 14, 16, 12, 124], [0, 1, 3, 9, 10, 12, 14, 15, 19]]
[[2, 4, 14, 16, 12, 124], [0, 2, 5, 9, 10, 12, 14, 15, 16]]
[[2, 4, 14, 16, 12, 124], [0, 1, 9, 12, 14, 15, 16]]
[[2, 4, 14, 16, 12, 124], [0, 1, 2, 9, 12, 15, 19]]
[[2, 4, 14, 16, 12, 124], [0, 1, 2, 3, 5, 9, 10, 12, 14, 15, 16]]
[[2, 4, 14, 16, 12, 124], [0, 3, 9, 12, 14, 15, 16]]
[[2, 4, 14, 16, 12, 124], [0, 2, 5, 9, 10, 12, 14, 15, 19]]
[[2, 4, 14, 16, 12, 124], [0, 3, 5, 9, 12, 15, 19]]
[[2, 4, 14, 16, 32, 100], [0, 3, 5, 6, 7, 8, 9, 10, 11, 12, 13, 15, 17, 18, 19]]
[[2, 4, 14, 16, 32, 100], [0, 1, 3, 5, 6, 7, 8, 9, 12, 15, 17, 18, 19]]
[[2, 4, 14, 16, 32, 100], [0, 1, 2, 3, 6, 12, 14, 15, 16, 17, 19]]
[[2, 4, 14, 16, 32, 100], [0, 2, 4, 9, 10, 12, 13, 15, 16, 17, 19]]
[[2, 4, 14, 16, 32, 100], [0, 1, 2, 8, 9, 15, 17, 18, 19]]
[[2, 4, 14, 16, 32, 100], [0, 1, 3, 5, 6, 8, 9, 12, 13, 15, 16, 17, 19]]
[[2, 4, 14, 16, 32, 100], [0, 4, 6, 9, 11, 13, 14, 15, 17, 18, 19]]
[[2, 4, 14, 16, 32, 100], [0, 1, 2, 4, 6, 9, 10, 11, 13, 15, 17, 18, 19]]
[[2, 4, 14, 16, 32, 100], [0, 1, 6, 8, 10, 15, 16, 17, 19]]
[[2, 4, 14, 16, 32, 100], [0, 1, 2, 4, 8, 13, 14, 15, 16, 17, 19]]
[[2, 4, 14, 16, 32, 100], [0, 1, 4, 5, 8, 9, 13, 15, 17, 18, 19]]
[[2, 4, 14, 16, 32, 100], [0, 2, 10, 12, 14, 15, 16, 17, 19]]
[[2, 4, 14, 16, 32, 100], [0, 1, 2, 3, 5, 6, 7, 8, 9, 11, 12, 13, 14, 15, 17, 18, 19]]
[[2, 4, 14, 16, 32, 100], [0, 2, 10, 12, 14, 15, 17, 18, 19]]
[[2, 4, 14, 16, 32, 100], [0, 1, 3, 6, 11, 15, 16, 17, 19]]
[[2, 4, 14, 16, 32, 100], [0, 1, 2, 6, 7, 10, 14, 15, 17, 18, 19]]
[[2, 4, 14, 16, 32, 100], [0, 1, 2, 3, 6, 7, 9, 12, 13, 15, 17, 18, 19]]
[[2, 4, 14, 16, 32, 100], [0, 1, 4, 5, 6, 7, 8, 10, 11, 12, 14, 15, 16, 17, 19]]
[[2, 4, 14, 16, 32, 100], [0, 3, 6, 10, 11, 15, 16, 17, 19]]
[[2, 4, 14, 16, 32, 100], [0, 2, 4, 5, 9, 10, 12, 13, 14, 15, 17, 18, 19]]
[[2, 4, 14, 16, 32, 100], [0, 1, 8, 15, 16, 17, 19]]
[[2, 4, 14, 16, 32, 100], [0, 4, 5, 6, 7, 8, 11, 12, 14, 15, 16, 17, 19]]
[[2, 4, 14, 16, 32, 100], [0, 1, 6, 7, 8, 9, 10, 13, 14, 15, 17, 18, 19]]
[[2, 4, 14, 16, 32, 100], [0, 1, 2, 6, 10, 13, 14, 15, 16, 17, 19]]
[[2, 4, 14, 16, 12, 64], [0, 1, 2, 6, 7, 9, 10, 12, 13, 15, 16, 17, 19]]
[[2, 4, 14, 16, 12, 64], [0, 2, 4, 5, 7, 9, 10, 13, 14, 15, 17, 18, 19]]
[[2, 4, 14, 16, 12, 64], [0, 1, 2, 3, 6, 7, 8, 13, 14, 15, 16, 17, 19]]
[[2, 4, 14, 16, 12, 64], [0, 1, 6, 8, 9, 10, 12, 13, 14, 15, 17, 18, 19]]
[[2, 4, 14, 16, 12, 64], [0, 1, 3, 5, 6, 9, 13, 15, 17, 18, 19]]
[[2, 4, 14, 16, 12, 64], [0, 1, 4, 5, 7, 8, 9, 12, 13, 15, 16, 17, 19]]
[[2, 4, 14, 16, 12, 64], [0, 2, 4, 7, 10, 13, 14, 15, 16, 17, 19]]
[[2, 4, 14, 16, 12, 64], [0, 1, 2, 4, 7, 8, 9, 12, 13, 15, 17, 18, 19]]
[[2, 4, 14, 16, 17, 88], [0, 1, 2, 3, 6, 8, 9, 12, 13, 15, 17, 18, 19]]
[[2, 4, 14, 16, 17, 88], [0, 3, 4, 5, 7, 13, 14, 15, 16, 17, 19]]
[[2, 4, 14, 16, 17, 88], [0, 1, 3, 4, 7, 8, 9, 10, 12, 13, 14, 15, 17, 18, 19]]
[[2, 4, 14, 16, 17, 88], [0, 1, 2, 3, 4, 7, 8, 9, 10, 12, 13, 15, 16, 17, 19]]
[[2, 4, 14, 16, 17, 88], [0, 1, 2, 5, 6, 9, 10, 13, 14, 15, 17, 18, 19]]
[[2, 4, 14, 16, 17, 88], [0, 1, 5, 6, 7, 8, 10, 13, 14, 15, 16, 17, 19]]
[[2, 4, 14, 16, 17, 88], [0, 3, 4, 5, 7, 9, 13, 15, 17, 18, 19]]
[[2, 4, 14, 16, 17, 88], [0, 1, 3, 5, 6, 7, 9, 12, 13, 15, 16, 17, 19]]
[[2, 4, 14, 16, 42, 88], [0, 2, 5, 6, 7, 8, 13, 15, 16, 17, 19]]
[[2, 4, 14, 16, 42, 88], [0, 3, 4, 7, 8, 9, 12, 13, 14, 15, 17, 18, 19]]
[[2, 4, 14, 16, 42, 88], [0, 2, 3, 6, 8, 9, 10, 12, 13, 15, 17, 18, 19]]
[[2, 4, 14, 16, 42, 88], [0, 3, 4, 7, 8, 9, 12, 13, 14, 15, 16, 17, 19]]
[[2, 4, 14, 16, 42, 88], [0, 1, 2, 3, 4, 5, 7, 10, 13, 15, 16, 17, 19]]
[[2, 4, 14, 16, 42, 88], [0, 2, 3, 5, 6, 7, 9, 10, 12, 13, 14, 15, 16, 17, 19]]
[[2, 4, 14, 16, 42, 88], [0, 2, 5, 6, 9, 13, 14, 15, 17, 18, 19]]
[[2, 4, 14, 16, 42, 88], [0, 1, 3, 4, 5, 7, 9, 10, 13, 15, 17, 18, 19]]
[[2, 4, 14, 16, 37, 76], [0, 2, 3, 4, 5, 6, 8, 9, 10, 13, 14, 15, 17, 18, 19]]
[[2, 4, 14, 16, 37, 76], [0, 1, 2, 4, 8, 12, 14, 15, 17, 18, 19]]
[[2, 4, 14, 16, 37, 76], [0, 1, 2, 7, 8, 9, 13, 15, 17, 18, 19]]
[[2, 4, 14, 16, 37, 76], [0, 7, 10, 12, 13, 15, 16, 17, 19]]
[[2, 4, 14, 16, 37, 76], [0, 4, 6, 7, 8, 12, 13, 15, 16, 17, 19]]
[[2, 4, 14, 16, 37, 76], [0, 2, 4, 6, 7, 8, 14, 15, 17, 18, 19]]
[[2, 4, 14, 16, 37, 76], [0, 2, 3, 4, 6, 8, 9, 10, 12, 15, 16, 17, 19]]
[[2, 4, 14, 16, 37, 76], [0, 7, 9, 10, 12, 13, 14, 15, 17, 18, 19]]
[[2, 4, 14, 16, 37, 76], [0, 2, 3, 4, 6, 7, 9, 10, 12, 15, 17, 18, 19]]
[[2, 4, 14, 16, 37, 76], [0, 4, 5, 9, 10, 15, 17, 18, 19]]
[[2, 4, 14, 16, 37, 76], [0, 4, 5, 6, 9, 12, 13, 15, 17, 18, 19]]
[[2, 4, 14, 16, 37, 76], [0, 1, 7, 8, 9, 13, 14, 15, 16, 17, 19]]
[[2, 4, 14, 16, 37, 76], [0, 4, 9, 10, 14, 15, 16, 17, 19]]
[[2, 4, 14, 16, 37, 76], [0, 1, 4, 5, 8, 9, 12, 15, 16, 17, 19]]
[[2, 4, 14, 16, 37, 76], [0, 2, 3, 4, 5, 6, 7, 9, 10, 13, 14, 15, 16, 17, 19]]
[[2, 4, 14, 16, 37, 76], [0, 2, 4, 5, 6, 9, 14, 15, 16, 17, 19]]
[[2, 4, 14, 16, 22, 64], [0, 1, 5, 7, 8, 9, 12, 15, 16, 17, 19]]
[[2, 4, 14, 16, 22, 64], [0, 1, 6, 10, 12, 15, 17, 18, 19]]
[[2, 4, 14, 16, 22, 64], [0, 7, 10, 15, 17, 18, 19]]
[[2, 4, 14, 16, 22, 64], [0, 1, 2, 3, 5, 6, 7, 9, 14, 15, 16, 17, 19]]
[[2, 4, 14, 16, 22, 64], [0, 7, 9, 10, 14, 15, 16, 17, 19]]
[[2, 4, 14, 16, 22, 64], [0, 1, 3, 6, 8, 9, 14, 15, 17, 18, 19]]
[[2, 4, 14, 16, 22, 64], [0, 1, 2, 5, 7, 8, 9, 12, 14, 15, 17, 18, 19]]
[[2, 4, 14, 16, 22, 64], [0, 1, 2, 6, 7, 8, 9, 10, 12, 15, 16, 17, 19]]
[[2, 4, 14, 16, 42, 64], [0, 2, 8, 10, 14, 15, 17, 18, 19]]
[[2, 4, 14, 16, 42, 64], [0, 2, 8, 9, 10, 15, 16, 17, 19]]
[[2, 4, 14, 16, 42, 64], [0, 2, 3, 6, 7, 8, 10, 12, 14, 15, 17, 18, 19]]
[[2, 4, 14, 16, 42, 64], [0, 5, 6, 8, 9, 15, 16, 17, 19]]
[[2, 4, 14, 16, 42, 64], [0, 5, 6, 7, 9, 15, 17, 18, 19]]
[[2, 4, 14, 16, 42, 64], [0, 1, 9, 12, 14, 15, 16, 17, 19]]
[[2, 4, 14, 16, 42, 64], [0, 2, 3, 5, 6, 9, 10, 12, 14, 15, 16, 17, 19]]
[[2, 4, 14, 16, 42, 64], [0, 1, 2, 9, 12, 15, 17, 18, 19]]
[[2, 4, 14, 16, 17, 52], [0, 1, 2, 3, 4, 7, 10, 11, 12, 13, 14, 15, 17, 18, 19]]
[[2, 4, 14, 16, 17, 52], [0, 1, 2, 4, 5, 7, 9, 11, 14, 15, 16, 17, 19]]
[[2, 4, 14, 16, 17, 52], [0, 1, 4, 7, 11, 12, 13, 15, 17, 18, 19]]
[[2, 4, 14, 16, 17, 52], [0, 3, 8, 11, 13, 15, 17, 18, 19]]
[[2, 4, 14, 16, 17, 52], [0, 2, 8, 9, 10, 11, 12, 15, 16, 17, 19]]
[[2, 4, 14, 16, 17, 52], [0, 1, 3, 4, 7, 9, 10, 11, 14, 15, 16, 17, 19]]
[[2, 4, 14, 16, 17, 52], [0, 2, 8, 10, 11, 13, 14, 15, 17, 18, 19]]
[[2, 4, 14, 16, 17, 52], [0, 3, 5, 8, 9, 11, 12, 15, 16, 17, 19]]
[[2, 4, 14, 16, 42, 52], [0, 2, 3, 4, 7, 9, 11, 15, 16, 17, 19]]
[[2, 4, 14, 16, 42, 52], [0, 1, 8, 9, 11, 12, 14, 15, 16, 17, 19]]
[[2, 4, 14, 16, 42, 52], [0, 4, 5, 7, 9, 10, 11, 15, 16, 17, 19]]
[[2, 4, 14, 16, 42, 52], [0, 1, 3, 8, 10, 11, 13, 15, 17, 18, 19]]
[[2, 4, 14, 16, 42, 52], [0, 1, 2, 8, 11, 13, 14, 15, 17, 18, 19]]
[[2, 4, 14, 16, 42, 52], [0, 2, 3, 4, 7, 11, 12, 13, 14, 15, 17, 18, 19]]
[[2, 4, 14, 16, 42, 52], [0, 4, 7, 10, 11, 12, 13, 15, 17, 18, 19]]
[[2, 4, 14, 16, 42, 52], [0, 1, 2, 3, 5, 8, 9, 10, 11, 12, 14, 15, 16, 17, 19]]
[[2, 4, 14, 16, 27, 112], [0, 2, 3, 5, 7, 11, 13, 15, 17, 18, 19]]
[[2, 4, 14, 16, 27, 112], [0, 1, 2, 3, 7, 10, 11, 13, 14, 15, 17, 18, 19]]
[[2, 4, 14, 16, 27, 112], [0, 1, 2, 3, 4, 8, 10, 11, 12, 13, 14, 15, 17, 18, 19]]
[[2, 4, 14, 16, 27, 112], [0, 1, 3, 4, 8, 9, 10, 11, 14, 15, 16, 17, 19]]
[[2, 4, 14, 16, 27, 112], [0, 2, 3, 7, 9, 11, 12, 15, 16, 17, 19]]
[[2, 4, 14, 16, 27, 112], [0, 2, 3, 4, 5, 8, 9, 11, 14, 15, 16, 17, 19]]
[[2, 4, 14, 16, 27, 112], [0, 1, 3, 5, 7, 9, 10, 11, 12, 15, 16, 17, 19]]
[[2, 4, 14, 16, 27, 112], [0, 2, 3, 4, 5, 8, 11, 12, 13, 15, 17, 18, 19]]
[[2, 4, 14, 20, 22, 112], [0, 2, 5, 6, 8, 9, 11, 13, 14, 15, 16]]
[[2, 4, 14, 20, 22, 112], [0, 2, 4, 7, 10, 11, 14, 15, 16]]
[[2, 4, 14, 20, 22, 112], [0, 2, 3, 4, 6, 9, 10, 11, 12, 15, 19]]
[[2, 4, 14, 20, 22, 112], [0, 1, 6, 7, 8, 9, 10, 11, 12, 13, 14, 15, 19]]
[[2, 4, 14, 20, 22, 112], [0, 1, 2, 3, 4, 6, 7, 11, 14, 15, 16]]
[[2, 4, 14, 20, 22, 112], [0, 2, 4, 5, 7, 9, 10, 11, 12, 13, 14, 15, 19]]
[[2, 4, 14, 20, 22, 112], [0, 4, 9, 10, 11, 13, 14, 15, 16]]
[[2, 4, 14, 20, 22, 112], [0, 1, 2, 6, 10, 11, 14, 15, 16]]
[[2, 4, 14, 20, 22, 112], [0, 1, 2, 11, 14, 15, 16]]
[[2, 4, 14, 20, 22, 112], [0, 1, 2, 7, 11, 13, 14, 15, 16]]
[[2, 4, 14, 20, 22, 112], [0, 2, 5, 6, 7, 9, 11, 12, 14, 15, 19]]
[[2, 4, 14, 20, 22, 112], [0, 1, 7, 9, 11, 12, 14, 15, 19]]
[[2, 4, 14, 20, 22, 112], [0, 1, 3, 4, 6, 8, 11, 12, 13, 15, 19]]
[[2, 4, 14, 20, 22, 112], [0, 2, 3, 4, 6, 7, 8, 10, 11, 13, 14, 15, 16]]
[[2, 4, 14, 20, 22, 112], [0, 4, 5, 9, 10, 11, 12, 15, 19]]
[[2, 4, 14, 20, 22, 112], [0, 1, 11, 12, 13, 15, 19]]
[[2, 4, 14, 20, 32, 88], [0, 1, 3, 4, 6, 7, 13, 15, 17, 18, 19]]
[[2, 4, 14, 20, 32, 88], [0, 3, 8, 12, 13, 15, 17, 18, 19]]
[[2, 4, 14, 20, 32, 88], [0, 2, 3, 4, 5, 6, 9, 10, 11, 13, 14, 15, 17, 18, 19]]
[[2, 4, 14, 20, 32, 88], [0, 1, 2, 3, 4, 5, 6, 7, 8, 11, 12, 15, 16, 17, 19]]
[[2, 4, 14, 20, 32, 88], [0, 1, 3, 4, 8, 9, 10, 12, 14, 15, 19]]
[[2, 4, 14, 20, 32, 88], [0, 1, 2, 4, 6, 9, 10, 12, 13, 15, 16, 17, 19]]
[[2, 4, 14, 20, 32, 88], [0, 2, 3, 4, 8, 9, 12, 15, 19]]
[[2, 4, 14, 20, 32, 88], [0, 1, 2, 4, 8, 12, 14, 15, 16]]
[[2, 4, 14, 20, 32, 88], [0, 1, 6, 7, 8, 9, 10, 11, 12, 13, 14, 15, 17, 18, 19]]
[[2, 4, 14, 20, 32, 88], [0, 1, 2, 6, 10, 11, 14, 15, 16, 17, 19]]
[[2, 4, 14, 20, 32, 88], [0, 1, 2, 3, 4, 6, 8, 13, 14, 15, 16, 17, 19]]
[[2, 4, 14, 20, 32, 88], [0, 1, 4, 5, 6, 7, 8, 10, 12, 13, 14, 15, 17, 18, 19]]
[[2, 4, 14, 20, 32, 88], [0, 1, 3, 5, 10, 13, 14, 15, 17, 18, 19]]
[[2, 4, 14, 20, 32, 88], [0, 3, 5, 8, 9, 12, 13, 15, 16, 17, 19]]
[[2, 4, 14, 20, 32, 88], [0, 2, 6, 7, 8, 9, 11, 12, 13, 15, 17, 18, 19]]
[[2, 4, 14, 20, 32, 88], [0, 1, 2, 3, 4, 8, 10, 12, 14, 15, 16]]
[[2, 4, 14, 20, 32, 88], [0, 2, 4, 8, 10, 12, 14, 15, 16]]
[[2, 4, 14, 20, 32, 88], [0, 2, 3, 4, 5, 6, 7, 8, 10, 11, 12, 15, 16, 17, 19]]
[[2, 4, 14, 20, 32, 88], [0, 2, 6, 11, 14, 15, 16, 17, 19]]
[[2, 4, 14, 20, 32, 88], [0, 1, 4, 5, 8, 9, 12, 15, 19]]
[[2, 4, 14, 20, 32, 88], [0, 1, 3, 4, 5, 6, 9, 11, 13, 15, 17, 18, 19]]
[[2, 4, 14, 20, 32, 88], [0, 1, 2, 3, 10, 13, 14, 15, 16, 17, 19]]
[[2, 4, 14, 20, 32, 88], [0, 2, 3, 4, 8, 12, 14, 15, 16]]
[[2, 4, 14, 20, 32, 88], [0, 2, 4, 5, 8, 9, 10, 12, 14, 15, 19]]
[[2, 4, 14, 20, 27, 64], [0, 1, 3, 4, 6, 9, 11, 12, 14, 15, 16]]
[[2, 4, 14, 20, 27, 64], [0, 2, 4, 5, 9, 10, 11, 12, 14, 15, 16]]
[[2, 4, 14, 20, 27, 64], [0, 1, 2, 5, 6, 7, 9, 10, 11, 12, 14, 15, 16]]
[[2, 4, 14, 20, 27, 64], [0, 1, 5, 6, 8, 9, 10, 11, 13, 15, 19]]
[[2, 4, 14, 20, 27, 64], [0, 1, 2, 7, 11, 13, 14, 15, 19]]
[[2, 4, 14, 20, 27, 64], [0, 1, 7, 9, 11, 12, 14, 15, 16]]
[[2, 4, 14, 20, 27, 64], [0, 1, 2, 3, 4, 6, 7, 8, 11, 13, 14, 15, 19]]
[[2, 4, 14, 20, 27, 64], [0, 2, 4, 9, 10, 11, 13, 15, 19]]
[[2, 4, 14, 20, 42, 64], [0, 1, 3, 4, 10, 15, 16, 17, 19]]
[[2, 4, 14, 20, 42, 64], [0, 2, 3, 4, 9, 11, 12, 15, 16, 17, 19]]
[[2, 4, 14, 20, 42, 64], [0, 1, 2, 3, 4, 6, 7, 8, 9, 15, 17, 18, 19]]
[[2, 4, 14, 20, 42, 64], [0, 3, 4, 5, 8, 9, 12, 15, 17, 18, 19]]
[[2, 4, 14, 20, 42, 64], [0, 1, 3, 7, 8, 9, 10, 11, 14, 15, 16, 17, 19]]
[[2, 4, 14, 20, 42, 64], [0, 4, 5, 9, 10, 11, 12, 15, 16, 17, 19]]
[[2, 4, 14, 20, 42, 64], [0, 1, 2, 5, 7, 8, 9, 11, 14, 15, 16, 17, 19]]
[[2, 4, 14, 20, 42, 64], [0, 4, 9, 10, 11, 13, 14, 15, 17, 18, 19]]
[[2, 4, 14, 20, 42, 64], [0, 2, 3, 4, 9, 11, 13, 15, 17, 18, 19]]
[[2, 4, 14, 20, 42, 64], [0, 1, 2, 3, 5, 7, 8, 9, 10, 11, 12, 13, 14, 15, 17, 18, 19]]
[[2, 4, 14, 20, 42, 64], [0, 1, 2, 3, 4, 10, 14, 15, 17, 18, 19]]
[[2, 4, 14, 20, 42, 64], [0, 1, 3, 4, 6, 15, 16, 17, 19]]
[[2, 4, 14, 20, 42, 64], [0, 3, 4, 5, 8, 12, 14, 15, 16, 17, 19]]
[[2, 4, 14, 20, 42, 64], [0, 1, 4, 5, 6, 8, 10, 12, 14, 15, 16, 17, 19]]
[[2, 4, 14, 20, 42, 64], [0, 1, 5, 7, 8, 9, 11, 12, 13, 15, 17, 18, 19]]
[[2, 4, 14, 20, 42, 64], [0, 1, 2, 4, 6, 7, 10, 12, 14, 15, 17, 18, 19]]
[[2, 4, 14, 20, 12, 88], [0, 1, 2, 3, 5, 8, 9, 10, 12, 13, 14, 15, 16, 17, 19]]
[[2, 4, 14, 20, 12, 88], [0, 4, 6, 8, 9, 12, 14, 15, 16, 17, 19]]
[[2, 4, 14, 20, 12, 88], [0, 2, 3, 4, 9, 15, 16, 17, 19]]
[[2, 4, 14, 20, 12, 88], [0, 3, 5, 13, 14, 15, 17, 18, 19]]
[[2, 4, 14, 20, 12, 88], [0, 4, 5, 6, 7, 8, 12, 13, 14, 15, 17, 18, 19]]
[[2, 4, 14, 20, 12, 88], [0, 1, 3, 8, 10, 12, 13, 15, 17, 18, 19]]
[[2, 4, 14, 20, 12, 88], [0, 3, 4, 6, 8, 10, 13, 15, 16, 17, 19]]
[[2, 4, 14, 20, 12, 88], [0, 4, 6, 9, 12, 13, 14, 15, 16, 17, 19]]
[[2, 4, 14, 20, 12, 88], [0, 3, 4, 5, 6, 9, 10, 15, 16, 17, 19]]
[[2, 4, 14, 20, 12, 88], [0, 1, 3, 4, 5, 8, 10, 12, 14, 15, 17, 18, 19]]
[[2, 4, 14, 20, 12, 88], [0, 3, 13, 15, 16, 17, 19]]
[[2, 4, 14, 20, 12, 88], [0, 4, 5, 6, 7, 9, 12, 15, 17, 18, 19]]
[[2, 4, 14, 20, 12, 88], [0, 2, 3, 4, 9, 15, 17, 18, 19]]
[[2, 4, 14, 20, 12, 88], [0, 3, 4, 6, 7, 10, 13, 15, 17, 18, 19]]
[[2, 4, 14, 20, 12, 88], [0, 1, 2, 3, 4, 5, 8, 9, 10, 12, 14, 15, 16, 17, 19]]
[[2, 4, 14, 20, 12, 88], [0, 3, 4, 5, 6, 7, 8, 10, 14, 15, 17, 18, 19]]
[[2, 4, 14, 20, 27, 112], [0, 1, 6, 8, 9, 10, 12, 13, 14, 15, 16, 17, 19]]
[[2, 4, 14, 20, 27, 112], [0, 1, 3, 6, 7, 8, 9, 13, 14, 15, 17, 18, 19]]
[[2, 4, 14, 20, 27, 112], [0, 1, 3, 4, 5, 8, 9, 10, 13, 15, 17, 18, 19]]
[[2, 4, 14, 20, 27, 112], [0, 2, 3, 4, 5, 9, 12, 13, 14, 15, 17, 18, 19]]
[[2, 4, 14, 20, 27, 112], [0, 2, 3, 4, 5, 9, 12, 13, 14, 15, 16, 17, 19]]
[[2, 4, 14, 20, 27, 112], [0, 1, 2, 6, 7, 9, 10, 12, 13, 15, 17, 18, 19]]
[[2, 4, 14, 20, 27, 112], [0, 1, 2, 3, 4, 5, 8, 10, 13, 15, 16, 17, 19]]
[[2, 4, 14, 20, 27, 112], [0, 1, 2, 3, 5, 6, 13, 15, 16, 17, 19]]
[[2, 4, 14, 20, 42, 76], [0, 1, 2, 4, 6, 8, 9, 10, 13, 15, 16, 17, 19]]
[[2, 4, 14, 20, 42, 76], [0, 1, 4, 5, 6, 7, 9, 10, 13, 15, 17, 18, 19]]
[[2, 4, 14, 20, 42, 76], [0, 1, 3, 4, 6, 7, 8, 9, 12, 13, 14, 15, 17, 18, 19]]
[[2, 4, 14, 20, 42, 76], [0, 1, 5, 9, 13, 15, 16, 17, 19]]
[[2, 4, 14, 20, 42, 76], [0, 2, 8, 9, 10, 12, 13, 15, 17, 18, 19]]
[[2, 4, 14, 20, 42, 76], [0, 2, 8, 10, 12, 13, 14, 15, 16, 17, 19]]
[[2, 4, 14, 20, 42, 76], [0, 1, 2, 3, 4, 6, 12, 13, 14, 15, 16, 17, 19]]
[[2, 4, 14, 20, 42, 76], [0, 1, 2, 5, 9, 13, 14, 15, 17, 18, 19]]
[[2, 4, 14, 20, 32, 64], [0, 2, 5, 9, 10, 13, 14, 15, 17, 18, 19]]
[[2, 4, 14, 20, 32, 64], [0, 1, 3, 4, 5, 9, 10, 12, 13, 15, 16, 18, 19]]
[[2, 4, 14, 20, 32, 64], [0, 3, 4, 9, 12, 13, 14, 15, 16, 18, 19]]
[[2, 4, 14, 20, 32, 64], [0, 1, 2, 8, 9, 12, 13, 15, 17, 18, 19]]
[[2, 4, 14, 20, 32, 64], [0, 1, 3, 7, 8, 9, 10, 13, 14, 15, 18]]
[[2, 4, 14, 20, 32, 64], [0, 3, 4, 6, 7, 8, 9, 10, 12, 13, 14, 15, 17, 18, 19]]
[[2, 4, 14, 20, 32, 64], [0, 2, 5, 9, 10, 13, 14, 15, 16, 17, 19]]
[[2, 4, 14, 20, 32, 64], [0, 1, 2, 3, 4, 5, 9, 10, 12, 13, 14, 15, 18]]
[[2, 4, 14, 20, 32, 64], [0, 4, 5, 6, 7, 9, 13, 15, 17, 18, 19]]
[[2, 4, 14, 20, 32, 64], [0, 4, 6, 8, 9, 13, 14, 15, 16, 17, 19]]
[[2, 4, 14, 20, 32, 64], [0, 3, 4, 6, 10, 12, 13, 15, 16, 17, 19]]
[[2, 4, 14, 20, 32, 64], [0, 1, 2, 3, 5, 7, 8, 9, 10, 13, 14, 15, 16, 18, 19]]
[[2, 4, 14, 20, 32, 64], [0, 2, 3, 5, 7, 8, 9, 13, 14, 15, 18]]
[[2, 4, 14, 20, 32, 64], [0, 1, 8, 12, 13, 15, 16, 17, 19]]
[[2, 4, 14, 20, 32, 64], [0, 2, 3, 7, 8, 9, 13, 15, 16, 18, 19]]
[[2, 4, 14, 20, 32, 64], [0, 3, 4, 9, 12, 13, 14, 15, 18]]
[[2, 4, 14, 20, 37, 88], [0, 3, 4, 7, 8, 11, 12, 15, 17, 18, 19]]
[[2, 4, 14, 20, 37, 88], [0, 1, 4, 8, 11, 15, 17, 18, 19]]
[[2, 4, 14, 20, 37, 88], [0, 7, 9, 10, 11, 12, 14, 15, 17, 18, 19]]
[[2, 4, 14, 20, 37, 88], [0, 1, 2, 3, 5, 9, 10, 11, 14, 15, 17, 18, 19]]
[[2, 4, 14, 20, 37, 88], [0, 1, 3, 9, 10, 11, 12, 13, 14, 15, 16, 17, 19]]
[[2, 4, 14, 20, 37, 88], [0, 1, 2, 4, 5, 8, 9, 11, 12, 13, 14, 15, 16, 17, 19]]
[[2, 4, 14, 20, 37, 88], [0, 7, 10, 11, 13, 15, 16, 17, 19]]
[[2, 4, 14, 20, 37, 88], [0, 3, 4, 7, 8, 11, 13, 15, 16, 17, 19]]
[[2, 4, 14, 20, 32, 52], [0, 3, 8, 9, 11, 13, 14, 15, 16, 17, 19]]
[[2, 4, 14, 20, 32, 52], [0, 1, 3, 4, 5, 9, 10, 11, 12, 15, 17, 18, 19]]
[[2, 4, 14, 20, 32, 52], [0, 3, 7, 8, 11, 12, 13, 15, 16, 17, 19]]
[[2, 4, 14, 20, 32, 52], [0, 1, 3, 4, 7, 10, 11, 12, 13, 15, 16, 17, 19]]
[[2, 4, 14, 20, 32, 52], [0, 1, 2, 3, 4, 7, 9, 10, 11, 15, 17, 18, 19]]
[[2, 4, 14, 20, 32, 52], [0, 3, 5, 7, 8, 11, 14, 15, 17, 18, 19]]
[[2, 4, 14, 20, 32, 52], [0, 1, 2, 3, 4, 5, 9, 10, 11, 13, 14, 15, 16, 17, 19]]
[[2, 4, 14, 20, 32, 52], [0, 3, 5, 8, 11, 12, 14, 15, 17, 18, 19]]
[[2, 4, 14, 20, 37, 52], [0, 4, 5, 9, 10, 11, 13, 15, 17, 18, 19]]
[[2, 4, 14, 20, 37, 52], [0, 4, 9, 10, 11, 12, 14, 15, 16, 17, 19]]
[[2, 4, 14, 20, 37, 52], [0, 2, 3, 4, 5, 9, 11, 12, 14, 15, 16, 17, 19]]
[[2, 4, 14, 20, 37, 52], [0, 1, 3, 5, 7, 8, 9, 10, 11, 15, 16, 17, 19]]
[[2, 4, 14, 20, 37, 52], [0, 2, 3, 4, 5, 9, 11, 13, 14, 15, 17, 18, 19]]
[[2, 4, 14, 20, 37, 52], [0, 1, 2, 7, 8, 9, 11, 15, 16, 17, 19]]
[[2, 4, 14, 20, 37, 52], [0, 1, 2, 3, 7, 8, 9, 10, 11, 12, 13, 15, 17, 18, 19]]
[[2, 4, 14, 20, 37, 52], [0, 1, 7, 8, 9, 11, 12, 13, 14, 15, 17, 18, 19]]
[[2, 4, 14, 28, 47, 64], [0, 3, 6, 7, 9, 10, 11, 13, 14, 15, 16]]
[[2, 4, 14, 28, 47, 64], [0, 2, 8, 9, 10, 11, 12, 15, 19]]
[[2, 4, 14, 28, 47, 64], [0, 2, 4, 6, 11, 13, 14, 15, 16]]
[[2, 4, 14, 28, 47, 64], [0, 3, 5, 6, 8, 9, 10, 11, 12, 15, 19]]
[[2, 4, 14, 28, 47, 64], [0, 1, 4, 7, 8, 9, 11, 12, 14, 15, 19]]
[[2, 4, 14, 28, 47, 64], [0, 2, 4, 5, 6, 7, 8, 9, 11, 12, 14, 15, 19]]
[[2, 4, 14, 28, 47, 64], [0, 2, 8, 10, 11, 13, 14, 15, 16]]
[[2, 4, 14, 28, 47, 64], [0, 1, 2, 4, 5, 7, 8, 9, 11, 13, 14, 15, 16]]
[[2, 4, 14, 28, 57, 64], [0, 1, 4, 6, 7, 8, 10, 15, 17, 18, 19]]
[[2, 4, 14, 28, 57, 64], [0, 4, 5, 8, 9, 10, 12, 15, 16, 17, 19]]
[[2, 4, 14, 28, 57, 64], [0, 1, 3, 4, 6, 7, 9, 12, 14, 15, 17, 18, 19]]
[[2, 4, 14, 28, 57, 64], [0, 1, 2, 3, 4, 6, 8, 9, 12, 15, 16, 17, 19]]
[[2, 4, 14, 28, 57, 64], [0, 1, 2, 4, 5, 6, 9, 10, 14, 15, 16, 17, 19]]
[[2, 4, 14, 28, 57, 64], [0, 1, 4, 9, 14, 15, 16, 17, 19]]
[[2, 4, 14, 28, 57, 64], [0, 1, 2, 4, 5, 9, 14, 15, 17, 18, 19]]
[[2, 4, 14, 28, 57, 64], [0, 4, 8, 10, 12, 15, 17, 18, 19]]
[[2, 4, 14, 28, 52, 64], [0, 2, 4, 6, 8, 9, 13, 15, 16, 17, 19]]
[[2, 4, 14, 28, 52, 64], [0, 5, 9, 10, 13, 15, 16, 17, 19]]
[[2, 4, 14, 28, 52, 64], [0, 1, 8, 9, 12, 13, 14, 15, 17, 18, 19]]
[[2, 4, 14, 28, 52, 64], [0, 2, 3, 4, 6, 7, 8, 9, 10, 12, 13, 15, 17, 18, 19]]
[[2, 4, 14, 28, 52, 64], [0, 2, 4, 5, 6, 7, 9, 13, 14, 15, 17, 18, 19]]
[[2, 4, 14, 28, 52, 64], [0, 5, 9, 10, 13, 15, 17, 18, 19]]
[[2, 4, 14, 28, 52, 64], [0, 1, 2, 8, 12, 13, 14, 15, 16, 17, 19]]
[[2, 4, 14, 28, 52, 64], [0, 2, 3, 4, 6, 10, 12, 13, 14, 15, 16, 17, 19]]
[[2, 4, 14, 28, 42, 76], [0, 1, 2, 4, 5, 7, 9, 12, 14, 15, 16, 17, 19]]
[[2, 4, 14, 28, 42, 76], [0, 1, 4, 7, 12, 15, 17, 18, 19]]
[[2, 4, 14, 28, 42, 76], [0, 1, 3, 4, 6, 15, 17, 18, 19]]
[[2, 4, 14, 28, 42, 76], [0, 4, 7, 8, 9, 10, 14, 15, 17, 18, 19]]
[[2, 4, 14, 28, 42, 76], [0, 1, 2, 4, 5, 6, 8, 9, 10, 12, 14, 15, 17, 18, 19]]
[[2, 4, 14, 28, 42, 76], [0, 1, 4, 6, 7, 9, 10, 12, 14, 15, 16, 17, 19]]
[[2, 4, 14, 28, 42, 76], [0, 4, 5, 7, 8, 9, 10, 15, 16, 17, 19]]
[[2, 4, 14, 28, 42, 76], [0, 1, 2, 3, 4, 6, 7, 8, 9, 15, 16, 17, 19]]
[[2, 4, 14, 8, 22, 64], [0, 3, 5, 8, 9, 15, 17, 18, 19]]
[[2, 4, 14, 8, 22, 64], [0, 2, 6, 7, 8, 9, 12, 15, 17, 18, 19]]
[[2, 4, 14, 8, 22, 64], [0, 2, 6, 12, 14, 15, 16, 17, 19]]
[[2, 4, 14, 8, 22, 64], [0, 3, 6, 8, 10, 15, 16, 17, 19]]
[[2, 4, 14, 8, 22, 64], [0, 3, 8, 15, 16, 17, 19]]
[[2, 4, 14, 8, 22, 64], [0, 1, 3, 5, 10, 12, 14, 15, 17, 18, 19]]
[[2, 4, 14, 8, 22, 64], [0, 1, 2, 3, 10, 12, 14, 15, 16, 17, 19]]
[[2, 4, 14, 8, 22, 64], [0, 3, 5, 6, 7, 10, 14, 15, 17, 18, 19]]
[[2, 4, 14, 12, 12, 88], [0, 1, 4, 6, 8, 9, 10, 13, 14, 15, 16, 17, 19]]
[[2, 4, 14, 12, 12, 88], [0, 8, 9, 10, 12, 13, 14, 15, 17, 18, 19]]
[[2, 4, 14, 12, 12, 88], [0, 1, 3, 4, 6, 12, 13, 15, 16, 17, 19]]
[[2, 4, 14, 12, 12, 88], [0, 1, 2, 5, 9, 13, 14, 15, 16, 17, 19]]
[[2, 4, 14, 12, 12, 88], [0, 1, 2, 4, 5, 6, 7, 9, 10, 13, 14, 15, 17, 18, 19]]
[[2, 4, 14, 12, 12, 88], [0, 1, 5, 9, 13, 15, 17, 18, 19]]
[[2, 4, 14, 12, 12, 88], [0, 8, 10, 12, 13, 15, 16, 17, 19]]
[[2, 4, 14, 12, 12, 88], [0, 1, 2, 3, 4, 6, 7, 8, 9, 12, 13, 15, 17, 18, 19]]
[[2, 4, 14, 12, 37, 88], [0, 3, 6, 7, 9, 10, 11, 13, 14, 15, 16, 17, 19]]
[[2, 4, 14, 12, 37, 88], [0, 2, 4, 6, 11, 12, 14, 15, 17, 18, 19]]
[[2, 4, 14, 12, 37, 88], [0, 2, 4, 5, 6, 7, 8, 9, 11, 13, 14, 15, 16, 17, 19]]
[[2, 4, 14, 12, 37, 88], [0, 3, 5, 6, 8, 9, 10, 11, 12, 15, 17, 18, 19]]
[[2, 4, 14, 12, 37, 88], [0, 2, 4, 6, 7, 11, 14, 15, 17, 18, 19]]
[[2, 4, 14, 12, 37, 88], [0, 2, 3, 5, 6, 10, 11, 12, 13, 15, 16, 17, 19]]
[[2, 4, 14, 12, 37, 88], [0, 2, 3, 6, 7, 8, 9, 10, 11, 15, 17, 18, 19]]
[[2, 4, 14, 12, 37, 88], [0, 2, 4, 5, 6, 8, 11, 12, 13, 15, 16, 17, 19]]
[[2, 4, 14, 36, 37, 112], [0, 2, 6, 7, 8, 9, 13, 15, 17, 18, 19]]
[[2, 4, 14, 36, 37, 112], [0, 1, 4, 5, 9, 12, 13, 15, 17, 18, 19]]
[[2, 4, 14, 36, 37, 112], [0, 2, 4, 8, 10, 13, 14, 15, 16, 17, 19]]
[[2, 4, 14, 36, 37, 112], [0, 3, 5, 6, 8, 9, 10, 12, 13, 15, 16, 17, 19]]
[[2, 4, 14, 36, 37, 112], [0, 1, 2, 4, 9, 12, 13, 15, 16, 17, 19]]
[[2, 4, 14, 36, 37, 112], [0, 2, 6, 13, 14, 15, 16, 17, 19]]
[[2, 4, 14, 36, 37, 112], [0, 2, 4, 5, 8, 9, 10, 13, 14, 15, 17, 18, 19]]
[[2, 4, 14, 36, 37, 112], [0, 3, 6, 7, 9, 10, 12, 13, 14, 15, 17, 18, 19]]
[[2, 4, 20, 16, 22, 76], [0, 2, 5, 6, 7, 9, 14, 15, 17, 18, 19]]
[[2, 4, 20, 16, 22, 76], [0, 1, 9, 12, 14, 15, 17, 18, 19]]
[[2, 4, 20, 16, 22, 76], [0, 2, 5, 6, 8, 9, 14, 15, 16, 17, 19]]
[[2, 4, 20, 16, 22, 76], [0, 8, 10, 15, 17, 18, 19]]
[[2, 4, 20, 16, 22, 76], [0, 3, 6, 7, 8, 10, 12, 15, 17, 18, 19]]
[[2, 4, 20, 16, 22, 76], [0, 3, 5, 6, 9, 10, 12, 15, 16, 17, 19]]
[[2, 4, 20, 16, 22, 76], [0, 1, 2, 9, 12, 15, 16, 17, 19]]
[[2, 4, 20, 16, 22, 76], [0, 8, 9, 10, 14, 15, 16, 17, 19]]
[[2, 4, 20, 20, 37, 88], [0, 3, 4, 5, 6, 7, 8, 10, 12, 13, 14, 15, 16, 17, 19]]
[[2, 4, 20, 20, 37, 88], [0, 2, 4, 5, 6, 8, 9, 13, 14, 15, 17, 18, 19]]
[[2, 4, 20, 20, 37, 88], [0, 3, 4, 5, 6, 9, 10, 12, 13, 15, 17, 18, 19]]
[[2, 4, 20, 20, 37, 88], [0, 3, 5, 7, 12, 13, 14, 15, 16, 17, 19]]
[[2, 4, 20, 20, 37, 88], [0, 3, 7, 9, 12, 13, 14, 15, 17, 18, 19]]
[[2, 4, 20, 20, 37, 88], [0, 2, 4, 6, 7, 9, 13, 15, 16, 17, 19]]
[[2, 4, 20, 20, 37, 88], [0, 1, 2, 3, 7, 8, 9, 10, 13, 15, 17, 18, 19]]
[[2, 4, 20, 20, 37, 88], [0, 1, 3, 5, 7, 8, 9, 10, 13, 15, 16, 17, 19]]
[[2, 4, 20, 20, 27, 100], [0, 1, 2, 3, 9, 10, 11, 12, 13, 15, 16, 17, 19]]
[[2, 4, 20, 20, 27, 100], [0, 2, 7, 9, 10, 11, 12, 15, 17, 18, 19]]
[[2, 4, 20, 20, 27, 100], [0, 1, 4, 5, 8, 9, 11, 12, 13, 15, 16, 17, 19]]
[[2, 4, 20, 20, 27, 100], [0, 2, 3, 4, 7, 8, 11, 13, 14, 15, 16, 17, 19]]
[[2, 4, 20, 20, 27, 100], [0, 1, 3, 5, 9, 10, 11, 15, 17, 18, 19]]
[[2, 4, 20, 20, 27, 100], [0, 2, 3, 4, 7, 8, 11, 12, 14, 15, 17, 18, 19]]
[[2, 4, 20, 20, 27, 100], [0, 2, 7, 10, 11, 13, 14, 15, 16, 17, 19]]
[[2, 4, 20, 20, 27, 100], [0, 1, 2, 4, 8, 11, 14, 15, 17, 18, 19]]
[[2, 4, 20, 24, 32, 100], [0, 2, 4, 7, 10, 12, 14, 15, 17, 18, 19]]
[[2, 4, 20, 24, 32, 100], [0, 1, 4, 5, 7, 8, 9, 15, 16, 17, 19]]
[[2, 4, 20, 24, 32, 100], [0, 1, 4, 7, 13, 15, 16, 17, 19]]
[[2, 4, 20, 24, 32, 100], [0, 2, 4, 7, 8, 9, 10, 12, 13, 15, 17, 18, 19]]
[[2, 4, 20, 24, 32, 100], [0, 2, 4, 5, 7, 9, 10, 12, 14, 15, 16, 17, 19]]
[[2, 4, 20, 24, 32, 100], [0, 2, 3, 4, 6, 7, 8, 9, 10, 15, 16, 17, 19]]
[[2, 4, 20, 24, 32, 100], [0, 2, 3, 4, 6, 10, 14, 15, 17, 18, 19]]
[[2, 4, 20, 24, 32, 100], [0, 3, 5, 6, 9, 10, 13, 15, 17, 18, 19]]
[[2, 4, 20, 24, 32, 100], [0, 4, 6, 7, 9, 12, 14, 15, 16, 17, 19]]
[[2, 4, 20, 24, 32, 100], [0, 4, 5, 6, 8, 9, 12, 15, 17, 18, 19]]
[[2, 4, 20, 24, 32, 100], [0, 2, 4, 5, 7, 8, 9, 10, 12, 13, 14, 15, 16, 17, 19]]
[[2, 4, 20, 24, 32, 100], [0, 1, 2, 4, 5, 7, 9, 13, 14, 15, 17, 18, 19]]
[[2, 4, 20, 24, 32, 100], [0, 1, 2, 4, 7, 8, 9, 15, 17, 18, 19]]
[[2, 4, 20, 24, 32, 100], [0, 3, 6, 7, 8, 10, 13, 15, 16, 17, 19]]
[[2, 4, 20, 24, 32, 100], [0, 6, 8, 9, 12, 13, 14, 15, 17, 18, 19]]
[[2, 4, 20, 24, 32, 100], [0, 6, 7, 9, 12, 13, 14, 15, 16, 17, 19]]
[[2, 4, 20, 24, 32, 88], [0, 2, 6, 7, 8, 9, 12, 15, 16, 17, 19]]
[[2, 4, 20, 24, 32, 88], [0, 2, 6, 12, 14, 15, 17, 18, 19]]
[[2, 4, 20, 24, 32, 88], [0, 5, 7, 8, 9, 10, 12, 15, 16, 17, 19]]
[[2, 4, 20, 24, 32, 88], [0, 2, 3, 6, 8, 9, 10, 15, 17, 18, 19]]
[[2, 4, 20, 24, 32, 88], [0, 5, 7, 8, 9, 10, 12, 15, 17, 18, 19]]
[[2, 4, 20, 24, 32, 88], [0, 2, 3, 5, 6, 7, 9, 10, 14, 15, 16, 17, 19]]
[[2, 4, 20, 24, 32, 88], [0, 1, 2, 7, 14, 15, 17, 18, 19]]
[[2, 4, 20, 24, 32, 88], [0, 1, 7, 9, 14, 15, 16, 17, 19]]
[[2, 4, 20, 24, 17, 88], [0, 2, 7, 9, 10, 12, 13, 15, 17, 18, 19]]
[[2, 4, 20, 24, 17, 88], [0, 2, 7, 10, 12, 13, 14, 15, 16, 17, 19]]
[[2, 4, 20, 24, 17, 88], [0, 1, 7, 8, 9, 13, 14, 15, 17, 18, 19]]
[[2, 4, 20, 24, 17, 88], [0, 2, 4, 6, 7, 8, 12, 13, 14, 15, 16, 17, 19]]
[[2, 4, 20, 24, 17, 88], [0, 1, 2, 7, 8, 9, 13, 15, 16, 17, 19]]
[[2, 4, 20, 24, 17, 88], [0, 3, 4, 5, 6, 7, 9, 10, 13, 15, 16, 17, 19]]
[[2, 4, 20, 24, 17, 88], [0, 2, 4, 5, 6, 9, 12, 13, 14, 15, 17, 18, 19]]
[[2, 4, 20, 24, 17, 88], [0, 3, 4, 5, 6, 8, 9, 10, 13, 15, 17, 18, 19]]
[[2, 4, 20, 24, 17, 100], [0, 5, 7, 8, 9, 10, 11, 12, 13, 15, 17, 18, 19]]
[[2, 4, 20, 24, 17, 100], [0, 1, 2, 3, 4, 9, 10, 11, 13, 15, 17, 18, 19]]
[[2, 4, 20, 24, 17, 100], [0, 2, 3, 5, 7, 8, 9, 11, 12, 13, 14, 15, 17, 18, 19]]
[[2, 4, 20, 24, 17, 100], [0, 1, 4, 9, 11, 13, 14, 15, 17, 18, 19]]
[[2, 4, 20, 24, 17, 100], [0, 1, 2, 4, 5, 9, 11, 12, 14, 15, 16, 17, 19]]
[[2, 4, 20, 24, 17, 100], [0, 1, 3, 4, 9, 10, 11, 12, 14, 15, 16, 17, 19]]
[[2, 4, 20, 24, 17, 100], [0, 2, 3, 7, 8, 9, 11, 15, 16, 17, 19]]
[[2, 4, 20, 24, 17, 100], [0, 5, 7, 8, 9, 10, 11, 15, 16, 17, 19]]
[[2, 4, 17, 24, 27, 109], [0, 1, 2, 4, 6, 7, 9, 10, 12, 15, 16, 17, 19]]
[[2, 4, 17, 24, 27, 109], [0, 1, 4, 5, 6, 8, 9, 10, 12, 15, 17, 18, 19]]
[[2, 4, 17, 24, 27, 109], [0, 2, 4, 7, 8, 9, 10, 15, 17, 18, 19]]
[[2, 4, 17, 24, 27, 109], [0, 2, 4, 5, 7, 8, 9, 10, 14, 15, 16, 17, 19]]
[[2, 4, 17, 24, 27, 109], [0, 1, 2, 3, 4, 6, 14, 15, 17, 18, 19]]
[[2, 4, 17, 24, 27, 109], [0, 1, 2, 4, 7, 12, 14, 15, 17, 18, 19]]
[[2, 4, 17, 24, 27, 109], [0, 1, 4, 5, 7, 9, 12, 15, 16, 17, 19]]
[[2, 4, 17, 24, 27, 109], [0, 1, 3, 4, 6, 7, 8, 9, 14, 15, 16, 17, 19]]
[[2, 4, 17, 24, 17, 109], [0, 1, 2, 3, 4, 6, 11, 13, 14, 15, 16, 17, 19]]
[[2, 4, 17, 24, 17, 109], [0, 1, 5, 6, 7, 8, 9, 10, 11, 12, 13, 15, 16, 17, 19]]
[[2, 4, 17, 24, 17, 109], [0, 2, 4, 5, 6, 8, 9, 11, 14, 15, 17, 18, 19]]
[[2, 4, 17, 24, 17, 109], [0, 2, 3, 5, 6, 7, 10, 11, 12, 15, 17, 18, 19]]
[[2, 4, 17, 24, 17, 109], [0, 2, 4, 6, 7, 9, 11, 12, 13, 15, 16, 17, 19]]
[[2, 4, 17, 24, 17, 109], [0, 1, 2, 5, 6, 10, 11, 15, 17, 18, 19]]
[[2, 4, 17, 24, 17, 109], [0, 2, 3, 6, 8, 10, 11, 13, 14, 15, 16, 17, 19]]
[[2, 4, 17, 24, 17, 109], [0, 1, 3, 4, 6, 7, 8, 9, 11, 12, 14, 15, 17, 18, 19]]
[[2, 4, 17, 24, 32, 85], [0, 1, 2, 3, 4, 7, 8, 10, 11, 13, 14, 15, 16, 17, 19]]
[[2, 4, 17, 24, 32, 85], [0, 2, 3, 5, 9, 11, 14, 15, 17, 18, 19]]
[[2, 4, 17, 24, 32, 85], [0, 1, 3, 4, 7, 8, 10, 11, 12, 15, 17, 18, 19]]
[[2, 4, 17, 24, 32, 85], [0, 4, 8, 10, 11, 15, 17, 18, 19]]
[[2, 4, 17, 24, 32, 85], [0, 1, 2, 7, 11, 13, 14, 15, 16, 17, 19]]
[[2, 4, 17, 24, 32, 85], [0, 1, 7, 9, 11, 12, 14, 15, 17, 18, 19]]
[[2, 4, 17, 24, 32, 85], [0, 4, 5, 8, 9, 10, 11, 12, 13, 15, 16, 17, 19]]
[[2, 4, 17, 24, 32, 85], [0, 2, 3, 9, 11, 12, 13, 15, 16, 17, 19]]
[[2, 4, 17, 24, 27, 85], [0, 2, 4, 5, 9, 10, 11, 12, 14, 15, 16, 17, 19]]
[[2, 4, 17, 24, 27, 85], [0, 1, 3, 5, 7, 8, 9, 10, 11, 12, 13, 15, 17, 18, 19]]
[[2, 4, 17, 24, 27, 85], [0, 2, 4, 9, 10, 11, 13, 15, 17, 18, 19]]
[[2, 4, 17, 24, 27, 85], [0, 1, 2, 3, 7, 8, 9, 10, 11, 15, 16, 17, 19]]
[[2, 4, 17, 24, 27, 85], [0, 3, 4, 9, 11, 13, 14, 15, 17, 18, 19]]
[[2, 4, 17, 24, 27, 85], [0, 3, 4, 9, 11, 12, 14, 15, 16, 17, 19]]
[[2, 4, 17, 24, 27, 85], [0, 1, 2, 5, 7, 8, 9, 11, 12, 13, 14, 15, 17, 18, 19]]
[[2, 4, 17, 24, 27, 85], [0, 1, 5, 7, 8, 9, 11, 15, 16, 17, 19]]
[[2, 4, 17, 16, 17, 85], [0, 1, 2, 4, 5, 8, 9, 13, 14, 15, 17, 18, 19]]
[[2, 4, 17, 16, 17, 85], [0, 1, 4, 8, 13, 15, 16, 17, 19]]
[[2, 4, 17, 16, 17, 85], [0, 1, 6, 10, 13, 15, 16, 17, 19]]
[[2, 4, 17, 16, 17, 85], [0, 1, 3, 6, 7, 9, 12, 13, 14, 15, 17, 18, 19]]
[[2, 4, 17, 16, 17, 85], [0, 4, 5, 9, 10, 12, 13, 15, 17, 18, 19]]
[[2, 4, 17, 16, 17, 85], [0, 4, 9, 10, 12, 13, 14, 15, 16, 17, 19]]
[[2, 4, 17, 16, 17, 85], [0, 1, 2, 3, 5, 6, 8, 9, 12, 13, 14, 15, 16, 17, 19]]
[[2, 4, 17, 16, 17, 85], [0, 1, 2, 6, 7, 8, 9, 10, 13, 15, 17, 18, 19]]
[[2, 4, 17, 16, 12, 73], [0, 4, 5, 6, 9, 15, 16, 17, 19]]
[[2, 4, 17, 16, 12, 73], [0, 4, 6, 7, 8, 15, 17, 18, 19]]
[[2, 4, 17, 16, 12, 73], [0, 2, 4, 5, 9, 10, 14, 15, 17, 18, 19]]
[[2, 4, 17, 16, 12, 73], [0, 2, 4, 9, 10, 15, 16, 17, 19]]
[[2, 4, 17, 16, 12, 73], [0, 3, 4, 6, 7, 9, 10, 12, 14, 15, 17, 18, 19]]
[[2, 4, 17, 16, 12, 73], [0, 3, 4, 6, 8, 9, 10, 12, 14, 15, 16, 17, 19]]
[[2, 4, 17, 16, 12, 73], [0, 1, 2, 4, 5, 8, 9, 12, 14, 15, 16, 17, 19]]
[[2, 4, 17, 16, 12, 73], [0, 1, 4, 8, 12, 15, 17, 18, 19]]
[[2, 4, 17, 16, 27, 97], [0, 3, 4, 5, 8, 12, 14, 15, 17, 18, 19]]
[[2, 4, 17, 16, 27, 97], [0, 1, 2, 3, 4, 5, 6, 9, 14, 15, 16, 17, 19]]
[[2, 4, 17, 16, 27, 97], [0, 3, 4, 5, 8, 9, 12, 15, 16, 17, 19]]
[[2, 4, 17, 16, 27, 97], [0, 1, 4, 5, 6, 7, 9, 10, 12, 15, 17, 18, 19]]
[[2, 4, 17, 16, 27, 97], [0, 1, 3, 4, 5, 6, 7, 8, 14, 15, 17, 18, 19]]
[[2, 4, 17, 16, 27, 97], [0, 1, 2, 4, 6, 8, 9, 10, 12, 15, 16, 17, 19]]
[[2, 4, 17, 16, 27, 97], [0, 1, 3, 4, 9, 10, 14, 15, 16, 17, 19]]
[[2, 4, 17, 16, 27, 97], [0, 1, 2, 3, 4, 9, 10, 15, 17, 18, 19]]
[[2, 4, 17, 16, 37, 85], [0, 1, 2, 4, 5, 6, 10, 11, 13, 15, 17, 18, 19]]
[[2, 4, 17, 16, 37, 85], [0, 2, 4, 5, 6, 7, 8, 9, 11, 12, 14, 15, 16, 17, 19]]
[[2, 4, 17, 16, 37, 85], [0, 2, 3, 5, 6, 7, 8, 10, 11, 12, 13, 15, 17, 18, 19]]
[[2, 4, 17, 16, 37, 85], [0, 1, 2, 3, 6, 7, 8, 11, 12, 13, 14, 15, 17, 18, 19]]
[[2, 4, 17, 16, 37, 85], [0, 2, 3, 6, 9, 10, 11, 15, 16, 17, 19]]
[[2, 4, 17, 16, 37, 85], [0, 1, 3, 5, 6, 9, 11, 15, 16, 17, 19]]
[[2, 4, 17, 16, 37, 85], [0, 1, 4, 6, 7, 8, 9, 10, 11, 12, 14, 15, 16, 17, 19]]
[[2, 4, 17, 16, 37, 85], [0, 2, 4, 6, 11, 13, 14, 15, 17, 18, 19]]
[[2, 4, 17, 28, 27, 121], [0, 1, 3, 4, 5, 6, 7, 9, 13, 15, 16, 17, 19]]
[[2, 4, 17, 28, 27, 121], [0, 1, 2, 7, 12, 13, 14, 15, 16, 17, 19]]
[[2, 4, 17, 28, 27, 121], [0, 1, 7, 9, 12, 13, 14, 15, 17, 18, 19]]
[[2, 4, 17, 28, 27, 121], [0, 1, 2, 3, 4, 5, 6, 8, 9, 13, 14, 15, 17, 18, 19]]
[[2, 4, 17, 28, 27, 121], [0, 2, 7, 8, 9, 10, 13, 15, 17, 18, 19]]
[[2, 4, 17, 28, 27, 121], [0, 2, 7, 8, 9, 10, 13, 15, 16, 17, 19]]
[[2, 4, 17, 28, 27, 121], [0, 1, 2, 4, 6, 7, 8, 10, 12, 13, 14, 15, 16, 17, 19]]
[[2, 4, 17, 28, 27, 121], [0, 1, 4, 5, 6, 9, 10, 12, 13, 15, 17, 18, 19]]
[[2, 4, 17, 28, 37, 85], [0, 1, 2, 8, 9, 11, 12, 15, 16, 17, 19]]
[[2, 4, 17, 28, 37, 85], [0, 3, 4, 7, 11, 12, 13, 15, 17, 18, 19]]
[[2, 4, 17, 28, 37, 85], [0, 2, 4, 5, 7, 9, 10, 11, 14, 15, 16, 17, 19]]
[[2, 4, 17, 28, 37, 85], [0, 2, 4, 7, 10, 11, 12, 13, 14, 15, 17, 18, 19]]
[[2, 4, 17, 28, 37, 85], [0, 1, 3, 5, 8, 9, 10, 11, 12, 15, 16, 17, 19]]
[[2, 4, 17, 28, 37, 85], [0, 3, 4, 7, 9, 11, 14, 15, 16, 17, 19]]
[[2, 4, 17, 28, 37, 85], [0, 1, 2, 3, 8, 10, 11, 13, 14, 15, 17, 18, 19]]
[[2, 4, 17, 28, 37, 85], [0, 1, 8, 11, 13, 15, 17, 18, 19]]
[[2, 4, 17, 28, 27, 109], [0, 3, 7, 8, 9, 11, 12, 13, 14, 15, 18]]
[[2, 4, 17, 28, 27, 109], [0, 1, 3, 4, 8, 9, 10, 11, 12, 13, 14, 15, 18]]
[[2, 4, 17, 28, 27, 109], [0, 1, 2, 3, 4, 8, 10, 11, 14, 15, 16, 18, 19]]
[[2, 4, 17, 28, 27, 109], [0, 3, 5, 7, 8, 9, 11, 15, 16, 18, 19]]
[[2, 4, 17, 28, 27, 109], [0, 2, 4, 5, 6, 9, 11, 13, 14, 15, 18]]
[[2, 4, 17, 28, 27, 109], [0, 2, 3, 5, 6, 7, 9, 10, 11, 13, 14, 15, 18]]
[[2, 4, 17, 28, 27, 109], [0, 2, 4, 6, 7, 8, 11, 12, 14, 15, 16, 18, 19]]
[[2, 4, 17, 28, 27, 109], [0, 2, 3, 6, 8, 9, 10, 11, 12, 15, 16, 18, 19]]
[[2, 4, 17, 20, 7, 97], [0, 1, 4, 7, 8, 9, 12, 13, 14, 15, 17, 18, 19]]
[[2, 4, 17, 20, 7, 97], [0, 1, 2, 4, 5, 7, 8, 9, 12, 13, 14, 15, 16, 17, 19]]
[[2, 4, 17, 20, 7, 97], [0, 1, 3, 6, 7, 8, 13, 15, 16, 17, 19]]
[[2, 4, 17, 20, 7, 97], [0, 1, 6, 7, 9, 10, 12, 13, 14, 15, 16, 17, 19]]
[[2, 4, 17, 20, 7, 97], [0, 1, 2, 3, 5, 6, 9, 13, 14, 15, 17, 18, 19]]
[[2, 4, 17, 20, 7, 97], [0, 1, 2, 6, 8, 9, 10, 12, 13, 15, 17, 18, 19]]
[[2, 4, 17, 20, 7, 97], [0, 4, 5, 7, 9, 10, 13, 15, 17, 18, 19]]
[[2, 4, 17, 20, 7, 97], [0, 4, 7, 10, 13, 15, 16, 17, 19]]
[[2, 4, 17, 20, 12, 109], [0, 2, 6, 7, 9, 12, 13, 15, 16, 17, 19]]
[[2, 4, 17, 20, 12, 109], [0, 2, 3, 5, 6, 9, 10, 13, 14, 15, 17, 18, 19]]
[[2, 4, 17, 20, 12, 109], [0, 4, 5, 7, 8, 9, 10, 12, 13, 15, 16, 17, 19]]
[[2, 4, 17, 20, 12, 109], [0, 1, 4, 5, 7, 9, 13, 15, 17, 18, 19]]
[[2, 4, 17, 20, 12, 109], [0, 4, 7, 8, 9, 10, 12, 13, 14, 15, 17, 18, 19]]
[[2, 4, 17, 20, 12, 109], [0, 1, 2, 4, 7, 13, 14, 15, 16, 17, 19]]
[[2, 4, 17, 20, 12, 109], [0, 2, 6, 8, 9, 12, 13, 15, 17, 18, 19]]
[[2, 4, 17, 20, 12, 109], [0, 2, 3, 6, 7, 8, 10, 13, 14, 15, 16, 17, 19]]
[[2, 4, 17, 20, 27, 103], [0, 1, 3, 5, 7, 10, 14, 15, 17, 18, 19]]
[[2, 4, 17, 20, 27, 103], [0, 2, 3, 5, 7, 8, 9, 12, 14, 15, 16, 17, 19]]
[[2, 4, 17, 20, 27, 103], [0, 5, 6, 7, 9, 15, 16, 17, 19]]
[[2, 4, 17, 20, 27, 103], [0, 1, 2, 3, 7, 9, 10, 15, 16, 17, 19]]
[[2, 4, 17, 20, 27, 103], [0, 3, 5, 6, 10, 12, 14, 15, 17, 18, 19]]
[[2, 4, 17, 20, 27, 103], [0, 2, 3, 7, 8, 9, 12, 15, 17, 18, 19]]
[[2, 4, 17, 20, 27, 103], [0, 3, 6, 7, 8, 9, 10, 12, 14, 15, 16, 17, 19]]
[[2, 4, 17, 20, 27, 103], [0, 5, 6, 8, 9, 15, 17, 18, 19]]
[[2, 4, 17, 20, 17, 73], [0, 1, 2, 3, 7, 9, 10, 12, 13, 15, 17, 18, 19]]
[[2, 4, 17, 20, 17, 73], [0, 3, 7, 8, 9, 13, 14, 15, 17, 18, 19]]
[[2, 4, 17, 20, 17, 73], [0, 1, 3, 5, 7, 10, 12, 13, 14, 15, 16, 17, 19]]
[[2, 4, 17, 20, 17, 73], [0, 3, 5, 7, 8, 9, 13, 15, 16, 17, 19]]
[[2, 4, 17, 20, 17, 73], [0, 1, 4, 5, 6, 8, 9, 10, 13, 15, 17, 18, 19]]
[[2, 4, 17, 20, 17, 73], [0, 1, 2, 4, 6, 7, 9, 10, 13, 15, 16, 17, 19]]
[[2, 4, 17, 20, 17, 73], [0, 1, 3, 4, 5, 6, 7, 8, 12, 13, 14, 15, 16, 17, 19]]
[[2, 4, 17, 20, 17, 73], [0, 1, 2, 3, 4, 5, 6, 9, 12, 13, 14, 15, 17, 18, 19]]
[[2, 4, 17, 20, 17, 121], [0, 1, 2, 3, 7, 8, 10, 11, 14, 15, 17, 18, 19]]
[[2, 4, 17, 20, 17, 121], [0, 1, 2, 3, 8, 10, 11, 12, 14, 15, 17, 18, 19]]
[[2, 4, 17, 20, 17, 121], [0, 2, 3, 4, 9, 11, 13, 15, 16, 17, 19]]
[[2, 4, 17, 20, 17, 121], [0, 2, 3, 4, 9, 11, 12, 15, 17, 18, 19]]
[[2, 4, 17, 20, 17, 121], [0, 1, 3, 5, 8, 9, 10, 11, 13, 15, 16, 17, 19]]
[[2, 4, 17, 20, 17, 121], [0, 1, 3, 5, 7, 8, 10, 11, 12, 13, 14, 15, 16, 17, 19]]
[[2, 4, 17, 20, 17, 121], [0, 3, 4, 5, 7, 9, 11, 15, 17, 18, 19]]
[[2, 4, 17, 20, 17, 121], [0, 3, 4, 5, 7, 11, 12, 13, 14, 15, 16, 17, 19]]
