[[3, 5, 12, 25, 38, 44], [0, 1, 3, 5, 6, 7, 9, 11, 12, 13, 14, 15, 18]]
[[3, 5, 12, 25, 38, 44], [0, 1, 2, 4, 5, 6, 7, 8, 10, 11, 14, 15, 16, 18, 19]]
[[3, 5, 12, 25, 38, 44], [0, 1, 2, 3, 4, 7, 9, 10, 11, 12, 14, 15, 16, 17, 19]]
[[3, 5, 12, 25, 38, 44], [0, 3, 4, 6, 7, 8, 9, 10, 13, 15, 17, 18, 19]]
[[3, 5, 12, 25, 38, 44], [0, 4, 5, 6, 8, 9, 12, 13, 14, 15, 16, 17, 19]]
[[3, 5, 12, 25, 38, 44], [0, 2, 3, 5, 8, 11, 12, 13, 14, 15, 17, 18, 19]]
[[3, 5, 12, 25, 38, 116], [0, 1, 4, 5, 7, 9, 10, 18, 19]]
[[3, 5, 12, 25, 38, 116], [0, 1, 2, 4, 8, 10, 14, 16, 17]]
[[3, 5, 12, 25, 38, 116], [0, 1, 2, 4, 9, 10, 12, 18, 19]]
[[3, 5, 12, 25, 38, 116], [0, 1, 4, 5, 6, 7, 14, 16, 17, 18, 19]]
[[3, 5, 12, 25, 38, 116], [0, 1, 2, 4, 7, 10, 14, 18, 19]]
[[3, 5, 12, 25, 38, 116], [0, 2, 3, 4, 8, 9, 10, 16, 17, 18, 19]]
[[3, 5, 12, 25, 38, 116], [0, 1, 2, 4, 6, 12, 14, 16, 17]]
[[3, 5, 12, 25, 38, 116], [0, 1, 4, 5, 9, 10, 12, 18, 19]]
[[3, 5, 12, 25, 38, 116], [0, 1, 4, 5, 8, 9, 10, 16, 17, 18, 19]]
[[3, 5, 12, 25, 38, 116], [0, 2, 3, 4, 6, 12, 14, 16, 17]]
[[3, 5, 12, 25, 38, 116], [0, 1, 4, 5, 6, 7, 8, 9, 12, 16, 17, 18, 19]]
[[3, 5, 12, 25, 38, 116], [0, 1, 2, 4, 10, 12, 14, 16, 17]]
[[3, 5, 12, 25, 38, 116], [0, 1, 4, 5, 7, 10, 14, 18, 19]]
[[3, 5, 12, 25, 38, 116], [0, 2, 3, 4, 6, 7, 14, 16, 17, 18, 19]]
[[3, 5, 12, 25, 38, 116], [0, 1, 4, 5, 10, 12, 14, 16, 17, 18, 19]]
[[3, 5, 12, 25, 38, 116], [0, 1, 2, 4, 6, 8, 14, 16, 17]]
[[3, 5, 12, 25, 38, 116], [0, 2, 3, 4, 6, 8, 14, 16, 17]]
[[3, 5, 12, 25, 38, 116], [0, 2, 3, 4, 10, 12, 14, 16, 17, 18, 19]]
[[3, 5, 12, 25, 38, 116], [0, 2, 3, 4, 8, 10, 14, 16, 17]]
[[3, 5, 12, 25, 38, 116], [0, 1, 2, 4, 10, 12, 14, 18, 19]]
[[3, 5, 12, 25, 38, 116], [0, 1, 2, 4, 7, 9, 10, 18, 19]]
[[3, 5, 12, 25, 38, 116], [0, 1, 4, 5, 10, 12, 14, 18, 19]]
[[3, 5, 12, 25, 38, 116], [0, 2, 3, 4, 6, 7, 8, 9, 12, 16, 17, 18, 19]]
[[3, 5, 12, 25, 38, 116], [0, 2, 3, 4, 10, 12, 14, 16, 17]]
[[3, 5, 12, 13, 38, 62], [0, 2, 3, 6, 7, 10, 13, 15, 16, 17, 19]]
[[3, 5, 12, 13, 38, 62], [0, 1, 2, 3, 5, 6, 7, 13, 14, 15, 16]]
[[3, 5, 12, 13, 38, 62], [0, 3, 5, 8, 9, 13, 14, 15, 16, 17, 19]]
[[3, 5, 12, 13, 38, 62], [0, 2, 5, 6, 12, 13, 14, 15, 17, 18, 19]]
[[3, 5, 12, 13, 38, 62], [0, 1, 3, 10, 12, 13, 14, 15, 17, 18, 19]]
[[3, 5, 12, 13, 38, 62], [0, 1, 5, 6, 8, 9, 10, 13, 14, 15, 19]]
[[3, 5, 12, 13, 18, 86], [0, 2, 10, 12, 13, 15, 19]]
[[3, 5, 12, 13, 18, 86], [0, 2, 8, 10, 13, 15, 17, 18, 19]]
[[3, 5, 12, 13, 18, 86], [0, 1, 8, 13, 14, 15, 16]]
[[3, 5, 12, 13, 18, 86], [0, 1, 5, 9, 12, 13, 14, 15, 16]]
[[3, 5, 12, 13, 18, 86], [0, 1, 12, 13, 14, 15, 16, 17, 19]]
[[3, 5, 12, 13, 18, 86], [0, 2, 5, 8, 10, 13, 14, 15, 19]]
[[3, 5, 12, 13, 18, 38], [0, 1, 2, 3, 5, 10, 12, 13, 14, 15, 16, 17, 19]]
[[3, 5, 12, 13, 18, 38], [0, 3, 5, 6, 7, 8, 9, 10, 12, 13, 14, 15, 16]]
[[3, 5, 12, 13, 18, 38], [0, 1, 2, 3, 6, 7, 8, 12, 13, 15, 17, 18, 19]]
[[3, 5, 12, 13, 18, 38], [0, 5, 6, 9, 12, 13, 14, 15, 19]]
[[3, 5, 12, 13, 18, 38], [0, 1, 2, 5, 6, 8, 10, 13, 14, 15, 16, 17, 19]]
[[3, 5, 12, 13, 18, 38], [0, 3, 8, 13, 14, 15, 17, 18, 19]]
[[3, 5, 12, 13, 18, 74], [0, 2, 3, 5, 7, 8, 9, 12, 13, 15, 17, 18, 19]]
[[3, 5, 12, 13, 18, 74], [0, 1, 2, 3, 5, 7, 10, 13, 14, 15, 16, 17, 19]]
[[3, 5, 12, 13, 18, 74], [0, 1, 2, 5, 6, 7, 10, 13, 14, 15, 16, 17, 19]]
[[3, 5, 12, 13, 18, 74], [0, 5, 6, 7, 8, 9, 12, 13, 14, 15, 16, 17, 18]]
[[3, 5, 12, 13, 18, 74], [0, 3, 5, 6, 8, 9, 10, 13, 14, 15, 17]]
[[3, 5, 12, 13, 18, 74], [0, 1, 3, 5, 6, 12, 13, 15, 17, 18, 19]]
[[3, 5, 12, 13, 48, 110], [0, 3, 4, 5, 6, 9, 10, 13, 14, 15, 16, 17, 19]]
[[3, 5, 12, 13, 48, 110], [0, 3, 5, 7, 8, 9, 11, 13, 14, 15, 17]]
[[3, 5, 12, 13, 48, 110], [0, 4, 5, 6, 7, 12, 13, 15, 17, 18, 19]]
[[3, 5, 12, 13, 48, 110], [0, 1, 2, 4, 5, 6, 9, 10, 11, 15, 16, 17, 19]]
[[3, 5, 12, 13, 48, 110], [0, 1, 2, 3, 4, 5, 10, 11, 14, 15, 16, 17, 18]]
[[3, 5, 12, 13, 48, 110], [0, 1, 2, 3, 5, 6, 11, 13, 14, 15, 17, 18, 19]]
[[3, 5, 12, 13, 33, 56], [0, 6, 9, 12, 13, 15, 16, 17, 19]]
[[3, 5, 12, 13, 33, 56], [0, 2, 3, 5, 6, 7, 10, 13, 14, 15, 17, 18, 19]]
[[3, 5, 12, 13, 33, 56], [0, 1, 2, 6, 9, 10, 12, 13, 14, 15, 17, 18, 19]]
[[3, 5, 12, 13, 33, 56], [0, 1, 3, 5, 6, 7, 9, 13, 14, 15, 16, 17, 19]]
[[3, 5, 12, 13, 33, 56], [0, 1, 3, 5, 8, 9, 10, 13, 14, 15, 16, 18, 19]]
[[3, 5, 12, 13, 33, 56], [0, 2, 3, 5, 8, 13, 14, 15, 18]]
[[3, 5, 12, 13, 38, 110], [0, 1, 3, 4, 5, 6, 8, 12, 13, 15, 16, 17, 19]]
[[3, 5, 12, 13, 38, 110], [0, 1, 3, 5, 7, 9, 10, 11, 12, 13, 14, 15, 16, 17, 19]]
[[3, 5, 12, 13, 38, 110], [0, 2, 3, 5, 6, 8, 10, 11, 12, 13, 14, 15, 17]]
[[3, 5, 12, 13, 38, 110], [0, 4, 5, 6, 8, 9, 11, 12, 14, 15, 16, 17, 18]]
[[3, 5, 12, 13, 38, 110], [0, 1, 2, 4, 5, 6, 7, 8, 10, 13, 14, 15, 17, 18, 19]]
[[3, 5, 12, 13, 38, 110], [0, 2, 3, 4, 5, 8, 9, 11, 12, 15, 17, 18, 19]]
[[3, 5, 12, 29, 33, 68], [0, 1, 2, 6, 7, 9, 10, 13, 14, 15, 17, 18, 19]]
[[3, 5, 12, 29, 33, 68], [0, 6, 7, 9, 13, 15, 19]]
[[3, 5, 12, 29, 33, 68], [0, 3, 7, 13, 14, 15, 18]]
[[3, 5, 12, 29, 33, 68], [0, 1, 3, 5, 7, 9, 10, 13, 14, 15, 16, 18, 19]]
[[3, 5, 12, 29, 33, 68], [0, 2, 3, 5, 6, 8, 10, 13, 14, 15, 16]]
[[3, 5, 12, 29, 33, 68], [0, 1, 2, 3, 6, 12, 13, 15, 16, 17, 19]]
[[3, 5, 12, 29, 28, 98], [0, 1, 5, 6, 7, 8, 10, 11, 12, 15, 19]]
[[3, 5, 12, 29, 28, 98], [0, 3, 4, 5, 7, 9, 14, 15, 16, 17, 18]]
[[3, 5, 12, 29, 28, 98], [0, 1, 2, 3, 4, 5, 6, 7, 11, 13, 14, 15, 16]]
[[3, 5, 12, 29, 28, 98], [0, 2, 5, 6, 7, 9, 11, 15, 17, 18, 19]]
[[3, 5, 12, 29, 28, 98], [0, 2, 3, 4, 6, 7, 10, 11, 13, 15, 16, 17, 19]]
[[3, 5, 12, 29, 28, 98], [0, 1, 3, 4, 7, 8, 10, 12, 14, 15, 17]]
[[3, 5, 12, 29, 38, 86], [0, 1, 6, 8, 10, 11, 14, 15, 17, 18, 19]]
[[3, 5, 12, 29, 38, 86], [0, 1, 3, 4, 5, 9, 10, 12, 14, 15, 19]]
[[3, 5, 12, 29, 38, 86], [0, 2, 3, 4, 5, 6, 10, 11, 12, 13, 14, 15, 18]]
[[3, 5, 12, 29, 38, 86], [0, 2, 3, 4, 9, 12, 14, 15, 16]]
[[3, 5, 12, 29, 38, 86], [0, 2, 6, 8, 11, 15, 16, 18, 19]]
[[3, 5, 12, 29, 38, 86], [0, 1, 3, 4, 6, 8, 9, 11, 13, 15, 16, 17, 19]]
[[3, 5, 12, 29, 43, 80], [0, 2, 4, 6, 7, 8, 13, 15, 16, 17, 19]]
[[3, 5, 12, 29, 43, 80], [0, 1, 4, 6, 10, 11, 14, 15, 16, 18, 19]]
[[3, 5, 12, 29, 43, 80], [0, 1, 3, 5, 6, 8, 9, 11, 12, 13, 14, 15, 18]]
[[3, 5, 12, 29, 43, 80], [0, 2, 3, 5, 7, 11, 12, 13, 14, 15, 16]]
[[3, 5, 12, 29, 43, 80], [0, 3, 4, 6, 8, 9, 10, 12, 13, 15, 17, 18, 19]]
[[3, 5, 12, 29, 43, 80], [0, 1, 2, 3, 4, 9, 10, 11, 14, 15, 19]]
[[3, 5, 12, 29, 43, 68], [0, 3, 4, 5, 9, 13, 14, 15, 16, 17, 19]]
[[3, 5, 12, 29, 43, 68], [0, 1, 5, 6, 8, 9, 10, 11, 12, 13, 14, 15, 16, 18, 19]]
[[3, 5, 12, 29, 43, 68], [0, 3, 4, 6, 9, 10, 11, 15, 16, 17, 19]]
[[3, 5, 12, 29, 43, 68], [0, 1, 2, 3, 4, 5, 6, 11, 14, 15, 18]]
[[3, 5, 12, 29, 43, 68], [0, 2, 5, 6, 11, 13, 14, 15, 17, 18, 19]]
[[3, 5, 12, 29, 43, 68], [0, 1, 2, 3, 4, 8, 9, 10, 12, 13, 14, 15, 17, 18, 19]]
[[3, 5, 12, 29, 58, 38], [0, 1, 2, 3, 5, 6, 7, 11, 12, 13, 14, 15, 18]]
[[3, 5, 12, 29, 58, 38], [0, 1, 4, 5, 6, 7, 8, 9, 10, 11, 14, 15, 16, 18, 19]]
[[3, 5, 12, 29, 58, 38], [0, 1, 2, 3, 4, 7, 9, 10, 11, 12, 14, 15, 17, 18, 19]]
[[3, 5, 12, 29, 58, 38], [0, 2, 4, 5, 6, 8, 12, 13, 14, 15, 17, 18, 19]]
[[3, 5, 12, 29, 58, 38], [0, 3, 4, 6, 7, 8, 9, 10, 13, 15, 16, 17, 19]]
[[3, 5, 12, 29, 58, 38], [0, 3, 5, 8, 9, 11, 12, 13, 14, 15, 16, 17, 19]]
[[3, 5, 12, 29, 33, 116], [0, 1, 3, 4, 5, 6, 7, 8, 13, 15, 16, 18, 19]]
[[3, 5, 12, 29, 33, 116], [0, 2, 3, 4, 5, 7, 8, 9, 11, 15, 16, 17, 19]]
[[3, 5, 12, 29, 33, 116], [0, 2, 4, 5, 6, 7, 11, 12, 14, 15, 16, 17, 18]]
[[3, 5, 12, 29, 33, 116], [0, 1, 4, 5, 6, 9, 10, 13, 14, 15, 18]]
[[3, 5, 12, 29, 33, 116], [0, 2, 3, 6, 7, 9, 10, 11, 12, 13, 14, 15, 17]]
[[3, 5, 12, 29, 33, 116], [0, 1, 3, 9, 10, 11, 13, 15, 17, 18, 19]]
[[3, 5, 12, 29, 33, 44], [0, 2, 4, 5, 6, 7, 9, 10, 12, 13, 14, 16, 19]]
[[3, 5, 12, 29, 33, 44], [0, 2, 4, 6, 8, 9, 10, 12, 13, 16, 19]]
[[3, 5, 12, 29, 33, 44], [0, 3, 5, 6, 9, 11, 12, 16, 19]]
[[3, 5, 12, 29, 33, 44], [0, 1, 4, 7, 10, 11, 13, 16, 19]]
[[3, 5, 12, 29, 33, 44], [0, 1, 4, 6, 7, 9, 11, 12, 14, 16, 19]]
[[3, 5, 12, 29, 33, 44], [0, 1, 2, 3, 4, 6, 7, 9, 10, 11, 13, 16, 19]]
[[3, 5, 12, 29, 33, 44], [0, 1, 2, 4, 5, 7, 9, 10, 11, 12, 14, 16, 19]]
[[3, 5, 12, 29, 33, 44], [0, 2, 4, 5, 8, 9, 11, 12, 14, 16, 19]]
[[3, 5, 12, 29, 33, 44], [0, 5, 7, 8, 9, 11, 13, 16, 19]]
[[3, 5, 12, 29, 33, 44], [0, 1, 3, 4, 6, 8, 9, 10, 11, 12, 14, 16, 19]]
[[3, 5, 12, 29, 33, 44], [0, 1, 6, 7, 8, 9, 12, 13, 14, 16, 19]]
[[3, 5, 12, 29, 33, 44], [0, 5, 7, 8, 9, 11, 12, 16, 19]]
[[3, 5, 12, 29, 33, 44], [0, 1, 2, 6, 12, 13, 14, 16, 19]]
[[3, 5, 12, 29, 33, 44], [0, 2, 4, 8, 11, 13, 14, 16, 19]]
[[3, 5, 12, 29, 33, 44], [0, 3, 5, 6, 9, 12, 13, 16, 19]]
[[3, 5, 12, 29, 33, 44], [0, 1, 9, 10, 11, 13, 14, 16, 19]]
[[3, 5, 12, 29, 33, 44], [0, 1, 2, 4, 5, 6, 8, 9, 11, 13, 14, 16, 19]]
[[3, 5, 12, 29, 33, 44], [0, 3, 6, 7, 8, 12, 13, 16, 19]]
[[3, 5, 12, 29, 33, 44], [0, 1, 2, 9, 10, 11, 12, 16, 19]]
[[3, 5, 12, 29, 33, 44], [0, 3, 6, 7, 8, 11, 13, 16, 19]]
[[3, 5, 12, 29, 33, 44], [0, 2, 6, 10, 11, 13, 14, 16, 19]]
[[3, 5, 12, 29, 33, 44], [0, 1, 3, 4, 6, 7, 10, 12, 13, 16, 19]]
[[3, 5, 12, 29, 33, 44], [0, 2, 6, 7, 8, 9, 10, 11, 12, 16, 19]]
[[3, 5, 12, 29, 33, 44], [0, 1, 2, 3, 4, 6, 8, 10, 12, 13, 14, 16, 19]]
[[3, 5, 12, 41, 33, 74], [0, 1, 5, 6, 7, 9, 10, 11, 14, 15, 17, 18, 19]]
[[3, 5, 12, 41, 33, 74], [0, 1, 2, 3, 4, 6, 7, 11, 13, 15, 16, 17, 19]]
[[3, 5, 12, 41, 33, 74], [0, 1, 3, 4, 5, 7, 9, 10, 14, 15, 17, 18, 19]]
[[3, 5, 12, 41, 33, 74], [0, 3, 4, 7, 8, 12, 14, 15, 16, 17, 19]]
[[3, 5, 12, 41, 33, 74], [0, 2, 3, 4, 5, 6, 7, 10, 11, 13, 14, 15, 16]]
[[3, 5, 12, 41, 33, 74], [0, 2, 5, 6, 7, 8, 11, 12, 14, 15, 19]]
[[3, 5, 12, 41, 48, 44], [0, 3, 5, 6, 8, 9, 10, 11, 12, 13, 14, 15, 18]]
[[3, 5, 12, 41, 48, 44], [0, 1, 3, 4, 6, 8, 9, 12, 13, 15, 17, 18, 19]]
[[3, 5, 12, 41, 48, 44], [0, 1, 2, 3, 5, 7, 10, 11, 12, 13, 14, 15, 19]]
[[3, 5, 12, 41, 48, 44], [0, 2, 3, 4, 9, 11, 14, 15, 16]]
[[3, 5, 12, 41, 48, 44], [0, 2, 4, 6, 11, 15, 16, 18, 19]]
[[3, 5, 12, 41, 48, 44], [0, 1, 4, 6, 7, 8, 10, 13, 14, 15, 16, 17, 19]]
[[3, 5, 12, 41, 33, 62], [0, 1, 3, 4, 6, 7, 12, 13, 14, 15, 16]]
[[3, 5, 12, 41, 33, 62], [0, 2, 4, 6, 7, 9, 11, 12, 14, 15, 16]]
[[3, 5, 12, 41, 33, 62], [0, 1, 3, 8, 10, 11, 12, 13, 14, 15, 18]]
[[3, 5, 12, 41, 33, 62], [0, 2, 3, 4, 7, 8, 11, 15, 16, 18, 19]]
[[3, 5, 12, 41, 33, 62], [0, 1, 4, 6, 8, 9, 10, 12, 13, 15, 19]]
[[3, 5, 12, 41, 33, 62], [0, 2, 3, 6, 7, 8, 10, 11, 13, 15, 19]]
[[3, 5, 12, 41, 43, 62], [0, 1, 2, 8, 10, 11, 12, 13, 14, 16, 19]]
[[3, 5, 12, 41, 43, 62], [0, 2, 3, 4, 6, 7, 8, 13, 14, 16, 19]]
[[3, 5, 12, 41, 43, 62], [0, 1, 4, 5, 6, 9, 11, 16, 19]]
[[3, 5, 12, 41, 43, 62], [0, 1, 2, 5, 6, 8, 9, 11, 14, 16, 19]]
[[3, 5, 12, 41, 43, 62], [0, 1, 5, 6, 8, 10, 12, 15, 17, 18, 19]]
[[3, 5, 12, 41, 43, 62], [0, 1, 8, 9, 10, 11, 14, 16, 19]]
[[3, 5, 12, 41, 43, 62], [0, 2, 3, 6, 8, 9, 11, 12, 13, 16, 19]]
[[3, 5, 12, 41, 43, 62], [0, 2, 3, 4, 6, 11, 12, 13, 14, 16, 19]]
[[3, 5, 12, 41, 43, 62], [0, 2, 3, 4, 6, 7, 8, 9, 11, 16, 19]]
[[3, 5, 12, 41, 43, 62], [0, 2, 6, 8, 10, 13, 14, 16, 19]]
[[3, 5, 12, 41, 43, 62], [0, 1, 2, 4, 7, 8, 9, 10, 11, 12, 13, 16, 19]]
[[3, 5, 12, 41, 43, 62], [0, 1, 4, 5, 7, 8, 9, 10, 11, 16, 19]]
[[3, 5, 12, 41, 43, 62], [0, 1, 2, 3, 5, 6, 7, 8, 14, 15, 16, 17, 19]]
[[3, 5, 12, 41, 43, 62], [0, 1, 4, 5, 6, 7, 8, 9, 13, 16, 19]]
[[3, 5, 12, 41, 43, 62], [0, 1, 2, 3, 6, 7, 9, 10, 13, 16, 19]]
[[3, 5, 12, 41, 43, 62], [0, 1, 2, 4, 9, 10, 11, 16, 19]]
[[3, 5, 12, 41, 43, 62], [0, 1, 5, 6, 7, 9, 11, 12, 13, 16, 19]]
[[3, 5, 12, 41, 43, 62], [0, 2, 3, 4, 6, 9, 13, 16, 19]]
[[3, 5, 12, 41, 43, 62], [0, 1, 2, 4, 6, 7, 8, 11, 12, 13, 14, 16, 19]]
[[3, 5, 12, 41, 43, 62], [0, 2, 3, 5, 6, 7, 10, 12, 14, 15, 16, 17, 19]]
[[3, 5, 12, 41, 43, 62], [0, 2, 5, 6, 9, 15, 17, 18, 19]]
[[3, 5, 12, 41, 43, 62], [0, 1, 3, 5, 8, 9, 10, 12, 14, 15, 17]]
[[3, 5, 12, 41, 43, 62], [0, 3, 5, 9, 14, 15, 16, 17, 18]]
[[3, 5, 12, 41, 43, 62], [0, 1, 4, 5, 9, 10, 11, 12, 13, 16, 19]]
[[3, 5, 12, 41, 43, 62], [0, 1, 3, 5, 6, 8, 9, 10, 13, 16, 19]]
[[3, 5, 12, 41, 43, 62], [0, 1, 2, 7, 10, 11, 12, 13, 14, 16, 19]]
[[3, 5, 12, 41, 43, 62], [0, 2, 6, 7, 10, 13, 14, 16, 19]]
[[3, 5, 12, 41, 43, 62], [0, 1, 7, 9, 10, 11, 14, 16, 19]]
[[3, 5, 12, 41, 43, 62], [0, 2, 3, 5, 6, 7, 9, 11, 14, 16, 19]]
[[3, 5, 12, 41, 43, 62], [0, 1, 2, 4, 6, 13, 14, 16, 19]]
[[3, 5, 12, 41, 38, 68], [0, 2, 3, 4, 5, 6, 7, 8, 10, 13, 14, 15, 16, 18, 19]]
[[3, 5, 12, 41, 38, 68], [0, 4, 5, 6, 9, 13, 14, 15, 18]]
[[3, 5, 12, 41, 38, 68], [0, 1, 3, 4, 5, 7, 8, 9, 10, 11, 14, 15, 16, 17, 19]]
[[3, 5, 12, 41, 38, 68], [0, 3, 9, 11, 13, 15, 17, 18, 19]]
[[3, 5, 12, 41, 38, 68], [0, 1, 2, 4, 5, 6, 7, 10, 11, 12, 14, 15, 17, 18, 19]]
[[3, 5, 12, 41, 38, 68], [0, 1, 2, 3, 6, 7, 9, 11, 12, 13, 14, 15, 16, 17, 19]]
[[3, 5, 12, 41, 48, 56], [0, 1, 3, 5, 6, 7, 11, 12, 13, 15, 16, 17, 19]]
[[3, 5, 12, 41, 48, 56], [0, 1, 4, 6, 7, 9, 10, 11, 12, 15, 17, 18, 19]]
[[3, 5, 12, 41, 48, 56], [0, 1, 3, 4, 5, 7, 8, 9, 10, 11, 14, 15, 18]]
[[3, 5, 12, 41, 48, 56], [0, 2, 3, 4, 5, 6, 7, 8, 10, 13, 14, 15, 17]]
[[3, 5, 12, 41, 48, 56], [0, 2, 3, 5, 8, 9, 11, 12, 13, 15, 16, 18, 19]]
[[3, 5, 12, 41, 48, 56], [0, 2, 4, 6, 8, 9, 12, 13, 14, 15, 16, 17, 18]]
[[3, 5, 12, 37, 38, 74], [0, 1, 2, 3, 4, 6, 7, 9, 12, 13, 14, 15, 17]]
[[3, 5, 12, 37, 38, 74], [0, 1, 2, 4, 5, 7, 11, 13, 14, 15, 17]]
[[3, 5, 12, 37, 38, 74], [0, 2, 4, 5, 6, 7, 11, 12, 14, 15, 18]]
[[3, 5, 12, 37, 38, 74], [0, 8, 10, 11, 14, 15, 16, 17, 18]]
[[3, 5, 12, 37, 38, 74], [0, 1, 2, 4, 5, 9, 12, 15, 19]]
[[3, 5, 12, 37, 38, 74], [0, 4, 5, 9, 10, 12, 14, 15, 16]]
[[3, 5, 12, 37, 38, 74], [0, 1, 2, 3, 5, 9, 10, 11, 13, 15, 17, 18, 19]]
[[3, 5, 12, 37, 38, 74], [0, 1, 4, 5, 6, 9, 10, 13, 14, 15, 16, 17, 18]]
[[3, 5, 12, 37, 38, 74], [0, 3, 4, 7, 8, 9, 11, 15, 16, 17, 19]]
[[3, 5, 12, 37, 38, 74], [0, 4, 5, 7, 10, 11, 13, 15, 16, 17, 19]]
[[3, 5, 12, 37, 38, 74], [0, 1, 2, 8, 11, 15, 17, 18, 19]]
[[3, 5, 12, 37, 38, 74], [0, 3, 5, 6, 7, 8, 10, 11, 13, 15, 16, 18, 19]]
[[3, 5, 12, 37, 48, 62], [0, 5, 6, 9, 11, 13, 14, 15, 16, 17, 18]]
[[3, 5, 12, 37, 48, 62], [0, 3, 4, 6, 10, 11, 14, 15, 17]]
[[3, 5, 12, 37, 48, 62], [0, 1, 5, 6, 7, 8, 10, 11, 12, 15, 16, 18, 19]]
[[3, 5, 12, 37, 48, 62], [0, 2, 5, 6, 7, 9, 11, 15, 16, 17, 19]]
[[3, 5, 12, 37, 48, 62], [0, 3, 4, 6, 7, 9, 10, 11, 13, 15, 17, 18, 19]]
[[3, 5, 12, 37, 48, 62], [0, 1, 2, 5, 6, 8, 10, 11, 12, 13, 14, 15, 16]]
[[3, 5, 12, 37, 48, 62], [0, 2, 3, 4, 5, 7, 14, 15, 16, 17, 18]]
[[3, 5, 12, 37, 48, 62], [0, 1, 3, 4, 5, 6, 11, 15, 19]]
[[3, 5, 12, 37, 48, 62], [0, 1, 2, 3, 4, 7, 8, 9, 10, 12, 14, 15, 17]]
[[3, 5, 12, 37, 48, 62], [0, 2, 3, 4, 5, 9, 13, 15, 17, 18, 19]]
[[3, 5, 12, 37, 48, 62], [0, 1, 3, 4, 5, 6, 7, 9, 11, 13, 14, 15, 18]]
[[3, 5, 12, 37, 48, 62], [0, 1, 2, 3, 4, 8, 10, 12, 13, 15, 16, 17, 19]]
[[3, 5, 12, 37, 43, 80], [0, 2, 4, 5, 6, 7, 9, 10, 14, 16, 17]]
[[3, 5, 12, 37, 43, 80], [0, 2, 3, 4, 5, 6, 7, 8, 12, 16, 17, 18, 19]]
[[3, 5, 12, 37, 43, 80], [0, 1, 2, 3, 4, 6, 7, 9, 10, 18, 19]]
[[3, 5, 12, 37, 43, 80], [0, 1, 2, 4, 5, 9, 10, 12, 14, 16, 17, 18, 19]]
[[3, 5, 12, 37, 43, 80], [0, 1, 2, 3, 4, 5, 7, 8, 9, 12, 14, 16, 17]]
[[3, 5, 12, 37, 43, 80], [0, 1, 2, 4, 5, 8, 10, 16, 17, 18, 19]]
[[3, 5, 12, 37, 43, 80], [0, 1, 4, 8, 9, 10, 14, 16, 17]]
[[3, 5, 12, 37, 43, 80], [0, 1, 2, 3, 4, 6, 10, 12, 14, 16, 17, 18, 19]]
[[3, 5, 12, 37, 43, 80], [0, 2, 4, 5, 6, 8, 10, 18, 19]]
[[3, 5, 12, 37, 43, 80], [0, 1, 3, 4, 5, 6, 9, 10, 12, 18, 19]]
[[3, 5, 12, 37, 43, 80], [0, 2, 4, 5, 6, 7, 8, 9, 10, 12, 14, 18, 19]]
[[3, 5, 12, 37, 43, 80], [0, 2, 4, 6, 8, 9, 10, 16, 17, 18, 19]]
[[3, 5, 12, 37, 43, 80], [0, 1, 3, 4, 6, 8, 9, 10, 14, 18, 19]]
[[3, 5, 12, 37, 43, 80], [0, 2, 3, 4, 5, 6, 9, 12, 14, 16, 17]]
[[3, 5, 12, 37, 43, 80], [0, 1, 3, 4, 6, 7, 8, 9, 10, 12, 14, 16, 17]]
[[3, 5, 12, 37, 43, 80], [0, 2, 4, 6, 10, 12, 14, 18, 19]]
[[3, 5, 12, 37, 43, 80], [0, 1, 4, 9, 10, 12, 14, 16, 17]]
[[3, 5, 12, 37, 43, 80], [0, 1, 2, 3, 4, 5, 6, 7, 8, 10, 12, 18, 19]]
[[3, 5, 12, 37, 43, 80], [0, 1, 3, 4, 5, 7, 8, 9, 12, 16, 17, 18, 19]]
[[3, 5, 12, 37, 43, 80], [0, 1, 2, 3, 4, 7, 14, 16, 17, 18, 19]]
[[3, 5, 12, 37, 43, 80], [0, 1, 2, 4, 5, 6, 8, 9, 14, 16, 17]]
[[3, 5, 12, 37, 43, 80], [0, 1, 3, 4, 7, 9, 14, 16, 17]]
[[3, 5, 12, 37, 43, 80], [0, 1, 4, 6, 7, 9, 14, 16, 17, 18, 19]]
[[3, 5, 12, 37, 43, 80], [0, 2, 4, 6, 7, 10, 14, 18, 19]]
[[3, 5, 21, 29, 38, 83], [0, 2, 3, 6, 7, 10, 11, 12, 13, 15, 16, 17, 19]]
[[3, 5, 21, 29, 38, 83], [0, 1, 2, 4, 5, 6, 10, 13, 14, 15, 19]]
[[3, 5, 21, 29, 38, 83], [0, 1, 3, 10, 11, 13, 14, 15, 16, 17, 19]]
[[3, 5, 21, 29, 38, 83], [0, 3, 4, 5, 7, 8, 9, 11, 14, 15, 17, 18, 19]]
[[3, 5, 21, 29, 38, 83], [0, 1, 2, 3, 4, 5, 6, 7, 8, 13, 14, 15, 16]]
[[3, 5, 21, 29, 38, 83], [0, 4, 5, 6, 7, 9, 11, 12, 14, 15, 17, 18, 19]]
[[3, 5, 21, 17, 33, 113], [0, 10, 14, 15, 17, 18, 19]]
[[3, 5, 21, 17, 33, 113], [0, 3, 5, 6, 7, 8, 9, 10, 14, 15, 17, 18, 19]]
[[3, 5, 21, 17, 33, 113], [0, 1, 2, 15, 17, 18, 19]]
[[3, 5, 21, 17, 33, 113], [0, 1, 2, 5, 8, 12, 14, 15, 16, 17, 19]]
[[3, 5, 21, 17, 33, 113], [0, 1, 5, 6, 9, 10, 14, 15, 16, 17, 19]]
[[3, 5, 21, 17, 33, 113], [0, 5, 9, 10, 14, 15, 16]]
[[3, 5, 21, 17, 33, 113], [0, 2, 5, 8, 10, 12, 14, 15, 16, 17, 19]]
[[3, 5, 21, 17, 33, 113], [0, 1, 2, 3, 5, 10, 14, 15, 17, 18, 19]]
[[3, 5, 21, 17, 33, 113], [0, 1, 3, 5, 6, 7, 9, 12, 14, 15, 17, 18, 19]]
[[3, 5, 21, 17, 33, 113], [0, 2, 3, 5, 8, 12, 14, 15, 16, 17, 19]]
[[3, 5, 21, 17, 33, 113], [0, 2, 5, 6, 8, 12, 14, 15, 16, 17, 19]]
[[3, 5, 21, 17, 33, 113], [0, 1, 5, 9, 14, 15, 19]]
[[3, 5, 21, 17, 33, 83], [0, 1, 2, 4, 5, 7, 8, 12, 14, 15, 17, 18, 19]]
[[3, 5, 21, 17, 33, 83], [0, 5, 7, 8, 9, 10, 11, 12, 14, 15, 16, 17, 19]]
[[3, 5, 21, 17, 33, 83], [0, 2, 4, 5, 7, 10, 14, 15, 16, 17, 19]]
[[3, 5, 21, 17, 33, 83], [0, 1, 2, 5, 6, 7, 8, 10, 11, 12, 14, 15, 18]]
[[3, 5, 21, 17, 33, 83], [0, 1, 3, 4, 7, 8, 9, 10, 12, 15, 16, 17, 19]]
[[3, 5, 21, 17, 33, 83], [0, 1, 4, 5, 9, 11, 12, 13, 14, 15, 17, 18, 19]]
[[3, 5, 21, 17, 33, 83], [0, 2, 3, 4, 6, 7, 9, 10, 11, 13, 14, 15, 17, 18, 19]]
[[3, 5, 21, 17, 33, 83], [0, 5, 6, 7, 9, 11, 14, 15, 16, 17, 19]]
[[3, 5, 21, 17, 33, 83], [0, 1, 2, 5, 7, 11, 14, 15, 16, 17, 19]]
[[3, 5, 21, 17, 33, 83], [0, 2, 3, 4, 5, 7, 14, 15, 17, 18, 19]]
[[3, 5, 21, 17, 33, 83], [0, 1, 3, 4, 5, 6, 7, 9, 11, 13, 14, 15, 16, 18, 19]]
[[3, 5, 21, 17, 33, 83], [0, 4, 5, 8, 9, 10, 11, 13, 14, 15, 17, 18, 19]]
[[3, 5, 21, 17, 23, 89], [0, 2, 5, 6, 7, 8, 14, 15, 17, 18, 19]]
[[3, 5, 21, 17, 23, 89], [0, 3, 6, 8, 9, 10, 12, 15, 16, 17, 19]]
[[3, 5, 21, 17, 23, 89], [0, 1, 5, 6, 7, 9, 10, 12, 14, 15, 16, 18, 19]]
[[3, 5, 21, 17, 23, 89], [0, 1, 2, 3, 7, 8, 9, 10, 14, 15, 17, 18, 19]]
[[3, 5, 21, 17, 23, 89], [0, 3, 5, 7, 9, 12, 14, 15, 16, 17, 19]]
[[3, 5, 21, 17, 23, 89], [0, 1, 2, 3, 5, 6, 8, 12, 14, 15, 18]]
[[3, 5, 21, 17, 28, 101], [0, 2, 6, 7, 8, 9, 10, 12, 13, 16, 19]]
[[3, 5, 21, 17, 28, 101], [0, 1, 2, 6, 11, 13, 14, 16, 19]]
[[3, 5, 21, 17, 28, 101], [0, 1, 2, 3, 6, 7, 8, 10, 12, 13, 14, 16, 19]]
[[3, 5, 21, 17, 28, 101], [0, 2, 3, 4, 6, 8, 12, 13, 14, 16, 19]]
[[3, 5, 21, 17, 28, 101], [0, 2, 3, 4, 6, 7, 12, 13, 14, 16, 19]]
[[3, 5, 21, 17, 28, 101], [0, 2, 3, 4, 6, 7, 9, 11, 13, 16, 19]]
[[3, 5, 21, 17, 28, 101], [0, 1, 2, 4, 6, 8, 9, 12, 13, 16, 19]]
[[3, 5, 21, 17, 28, 101], [0, 1, 9, 10, 11, 12, 14, 16, 19]]
[[3, 5, 21, 17, 28, 101], [0, 2, 3, 4, 6, 8, 9, 11, 12, 16, 19]]
[[3, 5, 21, 17, 28, 101], [0, 1, 2, 4, 7, 10, 11, 13, 14, 16, 19]]
[[3, 5, 21, 17, 28, 101], [0, 1, 4, 5, 8, 9, 10, 11, 12, 16, 19]]
[[3, 5, 21, 17, 28, 101], [0, 1, 5, 7, 8, 9, 10, 11, 13, 16, 19]]
[[3, 5, 21, 17, 28, 101], [0, 2, 3, 6, 7, 8, 11, 13, 14, 16, 19]]
[[3, 5, 21, 17, 28, 101], [0, 1, 4, 5, 6, 7, 9, 12, 13, 16, 19]]
[[3, 5, 21, 17, 28, 101], [0, 1, 2, 5, 7, 8, 9, 10, 11, 12, 14, 16, 19]]
[[3, 5, 21, 17, 28, 101], [0, 1, 4, 5, 6, 8, 9, 11, 13, 16, 19]]
[[3, 5, 21, 17, 28, 101], [0, 1, 2, 9, 10, 11, 13, 16, 19]]
[[3, 5, 21, 17, 28, 101], [0, 2, 6, 10, 12, 13, 14, 16, 19]]
[[3, 5, 21, 17, 28, 101], [0, 1, 4, 5, 7, 9, 10, 11, 12, 16, 19]]
[[3, 5, 21, 17, 28, 101], [0, 1, 2, 4, 6, 7, 9, 11, 12, 16, 19]]
[[3, 5, 21, 17, 28, 101], [0, 2, 3, 5, 6, 9, 11, 12, 14, 16, 19]]
[[3, 5, 21, 17, 28, 101], [0, 1, 3, 5, 6, 9, 10, 12, 13, 16, 19]]
[[3, 5, 21, 17, 28, 101], [0, 1, 6, 7, 8, 9, 11, 12, 14, 16, 19]]
[[3, 5, 21, 17, 28, 101], [0, 1, 2, 4, 8, 10, 11, 13, 14, 16, 19]]
[[3, 5, 21, 17, 33, 71], [0, 1, 2, 6, 12, 13, 14, 16, 17]]
[[3, 5, 21, 17, 33, 71], [0, 3, 5, 6, 7, 9, 13, 16, 17, 18, 19]]
[[3, 5, 21, 17, 33, 71], [0, 2, 3, 4, 8, 10, 12, 13, 14, 16, 17]]
[[3, 5, 21, 17, 33, 71], [0, 1, 4, 5, 6, 7, 11, 12, 14, 16, 17, 18, 19]]
[[3, 5, 21, 17, 33, 71], [0, 1, 3, 4, 5, 6, 10, 11, 14, 16, 17, 18, 19]]
[[3, 5, 21, 17, 33, 71], [0, 1, 2, 3, 4, 5, 6, 7, 8, 9, 10, 11, 12, 13, 14, 18, 19]]
[[3, 5, 21, 17, 33, 71], [0, 5, 6, 7, 9, 10, 11, 18, 19]]
[[3, 5, 21, 17, 33, 71], [0, 3, 5, 6, 8, 9, 11, 16, 17, 18, 19]]
[[3, 5, 21, 17, 33, 71], [0, 2, 3, 4, 8, 9, 10, 12, 13, 16, 17, 18, 19]]
[[3, 5, 21, 17, 33, 71], [0, 1, 2, 4, 6, 8, 11, 13, 14, 16, 17]]
[[3, 5, 21, 17, 33, 71], [0, 5, 6, 8, 9, 10, 11, 12, 13, 18, 19]]
[[3, 5, 21, 17, 33, 71], [0, 2, 6, 10, 11, 13, 14, 16, 17]]
[[3, 5, 21, 17, 33, 71], [0, 2, 3, 4, 5, 9, 10, 13, 14, 16, 17]]
[[3, 5, 21, 17, 33, 71], [0, 3, 6, 8, 9, 13, 14, 16, 17]]
[[3, 5, 21, 17, 33, 71], [0, 1, 6, 7, 8, 9, 12, 13, 14, 16, 17, 18, 19]]
[[3, 5, 21, 17, 33, 71], [0, 2, 3, 4, 5, 9, 10, 13, 14, 16, 17, 18, 19]]
[[3, 5, 21, 17, 33, 71], [0, 1, 2, 4, 7, 9, 10, 11, 13, 18, 19]]
[[3, 5, 21, 17, 33, 71], [0, 3, 6, 7, 9, 11, 12, 13, 14, 16, 17]]
[[3, 5, 21, 17, 33, 71], [0, 1, 4, 5, 7, 10, 11, 12, 14, 18, 19]]
[[3, 5, 21, 17, 33, 71], [0, 2, 6, 7, 8, 9, 10, 11, 12, 16, 17, 18, 19]]
[[3, 5, 21, 17, 33, 71], [0, 1, 3, 4, 5, 6, 10, 11, 14, 18, 19]]
[[3, 5, 21, 17, 33, 71], [0, 1, 9, 10, 11, 13, 14, 18, 19]]
[[3, 5, 21, 17, 33, 71], [0, 1, 2, 9, 10, 11, 12, 18, 19]]
[[3, 5, 21, 17, 33, 71], [0, 1, 2, 3, 4, 5, 6, 7, 8, 9, 10, 11, 12, 13, 14, 16, 17]]
[[3, 5, 21, 25, 38, 89], [0, 1, 2, 5, 7, 8, 9, 11, 12, 15, 17, 18, 19]]
[[3, 5, 21, 25, 38, 89], [0, 3, 4, 5, 6, 8, 9, 10, 11, 13, 14, 15, 16, 17, 19]]
[[3, 5, 21, 25, 38, 89], [0, 1, 2, 3, 4, 5, 6, 11, 12, 13, 14, 15, 17, 18, 19]]
[[3, 5, 21, 25, 38, 89], [0, 3, 4, 5, 9, 12, 14, 15, 16, 17, 19]]
[[3, 5, 21, 25, 38, 89], [0, 1, 2, 3, 4, 5, 8, 10, 14, 15, 17, 18, 19]]
[[3, 5, 21, 25, 38, 89], [0, 2, 5, 6, 8, 11, 14, 15, 17, 18, 19]]
[[3, 5, 21, 25, 38, 89], [0, 1, 4, 5, 7, 9, 14, 15, 17]]
[[3, 5, 21, 25, 38, 89], [0, 5, 7, 10, 11, 15, 17, 18, 19]]
[[3, 5, 21, 25, 38, 89], [0, 1, 5, 6, 9, 10, 11, 12, 14, 15, 16, 17, 19]]
[[3, 5, 21, 25, 38, 89], [0, 2, 4, 5, 10, 11, 12, 13, 14, 15, 16, 17, 19]]
[[3, 5, 21, 25, 38, 89], [0, 4, 5, 7, 8, 9, 10, 12, 14, 15, 16, 17, 18]]
[[3, 5, 21, 25, 38, 89], [0, 1, 2, 4, 5, 8, 11, 13, 14, 15, 16, 17, 19]]
[[3, 5, 21, 13, 33, 89], [0, 1, 3, 4, 8, 10, 12, 13, 14, 15, 16, 17, 19]]
[[3, 5, 21, 13, 33, 89], [0, 5, 6, 9, 11, 13, 14, 15, 17, 18, 19]]
[[3, 5, 21, 13, 33, 89], [0, 2, 3, 4, 5, 6, 10, 11, 12, 13, 14, 15, 16, 17, 18]]
[[3, 5, 21, 13, 33, 89], [0, 1, 2, 3, 4, 5, 6, 11, 14, 15, 16]]
[[3, 5, 21, 13, 33, 89], [0, 3, 4, 5, 8, 15, 17, 18, 19]]
[[3, 5, 21, 13, 33, 89], [0, 2, 3, 4, 6, 10, 11, 15, 16, 17, 19]]
[[3, 5, 21, 13, 33, 89], [0, 1, 3, 4, 5, 9, 10, 12, 14, 15, 16, 17, 19]]
[[3, 5, 21, 13, 33, 89], [0, 5, 6, 9, 11, 12, 14, 15, 17]]
[[3, 5, 21, 13, 33, 89], [0, 1, 2, 5, 6, 8, 10, 11, 12, 13, 14, 15, 19]]
[[3, 5, 21, 13, 33, 89], [0, 1, 2, 3, 4, 5, 6, 8, 9, 11, 13, 15, 16, 17, 19]]
[[3, 5, 21, 13, 33, 89], [0, 3, 4, 5, 9, 13, 14, 15, 17, 18, 19]]
[[3, 5, 21, 13, 33, 89], [0, 1, 2, 5, 6, 8, 10, 11, 14, 15, 17, 18, 19]]
[[3, 5, 21, 13, 23, 113], [0, 1, 2, 3, 4, 5, 6, 12, 14, 15, 16, 17, 19]]
[[3, 5, 21, 13, 23, 113], [0, 1, 4, 6, 7, 10, 14, 15, 17, 18, 19]]
[[3, 5, 21, 13, 23, 113], [0, 2, 4, 6, 8, 11, 13, 15, 17, 18, 19]]
[[3, 5, 21, 13, 23, 113], [0, 2, 3, 5, 6, 8, 10, 11, 14, 15, 16, 17, 19]]
[[3, 5, 21, 13, 23, 113], [0, 1, 3, 5, 7, 9, 10, 11, 14, 15, 19]]
[[3, 5, 21, 13, 23, 113], [0, 3, 4, 5, 9, 11, 12, 13, 14, 15, 16]]
[[3, 5, 21, 13, 28, 95], [0, 1, 3, 5, 6, 8, 9, 11, 12, 13, 14, 15, 16, 17, 19]]
[[3, 5, 21, 13, 28, 95], [0, 1, 3, 4, 5, 8, 9, 10, 11, 12, 14, 15, 16, 17, 19]]
[[3, 5, 21, 13, 28, 95], [0, 4, 5, 6, 7, 8, 9, 13, 14, 15, 16, 17, 19]]
[[3, 5, 21, 13, 28, 95], [0, 2, 3, 5, 7, 11, 12, 13, 14, 15, 17, 18, 19]]
[[3, 5, 21, 13, 28, 95], [0, 1, 2, 4, 5, 6, 8, 10, 11, 12, 14, 15, 17, 18, 19]]
[[3, 5, 21, 13, 28, 95], [0, 2, 3, 4, 5, 6, 8, 10, 12, 13, 14, 15, 17, 18, 19]]
[[3, 5, 21, 21, 43, 89], [0, 1, 3, 5, 6, 7, 9, 11, 14, 15, 16, 17, 19]]
[[3, 5, 21, 21, 43, 89], [0, 2, 3, 4, 5, 6, 7, 10, 14, 15, 17, 18, 19]]
[[3, 5, 21, 21, 43, 89], [0, 1, 4, 5, 6, 7, 9, 10, 11, 13, 14, 15, 17, 18, 19]]
[[3, 5, 21, 21, 43, 89], [0, 1, 3, 4, 5, 7, 9, 10, 11, 13, 14, 15, 17, 18, 19]]
[[3, 5, 21, 21, 43, 89], [0, 2, 3, 5, 8, 11, 14, 15, 16, 17, 19]]
[[3, 5, 21, 21, 43, 89], [0, 2, 4, 5, 6, 12, 14, 15, 16, 17, 19]]
[[3, 5, 21, 9, 23, 83], [0, 1, 3, 4, 5, 6, 9, 13, 14, 15, 16, 17, 19]]
[[3, 5, 21, 9, 23, 83], [0, 4, 5, 6, 9, 11, 14, 15, 16, 17, 19]]
[[3, 5, 21, 9, 23, 83], [0, 1, 3, 5, 7, 8, 9, 10, 11, 13, 14, 15, 16, 17, 19]]
[[3, 5, 21, 9, 23, 83], [0, 1, 2, 4, 5, 6, 7, 10, 12, 13, 14, 15, 17, 18, 19]]
[[3, 5, 21, 9, 23, 83], [0, 2, 3, 5, 6, 10, 11, 13, 14, 15, 17, 18, 19]]
[[3, 5, 21, 9, 23, 83], [0, 2, 3, 4, 5, 11, 14, 15, 17, 18, 19]]
[[3, 5, 21, 9, 18, 89], [0, 1, 3, 4, 6, 8, 9, 15, 16, 17, 19]]
[[3, 5, 21, 9, 18, 89], [0, 1, 2, 4, 5, 6, 7, 8, 10, 12, 14, 15, 17, 18, 19]]
[[3, 5, 21, 9, 18, 89], [0, 2, 3, 5, 6, 10, 11, 12, 14, 15, 18]]
[[3, 5, 21, 9, 18, 89], [0, 2, 3, 4, 9, 11, 12, 13, 14, 15, 17, 18, 19]]
[[3, 5, 21, 9, 18, 89], [0, 4, 5, 6, 8, 9, 11, 13, 14, 15, 16, 18, 19]]
[[3, 5, 21, 9, 18, 89], [0, 1, 3, 5, 7, 8, 9, 10, 11, 12, 14, 15, 16, 17, 19]]
[[3, 5, 21, 9, 23, 89], [0, 2, 3, 5, 6, 8, 10, 12, 14, 15, 16, 18, 19]]
[[3, 5, 21, 9, 23, 89], [0, 1, 2, 5, 6, 7, 8, 10, 14, 15, 17, 18, 19]]
[[3, 5, 21, 9, 23, 89], [0, 5, 6, 7, 9, 12, 14, 15, 18]]
[[3, 5, 21, 9, 23, 89], [0, 1, 2, 3, 6, 8, 9, 12, 14, 15, 16, 17, 19]]
[[3, 5, 21, 9, 23, 89], [0, 1, 3, 5, 7, 9, 10, 12, 14, 15, 16, 17, 19]]
[[3, 5, 21, 9, 23, 89], [0, 3, 7, 8, 9, 15, 17, 18, 19]]
[[3, 5, 24, 13, 23, 104], [0, 1, 7, 11, 12, 13, 14, 15, 16, 17, 19]]
[[3, 5, 24, 13, 23, 104], [0, 2, 4, 5, 7, 8, 10, 13, 14, 15, 19]]
[[3, 5, 24, 13, 23, 104], [0, 2, 4, 5, 8, 10, 11, 12, 14, 15, 17, 18, 19]]
[[3, 5, 24, 13, 23, 104], [0, 2, 7, 10, 11, 12, 13, 15, 17, 18, 19]]
[[3, 5, 24, 13, 23, 104], [0, 1, 4, 5, 7, 8, 9, 13, 14, 15, 16]]
[[3, 5, 24, 13, 23, 104], [0, 1, 4, 5, 8, 9, 11, 12, 14, 15, 16, 17, 19]]
[[3, 5, 24, 13, 28, 98], [0, 2, 4, 5, 7, 8, 10, 12, 14, 15, 16, 17, 18]]
[[3, 5, 24, 13, 28, 98], [0, 4, 5, 9, 10, 11, 12, 13, 14, 15, 17, 18, 19]]
[[3, 5, 24, 13, 28, 98], [0, 1, 2, 5, 7, 8, 9, 11, 12, 15, 16, 17, 19]]
[[3, 5, 24, 13, 28, 98], [0, 1, 4, 5, 8, 9, 11, 13, 14, 15, 17, 18, 19]]
[[3, 5, 24, 13, 28, 98], [0, 5, 7, 10, 11, 15, 16, 17, 19]]
[[3, 5, 24, 13, 28, 98], [0, 1, 2, 4, 5, 7, 14, 15, 17]]
[[3, 5, 24, 9, 18, 80], [0, 3, 4, 5, 7, 9, 11, 12, 14, 15, 19]]
[[3, 5, 24, 9, 18, 80], [0, 1, 2, 4, 6, 10, 13, 15, 17, 18, 19]]
[[3, 5, 24, 9, 18, 80], [0, 2, 3, 5, 6, 7, 8, 10, 11, 13, 14, 15, 16, 17, 19]]
[[3, 5, 24, 9, 18, 80], [0, 4, 6, 7, 8, 11, 14, 15, 17, 18, 19]]
[[3, 5, 24, 9, 18, 80], [0, 1, 2, 3, 4, 5, 6, 7, 12, 13, 14, 15, 16, 17, 19]]
[[3, 5, 24, 9, 18, 80], [0, 1, 3, 5, 9, 10, 11, 13, 14, 15, 16]]
[[3, 5, 24, 17, 33, 74], [0, 3, 5, 6, 7, 9, 10, 13, 14, 15, 16, 18, 19]]
[[3, 5, 24, 17, 33, 74], [0, 5, 6, 8, 9, 13, 14, 15, 18]]
[[3, 5, 24, 17, 33, 74], [0, 1, 2, 3, 5, 8, 10, 13, 14, 15, 16, 17, 19]]
[[3, 5, 24, 17, 33, 74], [0, 3, 9, 12, 13, 15, 17, 18, 19]]
[[3, 5, 24, 17, 33, 74], [0, 1, 2, 3, 6, 7, 9, 13, 14, 15, 17, 18, 19]]
[[3, 5, 24, 17, 33, 74], [0, 1, 2, 5, 6, 10, 12, 13, 14, 15, 16, 17, 19]]
[[3, 5, 24, 17, 38, 92], [0, 1, 2, 4, 5, 11, 12, 13, 14, 15, 16, 17, 19]]
[[3, 5, 24, 17, 38, 92], [0, 1, 2, 5, 7, 11, 14, 15, 17, 18, 19]]
[[3, 5, 24, 17, 38, 92], [0, 5, 7, 8, 9, 10, 11, 12, 14, 15, 17, 18, 19]]
[[3, 5, 24, 17, 38, 92], [0, 4, 5, 7, 9, 10, 14, 15, 16, 17, 19]]
[[3, 5, 24, 17, 38, 92], [0, 1, 4, 5, 7, 8, 9, 12, 14, 15, 17, 18, 19]]
[[3, 5, 24, 17, 38, 92], [0, 2, 4, 5, 8, 10, 11, 13, 14, 15, 16, 17, 19]]
[[3, 5, 24, 17, 33, 86], [0, 1, 4, 5, 6, 8, 9, 10, 14, 15, 17, 18, 19]]
[[3, 5, 24, 17, 33, 86], [0, 1, 3, 4, 5, 6, 7, 8, 9, 12, 14, 15, 16, 17, 19]]
[[3, 5, 24, 17, 33, 86], [0, 1, 3, 5, 9, 10, 11, 12, 14, 15, 17, 18, 19]]
[[3, 5, 24, 17, 33, 86], [0, 2, 3, 4, 5, 7, 8, 11, 12, 13, 14, 15, 16, 17, 19]]
[[3, 5, 24, 17, 33, 86], [0, 2, 4, 5, 6, 7, 8, 11, 12, 13, 14, 15, 16, 17, 19]]
[[3, 5, 24, 17, 33, 86], [0, 2, 3, 5, 6, 7, 8, 10, 11, 12, 14, 15, 17, 18, 19]]
[[3, 5, 24, 21, 33, 92], [0, 1, 4, 5, 7, 9, 14, 15, 16, 17, 19]]
[[3, 5, 24, 21, 33, 92], [0, 1, 5, 7, 8, 9, 11, 12, 14, 15, 16, 17, 18]]
[[3, 5, 24, 21, 33, 92], [0, 2, 4, 5, 10, 11, 12, 13, 14, 15, 17]]
[[3, 5, 24, 21, 33, 92], [0, 2, 4, 5, 7, 8, 9, 10, 12, 15, 17, 18, 19]]
[[3, 5, 24, 21, 33, 92], [0, 2, 5, 7, 10, 11, 14, 15, 17, 18, 19]]
[[3, 5, 24, 21, 33, 92], [0, 1, 4, 5, 8, 11, 13, 15, 16, 17, 19]]
[[3, 5, 27, 17, 33, 83], [0, 1, 4, 5, 6, 9, 10, 11, 12, 13, 14, 15, 16, 18, 19]]
[[3, 5, 27, 17, 33, 83], [0, 2, 4, 5, 6, 7, 14, 15, 16, 17, 19]]
[[3, 5, 27, 17, 33, 83], [0, 1, 2, 3, 4, 8, 9, 10, 11, 13, 14, 15, 17, 18, 19]]
[[3, 5, 27, 17, 33, 83], [0, 1, 3, 5, 6, 8, 9, 11, 14, 15, 18]]
[[3, 5, 27, 17, 33, 83], [0, 2, 3, 5, 7, 11, 14, 15, 16, 17, 19]]
[[3, 5, 27, 17, 33, 83], [0, 3, 4, 6, 9, 10, 12, 15, 17, 18, 19]]
[[3, 7, 12, 15, 13, 52], [0, 3, 4, 5, 6, 7, 8, 9, 10, 11, 12, 13, 14, 15, 19]]
[[3, 7, 12, 15, 13, 52], [0, 2, 3, 4, 7, 15, 16, 17, 19]]
[[3, 7, 12, 15, 13, 52], [0, 2, 5, 6, 7, 11, 14, 15, 16]]
[[3, 7, 12, 15, 13, 52], [0, 1, 5, 6, 7, 8, 9, 10, 11, 12, 14, 15, 16, 17, 19]]
[[3, 7, 12, 15, 13, 52], [0, 1, 2, 3, 4, 5, 7, 8, 10, 12, 14, 15, 17, 18, 19]]
[[3, 7, 12, 15, 13, 52], [0, 1, 3, 4, 6, 7, 8, 11, 12, 13, 14, 15, 17, 18, 19]]
[[3, 7, 12, 15, 23, 112], [0, 3, 4, 7, 8, 11, 12, 13, 14, 15, 18]]
[[3, 7, 12, 15, 23, 112], [0, 1, 2, 3, 4, 6, 7, 15, 16, 17, 19]]
[[3, 7, 12, 15, 23, 112], [0, 1, 4, 5, 6, 7, 8, 9, 10, 13, 14, 15, 16, 18, 19]]
[[3, 7, 12, 15, 23, 112], [0, 4, 6, 7, 8, 9, 11, 12, 13, 15, 19]]
[[3, 7, 12, 15, 23, 112], [0, 1, 2, 4, 6, 9, 10, 12, 14, 15, 17, 18, 19]]
[[3, 7, 12, 15, 23, 112], [0, 2, 3, 5, 6, 7, 10, 11, 14, 15, 16]]
[[3, 7, 12, 15, 23, 112], [0, 2, 3, 4, 8, 11, 12, 15, 16, 17, 19]]
[[3, 7, 12, 15, 23, 112], [0, 1, 3, 5, 8, 9, 10, 11, 14, 15, 16, 18, 19]]
[[3, 7, 12, 15, 23, 112], [0, 2, 4, 5, 6, 8, 11, 12, 14, 15, 16]]
[[3, 7, 12, 15, 23, 112], [0, 3, 6, 9, 10, 11, 13, 15, 19]]
[[3, 7, 12, 15, 23, 112], [0, 1, 2, 3, 7, 9, 10, 11, 12, 13, 14, 15, 17, 18, 19]]
[[3, 7, 12, 15, 23, 112], [0, 1, 3, 4, 6, 13, 14, 15, 18]]
[[3, 7, 12, 15, 53, 100], [0, 1, 2, 3, 6, 7, 8, 11, 12, 15, 16, 17, 19]]
[[3, 7, 12, 15, 53, 100], [0, 1, 3, 4, 5, 7, 8, 9, 10, 11, 12, 13, 14, 15, 16, 18, 19]]
[[3, 7, 12, 15, 53, 100], [0, 1, 2, 4, 6, 7, 8, 9, 10, 11, 12, 13, 14, 15, 17, 18, 19]]
[[3, 7, 12, 15, 53, 100], [0, 3, 8, 11, 14, 15, 18]]
[[3, 7, 12, 15, 53, 100], [0, 4, 6, 9, 12, 15, 19]]
[[3, 7, 12, 15, 53, 100], [0, 2, 3, 4, 5, 6, 7, 8, 10, 12, 14, 15, 16]]
[[3, 7, 12, 15, 43, 64], [0, 1, 3, 4, 5, 8, 9, 10, 12, 13, 14, 15, 16, 17, 19]]
[[3, 7, 12, 15, 43, 64], [0, 2, 3, 4, 5, 6, 8, 10, 11, 12, 14, 15, 16]]
[[3, 7, 12, 15, 43, 64], [0, 3, 4, 13, 14, 15, 17, 18, 19]]
[[3, 7, 12, 15, 43, 64], [0, 5, 6, 9, 11, 13, 14, 15, 19]]
[[3, 7, 12, 15, 43, 64], [0, 1, 2, 3, 4, 6, 8, 11, 12, 15, 16, 17, 19]]
[[3, 7, 12, 15, 43, 64], [0, 1, 2, 5, 6, 8, 10, 11, 12, 13, 14, 15, 17, 18, 19]]
[[3, 7, 12, 15, 43, 88], [0, 1, 2, 3, 5, 6, 11, 13, 14, 15, 18]]
[[3, 7, 12, 15, 43, 88], [0, 1, 2, 4, 6, 8, 10, 11, 12, 15, 16, 18, 19]]
[[3, 7, 12, 15, 43, 88], [0, 3, 4, 6, 9, 10, 13, 15, 16, 17, 19]]
[[3, 7, 12, 15, 43, 88], [0, 3, 5, 7, 8, 9, 11, 13, 14, 15, 19]]
[[3, 7, 12, 15, 43, 88], [0, 1, 2, 3, 4, 8, 9, 10, 11, 12, 14, 15, 16]]
[[3, 7, 12, 15, 43, 88], [0, 4, 6, 7, 12, 13, 14, 15, 17, 18, 19]]
[[3, 7, 12, 15, 28, 82], [0, 2, 3, 4, 6, 8, 10, 12, 13, 15, 17, 18, 19]]
[[3, 7, 12, 15, 28, 82], [0, 4, 6, 7, 8, 9, 13, 15, 16, 17, 19]]
[[3, 7, 12, 15, 28, 82], [0, 2, 3, 5, 7, 11, 12, 13, 14, 15, 18]]
[[3, 7, 12, 15, 28, 82], [0, 1, 3, 4, 10, 11, 14, 15, 16, 18, 19]]
[[3, 7, 12, 15, 28, 82], [0, 1, 3, 5, 6, 8, 9, 11, 12, 13, 14, 15, 16]]
[[3, 7, 12, 15, 28, 82], [0, 1, 2, 4, 6, 9, 10, 11, 14, 15, 19]]
[[3, 7, 12, 15, 53, 52], [0, 1, 3, 4, 5, 6, 7, 8, 9, 11, 12, 13, 14, 15, 18]]
[[3, 7, 12, 15, 53, 52], [0, 1, 2, 3, 4, 7, 9, 10, 14, 15, 17, 18, 19]]
[[3, 7, 12, 15, 53, 52], [0, 2, 3, 4, 5, 7, 8, 12, 14, 15, 16, 17, 19]]
[[3, 7, 12, 15, 53, 52], [0, 1, 5, 6, 7, 9, 10, 11, 14, 15, 16, 18, 19]]
[[3, 7, 12, 15, 53, 52], [0, 3, 4, 6, 7, 8, 9, 10, 11, 12, 13, 15, 17, 18, 19]]
[[3, 7, 12, 15, 53, 52], [0, 2, 5, 6, 7, 8, 11, 12, 14, 15, 16, 17, 19]]
[[3, 7, 12, 15, 58, 88], [0, 3, 7, 9, 12, 15, 16, 17, 19]]
[[3, 7, 12, 15, 58, 88], [0, 1, 2, 3, 6, 9, 14, 15, 17]]
[[3, 7, 12, 15, 58, 88], [0, 2, 5, 6, 7, 8, 14, 15, 18]]
[[3, 7, 12, 15, 58, 88], [0, 1, 2, 3, 5, 7, 8, 9, 10, 15, 17, 18, 19]]
[[3, 7, 12, 15, 58, 88], [0, 1, 5, 6, 7, 9, 10, 12, 14, 15, 16, 17, 18]]
[[3, 7, 12, 15, 58, 88], [0, 3, 5, 6, 10, 15, 16, 18, 19]]
[[3, 7, 12, 15, 58, 94], [0, 2, 4, 6, 9, 11, 12, 13, 14, 15, 16, 17, 19]]
[[3, 7, 12, 15, 58, 94], [0, 1, 3, 4, 5, 6, 8, 9, 14, 15, 17, 18, 19]]
[[3, 7, 12, 15, 58, 94], [0, 1, 4, 6, 7, 8, 9, 10, 12, 15, 16, 17, 19]]
[[3, 7, 12, 15, 58, 94], [0, 2, 3, 4, 5, 8, 11, 13, 14, 15, 16, 18, 19]]
[[3, 7, 12, 15, 58, 94], [0, 1, 2, 3, 5, 7, 8, 10, 11, 12, 14, 15, 18]]
[[3, 7, 12, 15, 58, 94], [0, 3, 5, 6, 9, 10, 11, 12, 14, 15, 17, 18, 19]]
[[3, 7, 12, 15, 38, 34], [0, 2, 3, 4, 5, 8, 12, 13, 14, 15, 16, 18, 19]]
[[3, 7, 12, 15, 38, 34], [0, 1, 3, 4, 5, 6, 8, 9, 11, 12, 14, 15, 16, 17, 19]]
[[3, 7, 12, 15, 38, 34], [0, 2, 6, 8, 9, 11, 12, 13, 14, 15, 16, 17, 19]]
[[3, 7, 12, 15, 38, 34], [0, 1, 6, 8, 9, 10, 11, 12, 13, 15, 17, 18, 19]]
[[3, 7, 12, 15, 38, 34], [0, 2, 3, 4, 5, 6, 8, 10, 11, 12, 14, 15, 17, 18, 19]]
[[3, 7, 12, 15, 38, 34], [0, 1, 3, 4, 5, 8, 9, 10, 12, 13, 14, 15, 18]]
[[3, 7, 12, 27, 38, 94], [0, 2, 4, 5, 10, 13, 14, 15, 16]]
[[3, 7, 12, 27, 38, 94], [0, 1, 4, 9, 13, 15, 19]]
[[3, 7, 12, 27, 38, 94], [0, 1, 4, 5, 7, 9, 11, 12, 14, 15, 16, 18, 19]]
[[3, 7, 12, 27, 38, 94], [0, 1, 2, 11, 13, 15, 16, 17, 19]]
[[3, 7, 12, 27, 38, 94], [0, 10, 11, 13, 14, 15, 18]]
[[3, 7, 12, 27, 38, 94], [0, 2, 4, 7, 8, 9, 10, 11, 14, 15, 17, 18, 19]]
[[3, 7, 12, 27, 23, 64], [0, 1, 4, 6, 8, 10, 14, 15, 18]]
[[3, 7, 12, 27, 23, 64], [0, 1, 3, 4, 5, 6, 7, 9, 14, 15, 16, 18, 19]]
[[3, 7, 12, 27, 23, 64], [0, 2, 4, 6, 7, 11, 13, 15, 16, 17, 19]]
[[3, 7, 12, 27, 23, 64], [0, 1, 3, 9, 10, 11, 12, 15, 19]]
[[3, 7, 12, 27, 23, 64], [0, 2, 3, 4, 5, 7, 11, 13, 14, 15, 16]]
[[3, 7, 12, 27, 23, 64], [0, 2, 3, 6, 7, 9, 10, 11, 14, 15, 17, 18, 19]]
[[3, 7, 12, 27, 18, 106], [0, 5, 10, 11, 12, 15, 19]]
[[3, 7, 12, 27, 18, 106], [0, 1, 4, 5, 7, 9, 11, 13, 14, 15, 16]]
[[3, 7, 12, 27, 18, 106], [0, 1, 2, 5, 8, 9, 11, 15, 16, 17, 19]]
[[3, 7, 12, 27, 18, 106], [0, 1, 4, 8, 14, 15, 17]]
[[3, 7, 12, 27, 18, 106], [0, 2, 4, 7, 10, 11, 13, 15, 17, 18, 19]]
[[3, 7, 12, 27, 18, 106], [0, 2, 4, 5, 10, 12, 14, 15, 16, 17, 18]]
[[3, 7, 12, 27, 33, 112], [0, 2, 6, 7, 8, 9, 12, 13, 14, 15, 19]]
[[3, 7, 12, 27, 33, 112], [0, 3, 7, 8, 12, 13, 14, 15, 16, 18, 19]]
[[3, 7, 12, 27, 33, 112], [0, 1, 2, 3, 5, 7, 8, 10, 12, 13, 14, 15, 18]]
[[3, 7, 12, 27, 33, 112], [0, 1, 6, 7, 8, 9, 10, 12, 13, 15, 16, 17, 19]]
[[3, 7, 12, 27, 33, 112], [0, 1, 2, 3, 6, 8, 13, 15, 17, 18, 19]]
[[3, 7, 12, 27, 33, 112], [0, 3, 5, 6, 9, 10, 12, 13, 14, 15, 16]]
[[3, 7, 12, 27, 28, 82], [0, 2, 4, 5, 7, 8, 10, 11, 12, 13, 14, 15, 16]]
[[3, 7, 12, 27, 28, 82], [0, 1, 5, 8, 11, 15, 19]]
[[3, 7, 12, 27, 28, 82], [0, 2, 5, 9, 10, 11, 12, 15, 17, 18, 19]]
[[3, 7, 12, 27, 28, 82], [0, 1, 2, 4, 7, 8, 11, 12, 13, 15, 16, 17, 19]]
[[3, 7, 12, 27, 28, 82], [0, 1, 4, 5, 8, 9, 14, 15, 16, 17, 18]]
[[3, 7, 12, 27, 28, 82], [0, 4, 10, 12, 14, 15, 17]]
[[3, 7, 12, 27, 53, 64], [0, 1, 2, 4, 8, 11, 13, 15, 17, 18, 19]]
[[3, 7, 12, 27, 53, 64], [0, 1, 2, 4, 5, 7, 14, 15, 16, 18, 19]]
[[3, 7, 12, 27, 53, 64], [0, 4, 7, 10, 14, 15, 18]]
[[3, 7, 12, 27, 53, 64], [0, 4, 5, 9, 10, 11, 12, 13, 14, 15, 16]]
[[3, 7, 12, 27, 53, 64], [0, 1, 7, 9, 11, 15, 19]]
[[3, 7, 12, 27, 53, 64], [0, 2, 7, 9, 10, 11, 14, 15, 16, 17, 19]]
[[3, 7, 12, 27, 48, 58], [0, 5, 6, 7, 8, 9, 11, 13, 14, 15, 16, 17, 19]]
[[3, 7, 12, 27, 48, 58], [0, 1, 2, 5, 6, 7, 10, 11, 12, 13, 14, 15, 17]]
[[3, 7, 12, 27, 48, 58], [0, 1, 3, 4, 5, 6, 7, 9, 11, 12, 14, 15, 16, 17, 18]]
[[3, 7, 12, 27, 48, 58], [0, 1, 3, 4, 5, 7, 8, 10, 13, 15, 16, 17, 19]]
[[3, 7, 12, 27, 48, 58], [0, 2, 3, 4, 5, 7, 12, 13, 14, 15, 17, 18, 19]]
[[3, 7, 12, 27, 48, 58], [0, 2, 3, 4, 5, 6, 7, 8, 9, 10, 11, 15, 17, 18, 19]]
[[3, 7, 12, 27, 13, 76], [0, 3, 4, 9, 13, 15, 16, 17, 19]]
[[3, 7, 12, 27, 13, 76], [0, 3, 4, 5, 6, 8, 10, 11, 12, 15, 16, 18, 19]]
[[3, 7, 12, 27, 13, 76], [0, 1, 5, 6, 8, 9, 10, 11, 12, 13, 14, 15, 16, 17, 18]]
[[3, 7, 12, 27, 13, 76], [0, 1, 2, 3, 4, 6, 8, 9, 11, 12, 14, 15, 17]]
[[3, 7, 12, 27, 13, 76], [0, 2, 5, 6, 11, 13, 14, 15, 18]]
[[3, 7, 12, 27, 13, 76], [0, 1, 2, 3, 4, 5, 8, 9, 10, 12, 13, 15, 17, 18, 19]]
[[3, 7, 12, 27, 38, 58], [0, 1, 2, 5, 11, 13, 14, 15, 17, 18, 19]]
[[3, 7, 12, 27, 38, 58], [0, 1, 2, 4, 5, 7, 11, 12, 14, 15, 17]]
[[3, 7, 12, 27, 38, 58], [0, 5, 8, 9, 10, 11, 12, 13, 14, 15, 16, 17, 18]]
[[3, 7, 12, 27, 38, 58], [0, 1, 2, 4, 5, 8, 9, 12, 13, 15, 17, 18, 19]]
[[3, 7, 12, 27, 38, 58], [0, 4, 5, 7, 8, 10, 11, 15, 16, 17, 19]]
[[3, 7, 12, 27, 38, 58], [0, 4, 5, 9, 10, 13, 14, 15, 16, 17, 19]]
[[3, 7, 12, 27, 58, 34], [0, 1, 2, 5, 6, 7, 10, 11, 14, 15, 18]]
[[3, 7, 12, 27, 58, 34], [0, 1, 3, 4, 5, 6, 7, 8, 11, 12, 13, 15, 16, 18, 19]]
[[3, 7, 12, 27, 58, 34], [0, 2, 3, 4, 6, 7, 8, 9, 10, 11, 12, 13, 14, 15, 17]]
[[3, 7, 12, 27, 58, 34], [0, 1, 3, 4, 7, 9, 10, 15, 16, 17, 19]]
[[3, 7, 12, 27, 58, 34], [0, 5, 6, 7, 8, 9, 11, 12, 14, 15, 16, 17, 18]]
[[3, 7, 12, 27, 58, 34], [0, 2, 3, 4, 5, 7, 8, 9, 12, 15, 17, 18, 19]]
[[3, 7, 12, 27, 43, 76], [0, 2, 4, 5, 10, 11, 14, 15, 18]]
[[3, 7, 12, 27, 43, 76], [0, 2, 5, 7, 8, 9, 10, 11, 13, 15, 17, 18, 19]]
[[3, 7, 12, 27, 43, 76], [0, 1, 5, 7, 11, 12, 13, 15, 16, 18, 19]]
[[3, 7, 12, 27, 43, 76], [0, 1, 4, 9, 11, 15, 16, 17, 19]]
[[3, 7, 12, 27, 43, 76], [0, 1, 4, 5, 7, 9, 12, 13, 14, 15, 16, 17, 18]]
[[3, 7, 12, 27, 43, 76], [0, 2, 4, 7, 8, 9, 10, 13, 14, 15, 17]]
[[3, 7, 12, 27, 38, 70], [0, 1, 3, 7, 8, 9, 10, 11, 13, 15, 17, 18, 19]]
[[3, 7, 12, 27, 38, 70], [0, 1, 2, 3, 4, 6, 8, 9, 12, 13, 14, 15, 16, 18, 19]]
[[3, 7, 12, 27, 38, 70], [0, 2, 4, 5, 6, 11, 14, 15, 18]]
[[3, 7, 12, 27, 38, 70], [0, 2, 3, 6, 8, 9, 10, 11, 12, 13, 14, 15, 16, 18, 19]]
[[3, 7, 12, 27, 38, 70], [0, 1, 4, 5, 6, 7, 9, 10, 12, 13, 14, 15, 18]]
[[3, 7, 12, 27, 38, 70], [0, 3, 4, 9, 11, 15, 16, 17, 19]]
[[3, 7, 12, 27, 23, 88], [0, 1, 4, 5, 6, 7, 12, 13, 14, 16, 17]]
[[3, 7, 12, 27, 23, 88], [0, 1, 4, 5, 7, 10, 11, 13, 14, 16, 17]]
[[3, 7, 12, 27, 23, 88], [0, 1, 2, 3, 7, 8, 11, 12, 14, 16, 17, 18, 19]]
[[3, 7, 12, 27, 23, 88], [0, 1, 8, 9, 10, 11, 12, 13, 14, 16, 17]]
[[3, 7, 12, 27, 23, 88], [0, 2, 6, 7, 10, 11, 12, 13, 14, 18, 19]]
[[3, 7, 12, 27, 23, 88], [0, 1, 2, 3, 4, 5, 9, 11, 12, 13, 14, 16, 17]]
[[3, 7, 12, 27, 23, 88], [0, 1, 2, 7, 10, 13, 14, 16, 17, 18, 19]]
[[3, 7, 12, 27, 23, 88], [0, 1, 2, 4, 6, 8, 12, 13, 14, 16, 17, 18, 19]]
[[3, 7, 12, 27, 23, 88], [0, 1, 3, 4, 5, 6, 7, 8, 9, 10, 11, 18, 19]]
[[3, 7, 12, 27, 23, 88], [0, 2, 3, 4, 8, 10, 11, 13, 14, 18, 19]]
[[3, 7, 12, 27, 23, 88], [0, 1, 3, 5, 7, 8, 11, 13, 14, 16, 17]]
[[3, 7, 12, 27, 23, 88], [0, 1, 3, 4, 5, 9, 11, 16, 17, 18, 19]]
[[3, 7, 12, 27, 23, 88], [0, 1, 2, 4, 7, 9, 10, 11, 12, 16, 17, 18, 19]]
[[3, 7, 12, 27, 23, 88], [0, 2, 3, 7, 8, 10, 11, 12, 14, 18, 19]]
[[3, 7, 12, 27, 23, 88], [0, 2, 6, 8, 10, 11, 14, 18, 19]]
[[3, 7, 12, 27, 23, 88], [0, 2, 3, 4, 5, 6, 7, 8, 9, 13, 14, 16, 17]]
[[3, 7, 12, 27, 23, 88], [0, 1, 2, 8, 10, 11, 14, 16, 17, 18, 19]]
[[3, 7, 12, 27, 23, 88], [0, 1, 7, 9, 10, 13, 14, 16, 17]]
[[3, 7, 12, 27, 23, 88], [0, 1, 5, 7, 8, 10, 12, 13, 14, 16, 17]]
[[3, 7, 12, 27, 23, 88], [0, 1, 2, 5, 7, 8, 10, 12, 13, 16, 17, 18, 19]]
[[3, 7, 12, 27, 23, 88], [0, 2, 3, 5, 7, 8, 10, 11, 13, 18, 19]]
[[3, 7, 12, 27, 23, 88], [0, 2, 3, 4, 8, 9, 10, 11, 12, 18, 19]]
[[3, 7, 12, 27, 23, 88], [0, 1, 2, 3, 4, 5, 6, 10, 11, 12, 13, 18, 19]]
[[3, 7, 12, 27, 23, 88], [0, 2, 3, 4, 5, 6, 13, 16, 17, 18, 19]]
[[3, 7, 12, 27, 33, 88], [0, 1, 2, 3, 5, 7, 9, 13, 14, 16, 17]]
[[3, 7, 12, 27, 33, 88], [0, 2, 5, 8, 11, 16, 17, 18, 19]]
[[3, 7, 12, 27, 33, 88], [0, 2, 3, 5, 7, 8, 10, 11, 12, 16, 17, 18, 19]]
[[3, 7, 12, 27, 33, 88], [0, 2, 5, 8, 9, 11, 12, 13, 14, 16, 17]]
[[3, 7, 12, 27, 33, 88], [0, 4, 5, 6, 10, 13, 14, 16, 17, 18, 19]]
[[3, 7, 12, 27, 33, 88], [0, 4, 5, 6, 10, 11, 12, 13, 14, 18, 19]]
[[3, 7, 12, 27, 33, 88], [0, 1, 2, 5, 7, 8, 10, 11, 12, 18, 19]]
[[3, 7, 12, 27, 33, 88], [0, 1, 2, 3, 7, 8, 12, 13, 14, 16, 17]]
[[3, 7, 12, 27, 33, 88], [0, 1, 2, 4, 5, 8, 9, 10, 11, 12, 14, 18, 19]]
[[3, 7, 12, 27, 33, 88], [0, 1, 3, 5, 7, 8, 12, 13, 14, 16, 17, 18, 19]]
[[3, 7, 12, 27, 33, 88], [0, 1, 5, 7, 8, 10, 11, 13, 14, 18, 19]]
[[3, 7, 12, 27, 33, 88], [0, 1, 2, 3, 5, 6, 8, 10, 11, 18, 19]]
[[3, 7, 12, 27, 33, 88], [0, 3, 4, 9, 10, 11, 12, 13, 14, 16, 17]]
[[3, 7, 12, 27, 33, 88], [0, 4, 6, 7, 8, 9, 10, 11, 14, 18, 19]]
[[3, 7, 12, 27, 33, 88], [0, 1, 3, 7, 13, 16, 17, 18, 19]]
[[3, 7, 12, 27, 33, 88], [0, 2, 4, 7, 11, 13, 14, 16, 17]]
[[3, 7, 12, 27, 33, 88], [0, 2, 3, 7, 8, 10, 11, 13, 14, 16, 17]]
[[3, 7, 12, 27, 33, 88], [0, 1, 4, 8, 10, 11, 13, 18, 19]]
[[3, 7, 12, 27, 33, 88], [0, 1, 3, 4, 6, 8, 10, 12, 13, 16, 17, 18, 19]]
[[3, 7, 12, 27, 33, 88], [0, 3, 4, 9, 10, 11, 14, 16, 17, 18, 19]]
[[3, 7, 12, 27, 33, 88], [0, 1, 3, 6, 7, 10, 11, 12, 13, 18, 19]]
[[3, 7, 12, 27, 33, 88], [0, 4, 6, 7, 8, 9, 10, 13, 14, 16, 17]]
[[3, 7, 12, 27, 33, 88], [0, 1, 2, 3, 4, 6, 7, 10, 12, 13, 14, 16, 17]]
[[3, 7, 12, 27, 33, 88], [0, 2, 4, 5, 7, 9, 11, 12, 14, 16, 17, 18, 19]]
[[3, 7, 12, 23, 53, 52], [0, 1, 2, 4, 11, 12, 13, 15, 19]]
[[3, 7, 12, 23, 53, 52], [0, 2, 5, 7, 10, 11, 14, 15, 16]]
[[3, 7, 12, 23, 53, 52], [0, 1, 2, 4, 7, 15, 16, 17, 19]]
[[3, 7, 12, 23, 53, 52], [0, 4, 7, 8, 10, 12, 14, 15, 17, 18, 19]]
[[3, 7, 12, 23, 53, 52], [0, 1, 5, 7, 8, 9, 11, 12, 14, 15, 19]]
[[3, 7, 12, 23, 53, 52], [0, 4, 8, 10, 11, 13, 14, 15, 16]]
[[3, 7, 12, 23, 23, 88], [0, 1, 4, 6, 8, 10, 11, 13, 14, 15, 16, 17, 19]]
[[3, 7, 12, 23, 23, 88], [0, 2, 4, 6, 7, 15, 16, 17, 19]]
[[3, 7, 12, 23, 23, 88], [0, 2, 3, 5, 7, 11, 14, 15, 16]]
[[3, 7, 12, 23, 23, 88], [0, 1, 2, 3, 4, 5, 10, 11, 12, 13, 14, 15, 19]]
[[3, 7, 12, 23, 23, 88], [0, 3, 4, 5, 6, 9, 10, 12, 14, 15, 17, 18, 19]]
[[3, 7, 12, 23, 23, 88], [0, 1, 3, 5, 6, 8, 9, 11, 14, 15, 17, 18, 19]]
[[3, 7, 12, 23, 13, 76], [0, 1, 2, 4, 5, 7, 8, 12, 14, 15, 16]]
[[3, 7, 12, 23, 13, 76], [0, 1, 2, 4, 11, 12, 13, 15, 17, 18, 19]]
[[3, 7, 12, 23, 13, 76], [0, 4, 5, 8, 9, 10, 11, 13, 14, 15, 16]]
[[3, 7, 12, 23, 13, 76], [0, 4, 7, 8, 10, 12, 14, 15, 19]]
[[3, 7, 12, 23, 13, 76], [0, 1, 7, 8, 11, 12, 14, 15, 19]]
[[3, 7, 12, 23, 13, 76], [0, 2, 7, 8, 10, 11, 12, 15, 16, 17, 19]]
[[3, 7, 12, 23, 33, 100], [0, 1, 2, 3, 4, 5, 10, 11, 12, 13, 14, 15, 16, 17, 18]]
[[3, 7, 12, 23, 33, 100], [0, 4, 5, 6, 7, 8, 12, 15, 19]]
[[3, 7, 12, 23, 33, 100], [0, 1, 2, 3, 6, 8, 11, 15, 17, 18, 19]]
[[3, 7, 12, 23, 33, 100], [0, 3, 4, 5, 6, 9, 10, 12, 14, 15, 16]]
[[3, 7, 12, 23, 33, 100], [0, 3, 7, 8, 11, 12, 14, 15, 17]]
[[3, 7, 12, 23, 33, 100], [0, 1, 2, 4, 5, 6, 8, 9, 10, 11, 13, 15, 16, 17, 19]]
[[3, 7, 12, 23, 13, 100], [0, 1, 4, 5, 6, 9, 10, 11, 14, 15, 18]]
[[3, 7, 12, 23, 13, 100], [0, 1, 3, 4, 9, 10, 11, 15, 17, 18, 19]]
[[3, 7, 12, 23, 13, 100], [0, 3, 7, 8, 11, 13, 14, 15, 16, 17, 19]]
[[3, 7, 12, 23, 13, 100], [0, 2, 3, 4, 6, 8, 9, 10, 12, 13, 14, 15, 16]]
[[3, 7, 12, 23, 13, 100], [0, 2, 4, 5, 6, 7, 12, 13, 14, 15, 19]]
[[3, 7, 12, 23, 13, 100], [0, 1, 2, 3, 6, 8, 11, 12, 13, 15, 16, 18, 19]]
[[3, 7, 12, 23, 33, 112], [0, 1, 2, 3, 4, 5, 6, 7, 11, 12, 14, 15, 16]]
[[3, 7, 12, 23, 33, 112], [0, 2, 3, 4, 6, 7, 8, 10, 11, 15, 16, 17, 19]]
[[3, 7, 12, 23, 33, 112], [0, 2, 6, 7, 8, 9, 11, 13, 14, 15, 17, 18, 19]]
[[3, 7, 12, 23, 33, 112], [0, 3, 4, 5, 7, 9, 12, 13, 14, 15, 16, 18, 19]]
[[3, 7, 12, 23, 33, 112], [0, 1, 6, 7, 8, 9, 10, 11, 13, 15, 19]]
[[3, 7, 12, 23, 33, 112], [0, 1, 3, 4, 7, 10, 12, 13, 14, 15, 18]]
[[3, 7, 12, 23, 38, 76], [0, 2, 5, 6, 7, 8, 14, 15, 16, 18, 19]]
[[3, 7, 12, 23, 38, 76], [0, 1, 3, 5, 7, 8, 9, 10, 14, 15, 17, 18, 19]]
[[3, 7, 12, 23, 38, 76], [0, 1, 5, 6, 7, 9, 10, 12, 14, 15, 17, 18, 19]]
[[3, 7, 12, 23, 38, 76], [0, 2, 3, 5, 6, 10, 14, 15, 18]]
[[3, 7, 12, 23, 38, 76], [0, 1, 3, 6, 9, 15, 16, 17, 19]]
[[3, 7, 12, 23, 38, 76], [0, 2, 3, 7, 9, 12, 14, 15, 16, 17, 19]]
[[3, 7, 12, 23, 58, 52], [0, 1, 5, 6, 7, 8, 9, 10, 14, 15, 16, 17, 19]]
[[3, 7, 12, 23, 58, 52], [0, 3, 5, 6, 8, 9, 10, 12, 14, 15, 16, 18, 19]]
[[3, 7, 12, 23, 58, 52], [0, 3, 7, 8, 9, 15, 16, 17, 19]]
[[3, 7, 12, 23, 58, 52], [0, 1, 2, 3, 5, 7, 10, 12, 14, 15, 17, 18, 19]]
[[3, 7, 12, 23, 58, 52], [0, 1, 2, 3, 6, 8, 9, 12, 14, 15, 17, 18, 19]]
[[3, 7, 12, 23, 58, 52], [0, 2, 5, 6, 7, 12, 14, 15, 18]]
[[3, 7, 12, 23, 38, 34], [0, 1, 4, 5, 6, 7, 8, 9, 10, 12, 14, 15, 16, 18, 19]]
[[3, 7, 12, 23, 38, 34], [0, 3, 6, 8, 9, 10, 11, 15, 17, 18, 19]]
[[3, 7, 12, 23, 38, 34], [0, 1, 2, 3, 7, 8, 9, 10, 11, 12, 14, 15, 17, 18, 19]]
[[3, 7, 12, 23, 38, 34], [0, 1, 3, 4, 5, 6, 9, 12, 14, 15, 18]]
[[3, 7, 12, 23, 38, 34], [0, 2, 4, 5, 6, 8, 11, 13, 14, 15, 16, 17, 19]]
[[3, 7, 12, 23, 38, 34], [0, 2, 3, 4, 5, 11, 12, 13, 14, 15, 16, 17, 19]]
[[3, 7, 12, 23, 48, 94], [0, 1, 4, 5, 7, 9, 11, 13, 14, 15, 17]]
[[3, 7, 12, 23, 48, 94], [0, 2, 8, 9, 10, 11, 14, 15, 16, 17, 18]]
[[3, 7, 12, 23, 48, 94], [0, 4, 5, 7, 10, 11, 13, 15, 17, 18, 19]]
[[3, 7, 12, 23, 48, 94], [0, 1, 2, 4, 5, 9, 12, 15, 16, 18, 19]]
[[3, 7, 12, 23, 48, 94], [0, 1, 8, 9, 11, 15, 16, 17, 19]]
[[3, 7, 12, 23, 48, 94], [0, 2, 4, 5, 10, 12, 14, 15, 18]]
[[3, 7, 12, 23, 23, 76], [0, 2, 7, 11, 14, 16, 17]]
[[3, 7, 12, 23, 23, 76], [0, 2, 4, 5, 6, 8, 9, 10, 11, 13, 14, 18, 19]]
[[3, 7, 12, 23, 23, 76], [0, 3, 4, 7, 10, 12, 13, 18, 19]]
[[3, 7, 12, 23, 23, 76], [0, 1, 4, 5, 7, 9, 14, 15, 16, 17, 18]]
[[3, 7, 12, 23, 23, 76], [0, 1, 4, 5, 8, 9, 11, 13, 14, 15, 16, 17, 19]]
[[3, 7, 12, 23, 23, 76], [0, 4, 5, 8, 11, 12, 14, 16, 17]]
[[3, 7, 12, 23, 23, 76], [0, 5, 6, 7, 10, 11, 14, 16, 17, 18, 19]]
[[3, 7, 12, 23, 23, 76], [0, 2, 4, 6, 7, 9, 10, 11, 12, 18, 19]]
[[3, 7, 12, 23, 23, 76], [0, 1, 2, 5, 6, 7, 8, 9, 11, 13, 14, 16, 17]]
[[3, 7, 12, 23, 23, 76], [0, 4, 6, 7, 10, 11, 13, 16, 17, 18, 19]]
[[3, 7, 12, 23, 23, 76], [0, 1, 2, 8, 9, 10, 13, 18, 19]]
[[3, 7, 12, 23, 23, 76], [0, 3, 4, 5, 8, 10, 11, 12, 14, 16, 17]]
[[3, 7, 12, 23, 23, 76], [0, 1, 5, 7, 8, 11, 12, 15, 16, 17, 19]]
[[3, 7, 12, 23, 23, 76], [0, 2, 3, 5, 7, 9, 10, 11, 12, 13, 14, 16, 17, 18, 19]]
[[3, 7, 12, 23, 23, 76], [0, 3, 4, 5, 6, 7, 8, 9, 11, 16, 17, 18, 19]]
[[3, 7, 12, 23, 23, 76], [0, 4, 8, 9, 11, 13, 14, 16, 17, 18, 19]]
[[3, 7, 12, 23, 23, 76], [0, 1, 2, 4, 5, 6, 7, 9, 12, 13, 14, 16, 17, 18, 19]]
[[3, 7, 12, 23, 23, 76], [0, 3, 4, 5, 8, 9, 10, 11, 13, 16, 17, 18, 19]]
[[3, 7, 12, 23, 23, 76], [0, 3, 4, 7, 9, 10, 12, 13, 14, 18, 19]]
[[3, 7, 12, 23, 23, 76], [0, 2, 3, 7, 10, 11, 14, 16, 17]]
[[3, 7, 12, 23, 23, 76], [0, 3, 4, 5, 6, 7, 11, 13, 14, 16, 17, 18, 19]]
[[3, 7, 12, 23, 23, 76], [0, 4, 5, 6, 8, 10, 11, 12, 14, 16, 17]]
[[3, 7, 12, 23, 23, 76], [0, 3, 4, 5, 9, 10, 11, 12, 13, 18, 19]]
[[3, 7, 12, 23, 23, 76], [0, 1, 4, 6, 8, 9, 12, 13, 14, 16, 17]]
[[3, 7, 12, 23, 23, 76], [0, 2, 4, 5, 7, 8, 10, 12, 14, 15, 17]]
[[3, 7, 12, 23, 23, 76], [0, 5, 6, 8, 10, 11, 12, 13, 14, 16, 17]]
[[3, 7, 12, 23, 23, 76], [0, 1, 2, 6, 7, 11, 14, 16, 17]]
[[3, 7, 12, 23, 23, 76], [0, 3, 8, 9, 10, 13, 14, 16, 17, 18, 19]]
[[3, 7, 12, 23, 23, 76], [0, 3, 4, 5, 6, 8, 11, 12, 14, 16, 17]]
[[3, 7, 12, 23, 23, 76], [0, 3, 5, 7, 10, 11, 14, 18, 19]]
[[3, 7, 12, 23, 23, 76], [0, 3, 4, 5, 7, 10, 12, 13, 14, 18, 19]]
[[3, 7, 12, 23, 23, 76], [0, 1, 3, 4, 6, 7, 9, 10, 11, 13, 14, 16, 17]]
[[3, 7, 12, 23, 23, 76], [0, 3, 4, 5, 6, 13, 14, 16, 17]]
[[3, 7, 12, 23, 23, 76], [0, 3, 4, 5, 6, 7, 8, 9, 13, 16, 17, 18, 19]]
[[3, 7, 12, 23, 23, 76], [0, 1, 2, 3, 6, 7, 10, 11, 14, 16, 17]]
[[3, 7, 12, 23, 23, 76], [0, 1, 5, 8, 10, 13, 14, 18, 19]]
[[3, 7, 12, 23, 23, 76], [0, 3, 4, 5, 6, 11, 12, 13, 14, 16, 17]]
[[3, 7, 12, 23, 23, 76], [0, 3, 4, 5, 9, 10, 11, 18, 19]]
[[3, 7, 12, 23, 23, 76], [0, 2, 5, 7, 9, 10, 11, 15, 17, 18, 19]]
[[3, 7, 12, 23, 23, 76], [0, 1, 3, 5, 6, 10, 11, 12, 14, 18, 19]]
[[3, 7, 12, 23, 23, 76], [0, 1, 3, 5, 6, 8, 10, 11, 12, 13, 14, 16, 17, 18, 19]]
[[3, 7, 12, 23, 23, 76], [0, 3, 5, 8, 10, 13, 14, 16, 17]]
[[3, 7, 12, 23, 23, 76], [0, 3, 7, 9, 10, 11, 12, 13, 14, 18, 19]]
[[3, 7, 12, 23, 23, 76], [0, 3, 4, 5, 7, 9, 10, 12, 13, 18, 19]]
[[3, 7, 12, 23, 23, 76], [0, 2, 3, 5, 9, 10, 12, 13, 14, 16, 17]]
[[3, 7, 12, 23, 23, 76], [0, 2, 3, 9, 10, 12, 13, 16, 17, 18, 19]]
[[3, 7, 12, 23, 23, 76], [0, 1, 5, 6, 11, 12, 14, 16, 17, 18, 19]]
[[3, 7, 12, 23, 23, 76], [0, 1, 2, 3, 4, 6, 8, 9, 10, 11, 12, 16, 17, 18, 19]]
[[3, 7, 12, 23, 23, 76], [0, 1, 2, 3, 6, 7, 8, 9, 10, 11, 13, 18, 19]]
[[3, 7, 12, 23, 23, 76], [0, 2, 7, 9, 11, 12, 13, 16, 17, 18, 19]]
[[3, 7, 12, 23, 23, 76], [0, 1, 8, 10, 13, 18, 19]]
[[3, 7, 12, 23, 23, 76], [0, 1, 6, 8, 11, 12, 13, 16, 17, 18, 19]]
[[3, 7, 12, 23, 23, 76], [0, 2, 4, 5, 10, 11, 12, 13, 14, 15, 17, 18, 19]]
[[3, 7, 12, 23, 23, 76], [0, 1, 2, 5, 8, 9, 10, 13, 14, 18, 19]]
[[3, 7, 12, 23, 43, 64], [0, 3, 4, 5, 6, 7, 8, 9, 10, 11, 12, 13, 14, 15, 16, 18, 19]]
[[3, 7, 12, 23, 43, 64], [0, 1, 2, 3, 4, 6, 7, 8, 9, 11, 12, 13, 14, 15, 17, 18, 19]]
[[3, 7, 12, 23, 43, 64], [0, 3, 4, 7, 9, 15, 17, 18, 19]]
[[3, 7, 12, 23, 43, 64], [0, 5, 6, 7, 9, 11, 14, 15, 18]]
[[3, 7, 12, 23, 43, 64], [0, 1, 2, 5, 6, 7, 8, 10, 11, 12, 14, 15, 16, 17, 19]]
[[3, 7, 12, 23, 43, 64], [0, 1, 2, 3, 4, 5, 7, 8, 10, 12, 14, 15, 16, 17, 19]]
[[3, 7, 12, 23, 8, 82], [0, 2, 4, 6, 8, 9, 11, 13, 14, 15, 17]]
[[3, 7, 12, 23, 8, 82], [0, 1, 2, 3, 4, 5, 6, 9, 12, 15, 16, 17, 19]]
[[3, 7, 12, 23, 8, 82], [0, 3, 4, 5, 11, 12, 13, 15, 16, 18, 19]]
[[3, 7, 12, 23, 8, 82], [0, 1, 4, 6, 7, 9, 10, 15, 17, 18, 19]]
[[3, 7, 12, 23, 8, 82], [0, 2, 3, 5, 6, 8, 10, 11, 14, 15, 16, 17, 18]]
[[3, 7, 12, 23, 8, 82], [0, 1, 3, 5, 7, 9, 10, 11, 14, 15, 18]]
[[3, 7, 12, 23, 18, 70], [0, 3, 6, 8, 9, 10, 11, 12, 13, 15, 17, 18, 19]]
[[3, 7, 12, 23, 18, 70], [0, 2, 4, 6, 8, 9, 11, 12, 14, 15, 16, 17, 19]]
[[3, 7, 12, 23, 18, 70], [0, 1, 3, 4, 5, 6, 8, 9, 12, 13, 14, 15, 18]]
[[3, 7, 12, 23, 18, 70], [0, 2, 3, 4, 5, 8, 11, 12, 14, 15, 16, 18, 19]]
[[3, 7, 12, 23, 18, 70], [0, 1, 2, 3, 7, 8, 9, 10, 11, 13, 14, 15, 18]]
[[3, 7, 12, 23, 18, 70], [0, 1, 4, 6, 7, 9, 10, 12, 13, 15, 16, 18, 19]]
[[3, 7, 12, 23, 38, 70], [0, 1, 5, 6, 7, 9, 13, 16, 19]]
[[3, 7, 12, 23, 38, 70], [0, 1, 2, 5, 6, 8, 9, 13, 14, 16, 19]]
[[3, 7, 12, 23, 38, 70], [0, 1, 3, 4, 6, 10, 13, 16, 19]]
[[3, 7, 12, 23, 38, 70], [0, 2, 3, 5, 6, 7, 9, 11, 12, 13, 14, 16, 19]]
[[3, 7, 12, 23, 38, 70], [0, 3, 4, 7, 8, 9, 10, 11, 12, 13, 14, 16, 19]]
[[3, 7, 12, 23, 38, 70], [0, 2, 4, 9, 11, 12, 13, 16, 19]]
[[3, 7, 12, 23, 38, 70], [0, 3, 6, 8, 13, 16, 19]]
[[3, 7, 12, 23, 38, 70], [0, 3, 5, 6, 7, 13, 14, 16, 19]]
[[3, 7, 12, 23, 38, 70], [0, 1, 4, 6, 11, 12, 13, 16, 19]]
[[3, 7, 12, 23, 38, 70], [0, 4, 6, 9, 10, 13, 14, 16, 19]]
[[3, 7, 12, 23, 38, 70], [0, 2, 3, 6, 8, 9, 11, 16, 19]]
[[3, 7, 12, 23, 38, 70], [0, 1, 3, 5, 6, 8, 9, 10, 11, 12, 13, 16, 19]]
[[3, 7, 12, 23, 38, 70], [0, 2, 4, 5, 9, 11, 14, 16, 19]]
[[3, 7, 12, 23, 38, 70], [0, 3, 4, 7, 8, 9, 10, 11, 14, 16, 19]]
[[3, 7, 12, 23, 38, 70], [0, 4, 5, 6, 7, 8, 10, 13, 14, 16, 19]]
[[3, 7, 12, 23, 38, 70], [0, 1, 2, 3, 4, 6, 7, 8, 9, 10, 13, 16, 19]]
[[3, 7, 12, 23, 38, 70], [0, 4, 6, 9, 10, 11, 14, 16, 19]]
[[3, 7, 12, 23, 38, 70], [0, 3, 8, 10, 11, 12, 13, 16, 19]]
[[3, 7, 12, 23, 38, 70], [0, 3, 5, 8, 9, 10, 11, 16, 19]]
[[3, 7, 12, 23, 38, 70], [0, 1, 2, 4, 5, 6, 7, 8, 9, 11, 14, 16, 19]]
[[3, 7, 12, 23, 38, 70], [0, 5, 7, 9, 11, 16, 19]]
[[3, 7, 12, 23, 38, 70], [0, 4, 5, 6, 7, 8, 10, 11, 12, 13, 14, 16, 19]]
[[3, 7, 12, 23, 38, 70], [0, 1, 2, 3, 6, 7, 9, 10, 11, 16, 19]]
[[3, 7, 12, 23, 38, 70], [0, 5, 7, 11, 12, 13, 14, 16, 19]]
[[3, 7, 12, 23, 43, 112], [0, 4, 5, 8, 9, 16, 19]]
[[3, 7, 12, 23, 43, 112], [0, 1, 2, 3, 4, 8, 12, 13, 14, 16, 19]]
[[3, 7, 12, 23, 43, 112], [0, 1, 4, 6, 8, 11, 13, 16, 19]]
[[3, 7, 12, 23, 43, 112], [0, 1, 4, 8, 10, 16, 19]]
[[3, 7, 12, 23, 43, 112], [0, 1, 4, 5, 6, 8, 14, 16, 19]]
[[3, 7, 12, 23, 43, 112], [0, 1, 2, 10, 12, 13, 14, 16, 19]]
[[3, 7, 12, 23, 43, 112], [0, 2, 4, 5, 7, 9, 14, 16, 19]]
[[3, 7, 12, 23, 43, 112], [0, 4, 8, 9, 14, 16, 19]]
[[3, 7, 12, 23, 43, 112], [0, 4, 5, 7, 9, 16, 19]]
[[3, 7, 12, 23, 43, 112], [0, 1, 5, 9, 10, 12, 13, 16, 19]]
[[3, 7, 12, 23, 43, 112], [0, 2, 11, 13, 14, 16, 19]]
[[3, 7, 12, 23, 43, 112], [0, 4, 5, 6, 8, 10, 14, 16, 19]]
[[3, 7, 12, 23, 43, 112], [0, 1, 2, 4, 8, 9, 10, 16, 19]]
[[3, 7, 12, 23, 43, 112], [0, 2, 4, 7, 9, 11, 13, 16, 19]]
[[3, 7, 12, 23, 43, 112], [0, 1, 3, 4, 8, 9, 12, 13, 14, 16, 19]]
[[3, 7, 12, 23, 43, 112], [0, 2, 3, 4, 7, 9, 10, 16, 19]]
[[3, 7, 12, 23, 43, 112], [0, 1, 2, 4, 5, 8, 9, 10, 14, 16, 19]]
[[3, 7, 12, 23, 43, 112], [0, 1, 2, 3, 4, 8, 9, 12, 13, 16, 19]]
[[3, 7, 12, 23, 43, 112], [0, 1, 3, 5, 6, 7, 8, 9, 10, 11, 13, 16, 19]]
[[3, 7, 12, 23, 43, 112], [0, 1, 2, 3, 6, 10, 11, 12, 14, 16, 19]]
[[3, 7, 12, 23, 43, 112], [0, 1, 3, 4, 6, 8, 10, 16, 19]]
[[3, 7, 12, 23, 43, 112], [0, 1, 4, 5, 8, 10, 14, 16, 19]]
[[3, 7, 12, 23, 43, 112], [0, 2, 11, 12, 14, 16, 19]]
[[3, 7, 12, 23, 43, 112], [0, 2, 3, 4, 7, 10, 14, 16, 19]]
[[3, 7, 12, 23, 43, 112], [0, 2, 4, 7, 14, 16, 19]]
[[3, 7, 12, 23, 43, 112], [0, 4, 5, 8, 14, 16, 19]]
[[3, 7, 12, 23, 43, 112], [0, 4, 8, 16, 19]]
[[3, 7, 12, 23, 43, 112], [0, 2, 4, 5, 6, 7, 10, 11, 12, 16, 19]]
[[3, 7, 12, 23, 43, 112], [0, 1, 2, 4, 5, 6, 7, 11, 12, 16, 19]]
[[3, 7, 12, 23, 43, 112], [0, 1, 2, 4, 6, 7, 14, 16, 19]]
[[3, 7, 12, 23, 43, 112], [0, 1, 2, 10, 11, 12, 14, 16, 19]]
[[3, 7, 12, 23, 43, 112], [0, 1, 10, 12, 13, 16, 19]]
[[3, 7, 12, 23, 43, 112], [0, 2, 4, 6, 8, 10, 11, 13, 14, 16, 19]]
[[3, 7, 12, 23, 43, 112], [0, 2, 4, 5, 7, 11, 12, 16, 19]]
[[3, 7, 12, 23, 43, 112], [0, 4, 6, 7, 10, 16, 19]]
[[3, 7, 12, 23, 43, 112], [0, 2, 3, 6, 11, 12, 14, 16, 19]]
[[3, 7, 12, 23, 43, 112], [0, 1, 10, 11, 13, 16, 19]]
[[3, 7, 12, 23, 43, 112], [0, 1, 2, 3, 4, 6, 7, 10, 14, 16, 19]]
[[3, 7, 12, 23, 43, 112], [0, 1, 4, 7, 9, 10, 11, 13, 14, 16, 19]]
[[3, 7, 12, 23, 43, 112], [0, 1, 2, 4, 5, 7, 10, 11, 12, 16, 19]]
[[3, 7, 12, 23, 43, 112], [0, 2, 3, 5, 6, 7, 8, 9, 11, 13, 14, 16, 19]]
[[3, 7, 12, 23, 43, 112], [0, 4, 7, 16, 19]]
[[3, 7, 12, 23, 43, 112], [0, 3, 4, 6, 8, 16, 19]]
[[3, 7, 12, 23, 43, 112], [0, 1, 3, 4, 8, 12, 13, 16, 19]]
[[3, 7, 12, 23, 43, 112], [0, 3, 4, 6, 7, 16, 19]]
[[3, 7, 12, 23, 43, 112], [0, 3, 4, 7, 10, 16, 19]]
[[3, 7, 12, 23, 43, 112], [0, 1, 2, 5, 9, 10, 12, 13, 14, 16, 19]]
[[3, 7, 12, 23, 43, 112], [0, 3, 4, 7, 9, 10, 14, 16, 19]]
[[3, 7, 12, 23, 28, 94], [0, 1, 3, 4, 5, 6, 7, 9, 10, 11, 13, 16, 19]]
[[3, 7, 12, 23, 28, 94], [0, 3, 9, 10, 11, 13, 14, 16, 19]]
[[3, 7, 12, 23, 28, 94], [0, 1, 2, 6, 9, 11, 12, 16, 19]]
[[3, 7, 12, 23, 28, 94], [0, 4, 5, 6, 8, 10, 12, 13, 14, 16, 19]]
[[3, 7, 12, 23, 28, 94], [0, 3, 4, 7, 10, 11, 13, 16, 19]]
[[3, 7, 12, 23, 28, 94], [0, 1, 2, 3, 4, 5, 6, 7, 9, 10, 12, 13, 14, 16, 19]]
[[3, 7, 12, 23, 28, 94], [0, 1, 6, 7, 8, 11, 13, 16, 19]]
[[3, 7, 12, 23, 28, 94], [0, 1, 3, 4, 5, 6, 8, 9, 10, 12, 13, 16, 19]]
[[3, 7, 12, 23, 28, 94], [0, 2, 7, 8, 9, 11, 12, 16, 19]]
[[3, 7, 12, 23, 28, 94], [0, 4, 5, 8, 11, 13, 14, 16, 19]]
[[3, 7, 12, 23, 28, 94], [0, 1, 2, 6, 9, 12, 13, 16, 19]]
[[3, 7, 12, 23, 28, 94], [0, 2, 7, 8, 9, 11, 13, 16, 19]]
[[3, 7, 12, 23, 28, 94], [0, 2, 3, 4, 5, 6, 8, 9, 11, 13, 14, 16, 19]]
[[3, 7, 12, 23, 28, 94], [0, 3, 4, 7, 9, 10, 11, 12, 14, 16, 19]]
[[3, 7, 12, 23, 28, 94], [0, 5, 6, 7, 8, 9, 10, 11, 12, 16, 19]]
[[3, 7, 12, 23, 28, 94], [0, 4, 8, 9, 11, 12, 14, 16, 19]]
[[3, 7, 12, 23, 28, 94], [0, 1, 6, 7, 8, 12, 13, 16, 19]]
[[3, 7, 12, 23, 28, 94], [0, 3, 5, 6, 12, 13, 14, 16, 19]]
[[3, 7, 12, 23, 28, 94], [0, 4, 6, 7, 10, 12, 13, 16, 19]]
[[3, 7, 12, 23, 28, 94], [0, 3, 5, 9, 10, 11, 12, 16, 19]]
[[3, 7, 12, 23, 28, 94], [0, 2, 3, 4, 5, 6, 7, 9, 11, 12, 14, 16, 19]]
[[3, 7, 12, 23, 28, 94], [0, 3, 6, 7, 8, 9, 12, 13, 14, 16, 19]]
[[3, 7, 12, 23, 28, 94], [0, 1, 2, 3, 4, 5, 6, 8, 9, 10, 11, 12, 14, 16, 19]]
[[3, 7, 12, 23, 28, 94], [0, 5, 6, 10, 11, 13, 14, 16, 19]]
[[3, 7, 12, 23, 13, 88], [0, 4, 6, 9, 10, 12, 14, 17, 19]]
[[3, 7, 12, 23, 13, 88], [0, 3, 4, 7, 8, 9, 10, 12, 14, 17, 18]]
[[3, 7, 12, 23, 13, 88], [0, 1, 2, 3, 4, 5, 6, 7, 8, 9, 10, 12, 14, 17, 19]]
[[3, 7, 12, 23, 13, 88], [0, 3, 4, 5, 6, 7, 14, 16, 18]]
[[3, 7, 12, 23, 13, 88], [0, 1, 3, 4, 6, 7, 9, 10, 14, 17, 18]]
[[3, 7, 12, 23, 13, 88], [0, 2, 4, 6, 7, 9, 10, 17, 19]]
[[3, 7, 12, 23, 13, 88], [0, 2, 3, 4, 5, 9, 10, 12, 14, 17, 19]]
[[3, 7, 12, 23, 13, 88], [0, 4, 5, 6, 7, 8, 10, 12, 14, 17, 18]]
[[3, 7, 12, 23, 13, 88], [0, 1, 2, 3, 4, 6, 8, 9, 10, 17, 19]]
[[3, 7, 12, 23, 13, 88], [0, 1, 3, 4, 5, 6, 10, 12, 14, 17, 18]]
[[3, 7, 12, 23, 13, 88], [0, 3, 4, 5, 8, 10, 14, 17, 18]]
[[3, 7, 12, 23, 13, 88], [0, 3, 4, 5, 7, 10, 14, 17, 18]]
[[3, 7, 12, 23, 13, 88], [0, 4, 6, 9, 10, 12, 14, 16, 18]]
[[3, 7, 12, 23, 13, 88], [0, 3, 4, 5, 8, 9, 10, 17, 19]]
[[3, 7, 12, 23, 13, 88], [0, 3, 4, 7, 8, 9, 10, 12, 14, 17, 19]]
[[3, 7, 12, 23, 13, 88], [0, 2, 3, 4, 5, 9, 10, 12, 14, 17, 18]]
[[3, 7, 12, 23, 13, 88], [0, 2, 4, 5, 6, 8, 9, 10, 14, 17, 18]]
[[3, 7, 12, 23, 13, 88], [0, 1, 3, 4, 5, 6, 10, 12, 14, 16, 18]]
[[3, 7, 12, 23, 13, 88], [0, 3, 4, 5, 7, 9, 10, 17, 19]]
[[3, 7, 12, 23, 13, 88], [0, 1, 2, 4, 5, 6, 7, 9, 14, 16, 18]]
[[3, 7, 12, 23, 13, 88], [0, 4, 5, 6, 7, 8, 10, 12, 14, 16, 18]]
[[3, 7, 12, 23, 13, 88], [0, 3, 4, 5, 6, 8, 14, 16, 18]]
[[3, 7, 12, 23, 13, 88], [0, 1, 2, 3, 4, 5, 6, 7, 8, 9, 10, 12, 14, 16, 18]]
[[3, 7, 12, 23, 13, 88], [0, 1, 4, 6, 8, 9, 14, 16, 18]]
[[3, 7, 12, 23, 18, 100], [0, 1, 5, 6, 7, 9, 12, 16, 17, 18, 19]]
[[3, 7, 12, 23, 18, 100], [0, 3, 5, 7, 10, 12, 14, 16, 17, 18, 19]]
[[3, 7, 12, 23, 18, 100], [0, 1, 2, 5, 6, 8, 9, 12, 14, 16, 17]]
[[3, 7, 12, 23, 18, 100], [0, 5, 6, 8, 10, 12, 14, 18, 19]]
[[3, 7, 12, 23, 18, 100], [0, 2, 3, 6, 8, 9, 12, 16, 17, 18, 19]]
[[3, 7, 12, 23, 18, 100], [0, 5, 6, 7, 10, 12, 14, 18, 19]]
[[3, 7, 12, 23, 18, 100], [0, 1, 2, 3, 6, 7, 8, 9, 10, 18, 19]]
[[3, 7, 12, 23, 18, 100], [0, 1, 3, 5, 6, 8, 9, 10, 12, 18, 19]]
[[3, 7, 12, 23, 18, 100], [0, 3, 5, 6, 7, 8, 14, 16, 17, 18, 19]]
[[3, 7, 12, 23, 18, 100], [0, 2, 3, 9, 10, 16, 17, 18, 19]]
[[3, 7, 12, 23, 18, 100], [0, 5, 6, 7, 8, 10, 14, 18, 19]]
[[3, 7, 12, 23, 18, 100], [0, 3, 8, 9, 10, 12, 14, 16, 17]]
[[3, 7, 12, 23, 18, 100], [0, 1, 2, 3, 6, 7, 9, 10, 12, 18, 19]]
[[3, 7, 12, 23, 18, 100], [0, 1, 2, 5, 6, 7, 8, 9, 14, 16, 17]]
[[3, 7, 12, 23, 18, 100], [0, 3, 6, 9, 14, 16, 17]]
[[3, 7, 12, 23, 18, 100], [0, 3, 5, 7, 8, 9, 10, 16, 17, 18, 19]]
[[3, 7, 12, 23, 18, 100], [0, 3, 5, 8, 10, 12, 14, 16, 17, 18, 19]]
[[3, 7, 12, 23, 18, 100], [0, 1, 3, 5, 6, 10, 14, 18, 19]]
[[3, 7, 12, 23, 18, 100], [0, 3, 7, 8, 9, 10, 14, 16, 17]]
[[3, 7, 12, 23, 18, 100], [0, 3, 7, 9, 10, 12, 14, 16, 17]]
[[3, 7, 12, 23, 18, 100], [0, 5, 6, 9, 10, 18, 19]]
[[3, 7, 12, 23, 18, 100], [0, 2, 3, 5, 9, 10, 14, 16, 17]]
[[3, 7, 12, 23, 18, 100], [0, 1, 5, 6, 14, 16, 17, 18, 19]]
[[3, 7, 12, 23, 18, 100], [0, 2, 3, 5, 6, 7, 9, 12, 14, 16, 17]]
[[3, 7, 12, 11, 28, 70], [0, 1, 2, 4, 5, 6, 7, 8, 10, 11, 12, 13, 14, 15, 18]]
[[3, 7, 12, 11, 28, 70], [0, 3, 11, 12, 14, 15, 17, 18, 19]]
[[3, 7, 12, 11, 28, 70], [0, 4, 5, 6, 8, 9, 14, 15, 19]]
[[3, 7, 12, 11, 28, 70], [0, 1, 2, 3, 6, 7, 11, 15, 16, 18, 19]]
[[3, 7, 12, 11, 28, 70], [0, 2, 3, 4, 6, 7, 9, 10, 14, 15, 16]]
[[3, 7, 12, 11, 28, 70], [0, 1, 3, 4, 7, 8, 9, 10, 11, 12, 13, 15, 16, 17, 19]]
[[3, 7, 12, 11, 18, 70], [0, 1, 2, 3, 4, 5, 6, 7, 11, 12, 14, 15, 17]]
[[3, 7, 12, 11, 18, 70], [0, 5, 6, 7, 8, 9, 11, 13, 14, 15, 17, 18, 19]]
[[3, 7, 12, 11, 18, 70], [0, 3, 4, 5, 7, 9, 12, 13, 14, 15, 17, 18, 19]]
[[3, 7, 12, 11, 18, 70], [0, 3, 4, 5, 6, 7, 8, 10, 11, 15, 16, 17, 19]]
[[3, 7, 12, 11, 18, 70], [0, 1, 2, 3, 4, 5, 7, 8, 9, 10, 13, 15, 16, 17, 19]]
[[3, 7, 12, 11, 18, 70], [0, 1, 2, 5, 6, 7, 10, 11, 12, 13, 14, 15, 16, 17, 18]]
[[3, 7, 12, 31, 23, 88], [0, 3, 4, 7, 8, 9, 13, 15, 19]]
[[3, 7, 12, 31, 23, 88], [0, 1, 2, 3, 4, 5, 7, 8, 10, 13, 14, 15, 16]]
[[3, 7, 12, 31, 23, 88], [0, 3, 4, 5, 6, 7, 8, 9, 10, 11, 14, 15, 16, 18, 19]]
[[3, 7, 12, 31, 23, 88], [0, 1, 2, 3, 4, 6, 7, 9, 11, 12, 14, 15, 17, 18, 19]]
[[3, 7, 12, 31, 23, 88], [0, 6, 7, 11, 12, 13, 14, 15, 18]]
[[3, 7, 12, 31, 23, 88], [0, 1, 2, 6, 7, 10, 11, 12, 13, 15, 16, 17, 19]]
[[3, 7, 12, 31, 33, 52], [0, 1, 2, 3, 5, 6, 7, 9, 11, 12, 13, 15, 17, 18, 19]]
[[3, 7, 12, 31, 33, 52], [0, 2, 4, 6, 8, 9, 12, 13, 14, 15, 17]]
[[3, 7, 12, 31, 33, 52], [0, 1, 2, 4, 5, 6, 7, 8, 10, 12, 14, 15, 19]]
[[3, 7, 12, 31, 33, 52], [0, 1, 3, 4, 5, 6, 9, 12, 14, 15, 16]]
[[3, 7, 12, 31, 33, 52], [0, 2, 3, 4, 5, 11, 12, 13, 14, 15, 17, 18, 19]]
[[3, 7, 12, 31, 33, 52], [0, 1, 2, 3, 4, 5, 7, 8, 10, 11, 14, 15, 18]]
[[3, 7, 12, 31, 33, 52], [0, 3, 4, 5, 6, 7, 8, 9, 10, 13, 14, 15, 16, 17, 18]]
[[3, 7, 12, 31, 33, 52], [0, 1, 3, 7, 8, 10, 11, 12, 14, 15, 16, 17, 19]]
[[3, 7, 12, 31, 33, 52], [0, 4, 5, 6, 8, 9, 11, 13, 14, 15, 16, 17, 19]]
[[3, 7, 12, 31, 33, 52], [0, 1, 4, 6, 7, 9, 10, 11, 12, 15, 16, 17, 19]]
[[3, 7, 12, 31, 33, 52], [0, 2, 3, 6, 8, 10, 11, 15, 17, 18, 19]]
[[3, 7, 12, 31, 33, 52], [0, 3, 5, 8, 11, 12, 13, 15, 16, 18, 19]]
[[3, 7, 12, 31, 33, 76], [0, 1, 2, 4, 5, 8, 11, 12, 14, 15, 16]]
[[3, 7, 12, 31, 33, 76], [0, 4, 5, 7, 8, 9, 10, 13, 14, 15, 16, 17, 18]]
[[3, 7, 12, 31, 33, 76], [0, 1, 2, 5, 7, 9, 11, 12, 13, 15, 17, 18, 19]]
[[3, 7, 12, 31, 33, 76], [0, 2, 4, 8, 10, 11, 12, 15, 16, 17, 19]]
[[3, 7, 12, 31, 33, 76], [0, 5, 7, 8, 10, 11, 13, 15, 19]]
[[3, 7, 12, 31, 33, 76], [0, 1, 4, 7, 12, 13, 14, 15, 17]]
[[3, 7, 12, 31, 23, 64], [0, 5, 8, 9, 10, 11, 12, 13, 14, 15, 16, 17, 19]]
[[3, 7, 12, 31, 23, 64], [0, 4, 5, 10, 13, 15, 16, 17, 19]]
[[3, 7, 12, 31, 23, 64], [0, 1, 2, 5, 11, 13, 14, 15, 17]]
[[3, 7, 12, 31, 23, 64], [0, 1, 2, 4, 5, 7, 9, 11, 12, 15, 17, 18, 19]]
[[3, 7, 12, 31, 23, 64], [0, 1, 2, 4, 5, 8, 12, 13, 14, 15, 17, 18, 19]]
[[3, 7, 12, 31, 23, 64], [0, 4, 5, 7, 8, 9, 10, 11, 14, 15, 16, 17, 18]]
[[3, 7, 12, 31, 38, 40], [0, 3, 5, 6, 8, 9, 10, 12, 14, 15, 18]]
[[3, 7, 12, 31, 38, 40], [0, 5, 6, 7, 12, 15, 16, 18, 19]]
[[3, 7, 12, 31, 38, 40], [0, 2, 3, 7, 8, 9, 14, 15, 17]]
[[3, 7, 12, 31, 38, 40], [0, 1, 2, 5, 6, 7, 8, 9, 10, 15, 16, 17, 19]]
[[3, 7, 12, 31, 38, 40], [0, 1, 3, 6, 8, 9, 12, 15, 17, 18, 19]]
[[3, 7, 12, 31, 38, 40], [0, 1, 2, 3, 5, 7, 10, 12, 14, 15, 16, 17, 18]]
[[3, 7, 12, 31, 33, 100], [0, 1, 5, 9, 12, 13, 14, 15, 16, 17, 19]]
[[3, 7, 12, 31, 33, 100], [0, 2, 5, 8, 10, 13, 14, 15, 17, 18, 19]]
[[3, 7, 12, 31, 33, 100], [0, 1, 5, 12, 13, 15, 16, 17, 19]]
[[3, 7, 12, 31, 33, 100], [0, 2, 5, 8, 10, 13, 14, 15, 17]]
[[3, 7, 12, 31, 33, 100], [0, 1, 5, 9, 12, 13, 14, 15, 16, 17, 18]]
[[3, 7, 12, 31, 33, 100], [0, 2, 5, 8, 9, 10, 13, 15, 17, 18, 19]]
[[3, 7, 12, 31, 23, 100], [0, 2, 7, 9, 10, 11, 12, 13, 14, 15, 16, 17, 18]]
[[3, 7, 12, 31, 23, 100], [0, 1, 2, 4, 5, 7, 8, 9, 13, 15, 16, 18, 19]]
[[3, 7, 12, 31, 23, 100], [0, 4, 5, 7, 8, 9, 10, 13, 14, 15, 18]]
[[3, 7, 12, 31, 23, 100], [0, 4, 5, 8, 10, 11, 12, 15, 16, 17, 19]]
[[3, 7, 12, 31, 23, 100], [0, 1, 2, 4, 5, 8, 11, 12, 14, 15, 17]]
[[3, 7, 12, 31, 23, 100], [0, 1, 7, 9, 11, 12, 13, 15, 17, 18, 19]]
[[3, 7, 12, 31, 23, 76], [0, 4, 6, 8, 10, 11, 12, 18, 19]]
[[3, 7, 12, 31, 23, 76], [0, 1, 4, 7, 8, 10, 11, 18, 19]]
[[3, 7, 12, 31, 23, 76], [0, 1, 3, 6, 7, 8, 9, 10, 11, 12, 14, 18, 19]]
[[3, 7, 12, 31, 23, 76], [0, 2, 3, 5, 7, 9, 10, 11, 14, 16, 17, 18, 19]]
[[3, 7, 12, 31, 23, 76], [0, 2, 4, 5, 7, 8, 13, 16, 17, 18, 19]]
[[3, 7, 12, 31, 23, 76], [0, 1, 5, 8, 10, 11, 12, 13, 14, 18, 19]]
[[3, 7, 12, 31, 23, 76], [0, 1, 2, 3, 5, 9, 11, 13, 14, 16, 17]]
[[3, 7, 12, 31, 23, 76], [0, 2, 5, 6, 7, 8, 9, 10, 12, 13, 14, 16, 17]]
[[3, 7, 12, 31, 23, 76], [0, 3, 4, 8, 10, 11, 12, 16, 17, 18, 19]]
[[3, 7, 12, 31, 23, 76], [0, 2, 4, 7, 8, 13, 14, 16, 17]]
[[3, 7, 12, 31, 23, 76], [0, 1, 2, 3, 6, 7, 10, 13, 14, 16, 17]]
[[3, 7, 12, 31, 23, 76], [0, 4, 7, 9, 12, 13, 14, 16, 17]]
[[3, 7, 12, 31, 23, 76], [0, 1, 3, 4, 7, 8, 11, 16, 17, 18, 19]]
[[3, 7, 12, 31, 23, 76], [0, 3, 4, 8, 9, 10, 11, 13, 14, 16, 17]]
[[3, 7, 12, 31, 23, 76], [0, 2, 3, 7, 10, 11, 12, 13, 14, 16, 17]]
[[3, 7, 12, 31, 23, 76], [0, 1, 2, 5, 8, 9, 10, 11, 14, 18, 19]]
[[3, 7, 12, 31, 23, 76], [0, 1, 2, 3, 5, 6, 10, 11, 13, 18, 19]]
[[3, 7, 12, 31, 23, 76], [0, 2, 5, 6, 10, 12, 13, 16, 17, 18, 19]]
[[3, 7, 12, 31, 23, 76], [0, 4, 5, 6, 7, 10, 11, 13, 14, 18, 19]]
[[3, 7, 12, 31, 23, 76], [0, 4, 5, 7, 12, 13, 14, 16, 17, 18, 19]]
[[3, 7, 12, 31, 23, 76], [0, 1, 3, 9, 11, 12, 14, 16, 17, 18, 19]]
[[3, 7, 12, 31, 23, 76], [0, 1, 3, 5, 6, 8, 10, 13, 14, 16, 17, 18, 19]]
[[3, 7, 12, 31, 23, 76], [0, 1, 2, 4, 5, 7, 8, 10, 11, 12, 13, 18, 19]]
[[3, 7, 12, 31, 23, 76], [0, 1, 2, 3, 4, 7, 8, 11, 12, 13, 14, 16, 17]]
[[3, 7, 12, 19, 13, 88], [0, 1, 3, 6, 7, 9, 11, 15, 17, 18, 19]]
[[3, 7, 12, 19, 13, 88], [0, 2, 3, 9, 11, 12, 14, 15, 19]]
[[3, 7, 12, 19, 13, 88], [0, 1, 2, 3, 4, 5, 7, 10, 11, 13, 14, 15, 16]]
[[3, 7, 12, 19, 13, 88], [0, 4, 6, 8, 14, 15, 16, 18, 19]]
[[3, 7, 12, 19, 13, 88], [0, 1, 2, 4, 6, 7, 10, 11, 13, 15, 16, 17, 19]]
[[3, 7, 12, 19, 13, 88], [0, 3, 4, 5, 6, 7, 9, 10, 14, 15, 18]]
[[3, 7, 12, 19, 23, 76], [0, 1, 2, 3, 4, 7, 9, 10, 12, 13, 14, 15, 16]]
[[3, 7, 12, 19, 23, 76], [0, 3, 4, 6, 7, 8, 9, 10, 11, 15, 16, 17, 19]]
[[3, 7, 12, 19, 23, 76], [0, 3, 4, 5, 7, 9, 12, 13, 14, 15, 19]]
[[3, 7, 12, 19, 23, 76], [0, 1, 2, 6, 7, 8, 10, 11, 13, 15, 16, 18, 19]]
[[3, 7, 12, 19, 23, 76], [0, 6, 7, 8, 11, 13, 14, 15, 17, 18, 19]]
[[3, 7, 12, 19, 23, 76], [0, 1, 2, 3, 4, 5, 6, 7, 11, 12, 14, 15, 18]]
[[3, 7, 12, 19, 43, 40], [0, 2, 3, 4, 7, 8, 13, 15, 16, 18, 19]]
[[3, 7, 12, 19, 43, 40], [0, 2, 6, 7, 9, 11, 12, 13, 14, 15, 16]]
[[3, 7, 12, 19, 43, 40], [0, 1, 6, 7, 9, 10, 11, 12, 13, 15, 16, 17, 19]]
[[3, 7, 12, 19, 43, 40], [0, 3, 4, 5, 6, 7, 8, 9, 10, 11, 14, 15, 19]]
[[3, 7, 12, 19, 43, 40], [0, 1, 2, 3, 4, 5, 7, 8, 10, 13, 14, 15, 18]]
[[3, 7, 12, 19, 43, 40], [0, 1, 3, 4, 6, 7, 11, 12, 14, 15, 17, 18, 19]]
[[3, 7, 12, 19, 43, 100], [0, 3, 4, 5, 7, 8, 9, 11, 12, 13, 14, 15, 16]]
[[3, 7, 12, 19, 43, 100], [0, 1, 4, 6, 10, 12, 14, 15, 16, 18, 19]]
[[3, 7, 12, 19, 43, 100], [0, 1, 3, 5, 6, 7, 8, 9, 12, 13, 14, 15, 18]]
[[3, 7, 12, 19, 43, 100], [0, 2, 5, 6, 8, 9, 13, 15, 16, 17, 19]]
[[3, 7, 12, 19, 43, 100], [0, 2, 4, 6, 7, 8, 11, 12, 13, 15, 17, 18, 19]]
[[3, 7, 12, 19, 43, 100], [0, 1, 2, 3, 8, 9, 10, 11, 14, 15, 19]]
[[3, 7, 12, 19, 43, 100], [0, 3, 6, 7, 8, 9, 10, 12, 13, 15, 17, 18, 19]]
[[3, 7, 12, 19, 43, 100], [0, 1, 5, 6, 10, 12, 13, 15, 16, 18, 19]]
[[3, 7, 12, 19, 43, 100], [0, 2, 3, 5, 12, 13, 14, 15, 16, 17, 18]]
[[3, 7, 12, 19, 43, 100], [0, 3, 6, 7, 8, 9, 10, 11, 12, 15, 16, 17, 19]]
[[3, 7, 12, 19, 43, 100], [0, 1, 2, 3, 4, 5, 6, 7, 8, 12, 14, 15, 18]]
[[3, 7, 12, 19, 43, 100], [0, 1, 2, 3, 8, 9, 10, 13, 14, 15, 17]]
[[3, 7, 12, 19, 28, 46], [0, 2, 3, 5, 6, 7, 10, 13, 14, 15, 16, 18, 19]]
[[3, 7, 12, 19, 28, 46], [0, 1, 2, 3, 6, 7, 9, 13, 14, 15, 16, 17, 19]]
[[3, 7, 12, 19, 28, 46], [0, 1, 5, 6, 9, 10, 12, 13, 14, 15, 17, 18, 19]]
[[3, 7, 12, 19, 28, 46], [0, 1, 3, 5, 8, 9, 10, 13, 14, 15, 17, 18, 19]]
[[3, 7, 12, 19, 28, 46], [0, 2, 5, 6, 8, 13, 14, 15, 18]]
[[3, 7, 12, 19, 28, 46], [0, 3, 9, 12, 13, 15, 16, 17, 19]]
[[3, 7, 12, 19, 53, 64], [0, 2, 5, 6, 12, 13, 14, 15, 16, 18, 19]]
[[3, 7, 12, 19, 53, 64], [0, 2, 3, 8, 9, 13, 14, 15, 16, 17, 19]]
[[3, 7, 12, 19, 53, 64], [0, 1, 2, 3, 5, 10, 12, 13, 14, 15, 17, 18, 19]]
[[3, 7, 12, 19, 53, 64], [0, 1, 3, 6, 7, 8, 9, 12, 13, 15, 17, 18, 19]]
[[3, 7, 12, 19, 53, 64], [0, 1, 5, 6, 8, 9, 10, 13, 14, 15, 16, 17, 19]]
[[3, 7, 12, 19, 53, 64], [0, 3, 5, 6, 7, 8, 9, 10, 12, 13, 14, 15, 18]]
[[3, 7, 12, 19, 18, 106], [0, 1, 2, 3, 5, 6, 7, 8, 11, 13, 14, 15, 17, 18, 19]]
[[3, 7, 12, 19, 18, 106], [0, 2, 4, 9, 10, 11, 14, 15, 17]]
[[3, 7, 12, 19, 18, 106], [0, 1, 4, 7, 8, 9, 13, 15, 16, 17, 19]]
[[3, 7, 12, 19, 18, 106], [0, 1, 4, 5, 11, 15, 16, 18, 19]]
[[3, 7, 12, 19, 18, 106], [0, 2, 4, 5, 7, 9, 10, 12, 13, 15, 17, 18, 19]]
[[3, 7, 12, 19, 18, 106], [0, 3, 5, 9, 11, 13, 14, 15, 16, 18, 19]]
[[3, 7, 12, 19, 18, 106], [0, 2, 4, 6, 9, 13, 14, 15, 17, 18, 19]]
[[3, 7, 12, 19, 18, 106], [0, 3, 4, 5, 6, 7, 9, 10, 12, 13, 14, 15, 16, 17, 19]]
[[3, 7, 12, 19, 18, 106], [0, 2, 5, 7, 10, 11, 12, 13, 14, 15, 18]]
[[3, 7, 12, 19, 18, 106], [0, 1, 4, 6, 7, 8, 9, 10, 11, 15, 16, 17, 19]]
[[3, 7, 12, 19, 18, 106], [0, 1, 2, 3, 4, 5, 7, 10, 11, 12, 14, 15, 18]]
[[3, 7, 12, 19, 18, 106], [0, 1, 5, 7, 8, 9, 11, 13, 14, 15, 16, 17, 18]]
[[3, 7, 12, 19, 23, 88], [0, 1, 2, 4, 5, 9, 11, 15, 16, 17, 19]]
[[3, 7, 12, 19, 23, 88], [0, 7, 8, 9, 10, 11, 13, 15, 17, 18, 19]]
[[3, 7, 12, 19, 23, 88], [0, 2, 4, 5, 10, 11, 14, 15, 16, 17, 18]]
[[3, 7, 12, 19, 23, 88], [0, 1, 2, 7, 8, 9, 11, 13, 14, 15, 17]]
[[3, 7, 12, 19, 23, 88], [0, 4, 5, 7, 10, 12, 13, 15, 16, 18, 19]]
[[3, 7, 12, 19, 23, 88], [0, 1, 4, 5, 7, 9, 12, 13, 14, 15, 18]]
[[3, 7, 12, 19, 48, 94], [0, 1, 3, 4, 5, 6, 7, 9, 11, 12, 14, 15, 16, 18, 19]]
[[3, 7, 12, 19, 48, 94], [0, 1, 2, 6, 7, 8, 9, 10, 11, 13, 14, 15, 18]]
[[3, 7, 12, 19, 48, 94], [0, 1, 3, 4, 7, 9, 10, 12, 13, 15, 16, 18, 19]]
[[3, 7, 12, 19, 48, 94], [0, 6, 7, 8, 9, 11, 13, 15, 16, 17, 19]]
[[3, 7, 12, 19, 48, 94], [0, 2, 3, 4, 5, 7, 12, 13, 14, 15, 18]]
[[3, 7, 12, 19, 48, 94], [0, 2, 3, 4, 6, 7, 8, 9, 10, 11, 14, 15, 17, 18, 19]]
[[3, 7, 12, 19, 8, 82], [0, 1, 2, 3, 4, 5, 6, 7, 11, 12, 14, 15, 16, 17, 18]]
[[3, 7, 12, 19, 8, 82], [0, 2, 5, 6, 7, 8, 11, 13, 14, 15, 17, 18, 19]]
[[3, 7, 12, 19, 8, 82], [0, 1, 5, 6, 7, 9, 10, 11, 12, 13, 14, 15, 17]]
[[3, 7, 12, 19, 8, 82], [0, 2, 3, 4, 5, 6, 7, 8, 9, 10, 11, 15, 16, 17, 19]]
[[3, 7, 12, 19, 8, 82], [0, 1, 3, 4, 5, 7, 8, 10, 13, 15, 17, 18, 19]]
[[3, 7, 12, 19, 8, 82], [0, 3, 4, 5, 7, 9, 12, 13, 14, 15, 16, 17, 19]]
[[3, 7, 12, 19, 53, 76], [0, 1, 2, 4, 6, 8, 9, 10, 11, 12, 14, 15, 18]]
[[3, 7, 12, 19, 53, 76], [0, 4, 6, 7, 9, 12, 13, 15, 16, 17, 19]]
[[3, 7, 12, 19, 53, 76], [0, 2, 3, 4, 6, 9, 10, 13, 14, 15, 17, 18, 19]]
[[3, 7, 12, 19, 53, 76], [0, 1, 3, 4, 8, 9, 10, 11, 12, 15, 16, 18, 19]]
[[3, 7, 12, 19, 53, 76], [0, 1, 3, 5, 6, 9, 11, 13, 14, 15, 16, 18, 19]]
[[3, 7, 12, 19, 53, 76], [0, 2, 3, 5, 7, 8, 11, 13, 14, 15, 18]]
[[3, 7, 12, 19, 33, 88], [0, 2, 4, 5, 6, 8, 14, 15, 18]]
[[3, 7, 12, 19, 33, 88], [0, 1, 2, 3, 4, 7, 8, 9, 10, 11, 12, 13, 14, 15, 17, 18, 19]]
[[3, 7, 12, 19, 33, 88], [0, 3, 9, 11, 12, 15, 16, 17, 19]]
[[3, 7, 12, 19, 33, 88], [0, 1, 2, 3, 6, 7, 9, 11, 14, 15, 18]]
[[3, 7, 12, 19, 33, 88], [0, 3, 4, 6, 7, 9, 10, 15, 16, 18, 19]]
[[3, 7, 12, 19, 33, 88], [0, 1, 4, 5, 6, 7, 8, 9, 10, 11, 12, 13, 14, 15, 16, 18, 19]]
[[3, 7, 12, 19, 43, 52], [0, 1, 2, 6, 7, 9, 10, 11, 12, 13, 14, 15, 16, 18, 19]]
[[3, 7, 12, 19, 43, 52], [0, 3, 4, 5, 7, 8, 9, 13, 14, 15, 18]]
[[3, 7, 12, 19, 43, 52], [0, 1, 2, 3, 4, 7, 8, 9, 10, 13, 14, 15, 16, 18, 19]]
[[3, 7, 12, 19, 43, 52], [0, 1, 2, 3, 4, 5, 6, 7, 8, 11, 14, 15, 18]]
[[3, 7, 12, 19, 43, 52], [0, 6, 7, 9, 11, 12, 13, 15, 17, 18, 19]]
[[3, 7, 12, 19, 43, 52], [0, 3, 4, 6, 7, 9, 10, 11, 12, 15, 16, 17, 19]]
[[3, 7, 12, 19, 43, 76], [0, 2, 3, 7, 8, 9, 11, 13, 14, 15, 16, 18, 19]]
[[3, 7, 12, 19, 43, 76], [0, 1, 2, 3, 4, 5, 8, 10, 11, 12, 14, 15, 18]]
[[3, 7, 12, 19, 43, 76], [0, 3, 4, 5, 6, 8, 9, 10, 12, 13, 14, 15, 18]]
[[3, 7, 12, 19, 43, 76], [0, 1, 4, 6, 8, 9, 10, 11, 12, 15, 16, 17, 19]]
[[3, 7, 12, 19, 43, 76], [0, 2, 4, 6, 7, 9, 12, 13, 14, 15, 16, 18, 19]]
[[3, 7, 12, 19, 43, 76], [0, 1, 3, 6, 8, 9, 11, 12, 13, 15, 17, 18, 19]]
[[3, 7, 12, 39, 33, 76], [0, 1, 4, 5, 12, 15, 17, 18, 19]]
[[3, 7, 12, 39, 33, 76], [0, 2, 4, 10, 11, 12, 13, 15, 17, 18, 19]]
[[3, 7, 12, 39, 33, 76], [0, 1, 2, 4, 7, 8, 11, 15, 16, 17, 19]]
[[3, 7, 12, 39, 33, 76], [0, 2, 7, 8, 10, 11, 12, 15, 19]]
[[3, 7, 12, 39, 33, 76], [0, 1, 7, 8, 11, 12, 14, 15, 16, 17, 19]]
[[3, 7, 12, 39, 33, 76], [0, 5, 8, 9, 10, 11, 14, 15, 17]]
[[3, 7, 12, 39, 33, 76], [0, 1, 4, 7, 11, 13, 14, 15, 16, 17, 18]]
[[3, 7, 12, 39, 33, 76], [0, 2, 10, 11, 13, 15, 17, 18, 19]]
[[3, 7, 12, 39, 33, 76], [0, 2, 4, 8, 10, 15, 16, 17, 19]]
[[3, 7, 12, 39, 33, 76], [0, 1, 4, 5, 8, 9, 11, 13, 14, 15, 16]]
[[3, 7, 12, 39, 33, 76], [0, 2, 4, 5, 7, 8, 10, 12, 14, 15, 19]]
[[3, 7, 12, 39, 33, 76], [0, 1, 4, 7, 8, 12, 14, 15, 16]]
[[3, 7, 12, 39, 33, 76], [0, 1, 2, 5, 11, 12, 14, 15, 16]]
[[3, 7, 12, 39, 33, 76], [0, 1, 11, 13, 14, 15, 19]]
[[3, 7, 12, 39, 33, 76], [0, 4, 10, 13, 14, 15, 19]]
[[3, 7, 12, 39, 33, 76], [0, 2, 4, 5, 7, 10, 11, 12, 14, 15, 16]]
[[3, 7, 12, 39, 33, 76], [0, 1, 4, 5, 9, 13, 14, 15, 16]]
[[3, 7, 12, 39, 33, 76], [0, 2, 4, 5, 7, 9, 10, 11, 13, 15, 19]]
[[3, 7, 12, 39, 38, 82], [0, 2, 4, 6, 8, 9, 10, 18, 19]]
[[3, 7, 12, 39, 38, 82], [0, 2, 4, 5, 8, 11, 13, 16, 19]]
[[3, 7, 12, 39, 38, 82], [0, 4, 6, 9, 10, 12, 14, 16, 17]]
[[3, 7, 12, 39, 38, 82], [0, 1, 2, 4, 5, 6, 8, 12, 13, 16, 19]]
[[3, 7, 12, 39, 38, 82], [0, 2, 3, 4, 5, 7, 10, 16, 17, 18, 19]]
[[3, 7, 12, 39, 38, 82], [0, 2, 3, 4, 5, 6, 8, 9, 12, 13, 14, 16, 19]]
[[3, 7, 12, 39, 38, 82], [0, 2, 3, 4, 5, 6, 7, 8, 9, 12, 14, 16, 17]]
[[3, 7, 12, 39, 38, 82], [0, 4, 5, 6, 7, 8, 10, 12, 14, 16, 17, 18, 19]]
[[3, 7, 12, 39, 38, 82], [0, 1, 3, 4, 6, 8, 9, 10, 14, 16, 17]]
[[3, 7, 12, 39, 38, 82], [0, 1, 2, 3, 4, 5, 6, 7, 10, 18, 19]]
[[3, 7, 12, 39, 38, 82], [0, 1, 2, 3, 4, 5, 6, 10, 12, 18, 19]]
[[3, 7, 12, 39, 38, 82], [0, 7, 8, 9, 11, 12, 14, 16, 19]]
[[3, 7, 12, 39, 38, 82], [0, 6, 9, 10, 12, 13, 14, 16, 19]]
[[3, 7, 12, 39, 38, 82], [0, 1, 3, 4, 5, 9, 12, 16, 17, 18, 19]]
[[3, 7, 12, 39, 38, 82], [0, 6, 7, 8, 10, 12, 13, 16, 19]]
[[3, 7, 12, 39, 38, 82], [0, 2, 3, 4, 5, 6, 7, 9, 12, 13, 14, 16, 19]]
[[3, 7, 12, 39, 38, 82], [0, 1, 2, 3, 4, 6, 7, 9, 10, 16, 17, 18, 19]]
[[3, 7, 12, 39, 38, 82], [0, 1, 2, 3, 4, 5, 8, 9, 14, 16, 17]]
[[3, 7, 12, 39, 38, 82], [0, 1, 4, 6, 7, 9, 14, 16, 17]]
[[3, 7, 12, 39, 38, 82], [0, 2, 4, 8, 9, 11, 12, 16, 19]]
[[3, 7, 12, 39, 38, 82], [0, 1, 2, 4, 5, 6, 8, 9, 14, 16, 17, 18, 19]]
[[3, 7, 12, 39, 38, 82], [0, 1, 3, 4, 5, 6, 7, 8, 9, 10, 12, 18, 19]]
[[3, 7, 12, 39, 38, 82], [0, 4, 6, 9, 10, 12, 14, 18, 19]]
[[3, 7, 12, 39, 38, 82], [0, 1, 2, 3, 4, 7, 9, 11, 12, 16, 19]]
[[3, 7, 12, 39, 38, 82], [0, 1, 3, 4, 5, 6, 7, 9, 10, 11, 12, 16, 19]]
[[3, 7, 12, 39, 38, 82], [0, 2, 4, 5, 6, 7, 9, 10, 14, 18, 19]]
[[3, 7, 12, 39, 38, 82], [0, 1, 2, 3, 5, 6, 10, 12, 13, 16, 19]]
[[3, 7, 12, 39, 38, 82], [0, 2, 3, 4, 5, 7, 9, 10, 14, 16, 17]]
[[3, 7, 12, 39, 38, 82], [0, 4, 5, 6, 7, 8, 10, 12, 14, 18, 19]]
[[3, 7, 12, 39, 38, 82], [0, 1, 3, 4, 5, 8, 14, 16, 17, 18, 19]]
[[3, 7, 12, 39, 38, 82], [0, 1, 2, 3, 4, 5, 9, 12, 14, 16, 17]]
[[3, 7, 12, 39, 38, 82], [0, 7, 8, 9, 11, 13, 14, 16, 19]]
[[3, 7, 12, 39, 38, 82], [0, 2, 3, 4, 5, 6, 12, 16, 17, 18, 19]]
[[3, 7, 12, 39, 38, 82], [0, 1, 3, 4, 5, 6, 8, 10, 14, 18, 19]]
[[3, 7, 12, 39, 38, 82], [0, 1, 3, 9, 11, 13, 14, 16, 19]]
[[3, 7, 12, 39, 38, 82], [0, 6, 9, 10, 11, 12, 14, 16, 19]]
[[3, 7, 12, 39, 38, 82], [0, 1, 4, 6, 7, 12, 13, 16, 19]]
[[3, 7, 12, 39, 38, 82], [0, 1, 3, 4, 7, 11, 13, 16, 19]]
[[3, 7, 12, 39, 38, 82], [0, 1, 2, 3, 5, 9, 11, 12, 14, 16, 19]]
[[3, 7, 12, 39, 38, 82], [0, 6, 7, 8, 10, 11, 13, 16, 19]]
[[3, 7, 12, 39, 38, 82], [0, 3, 4, 7, 8, 9, 10, 12, 14, 16, 17]]
[[3, 7, 12, 39, 38, 82], [0, 3, 4, 7, 8, 9, 10, 12, 14, 16, 17, 18, 19]]
[[3, 7, 12, 39, 38, 82], [0, 1, 2, 3, 4, 5, 6, 7, 9, 10, 11, 13, 14, 16, 19]]
[[3, 7, 12, 39, 38, 82], [0, 1, 3, 4, 5, 6, 8, 9, 10, 11, 12, 16, 19]]
[[3, 7, 12, 39, 38, 82], [0, 2, 5, 6, 10, 11, 13, 16, 19]]
[[3, 7, 12, 39, 38, 82], [0, 1, 2, 3, 4, 5, 6, 8, 9, 10, 11, 13, 14, 16, 19]]
[[3, 7, 12, 39, 38, 82], [0, 2, 5, 6, 7, 8, 9, 10, 11, 12, 14, 16, 19]]
[[3, 7, 12, 39, 38, 82], [0, 1, 3, 6, 7, 8, 9, 10, 12, 13, 14, 16, 19]]
[[3, 7, 12, 39, 33, 88], [0, 1, 5, 10, 11, 12, 14, 17, 18]]
[[3, 7, 12, 39, 33, 88], [0, 1, 5, 7, 10, 11, 14, 17, 18]]
[[3, 7, 12, 39, 33, 88], [0, 1, 3, 5, 11, 12, 14, 16, 18]]
[[3, 7, 12, 39, 33, 88], [0, 2, 3, 10, 12, 13, 14, 17, 18]]
[[3, 7, 12, 39, 33, 88], [0, 2, 3, 5, 10, 12, 13, 17, 19]]
[[3, 7, 12, 39, 33, 88], [0, 1, 2, 5, 10, 11, 13, 17, 19]]
[[3, 7, 12, 39, 33, 88], [0, 2, 4, 5, 6, 8, 10, 12, 13, 17, 19]]
[[3, 7, 12, 39, 33, 88], [0, 2, 4, 5, 6, 9, 10, 11, 14, 16, 18]]
[[3, 7, 12, 39, 33, 88], [0, 1, 4, 8, 9, 10, 11, 12, 14, 17, 18]]
[[3, 7, 12, 39, 33, 88], [0, 1, 2, 4, 5, 7, 8, 9, 10, 11, 14, 17, 18]]
[[3, 7, 12, 39, 33, 88], [0, 1, 2, 3, 6, 8, 10, 11, 12, 13, 14, 16, 18]]
[[3, 7, 12, 39, 33, 88], [0, 2, 3, 5, 8, 9, 10, 13, 14, 17, 19]]
[[3, 7, 12, 39, 33, 88], [0, 2, 3, 8, 10, 13, 14, 17, 18]]
[[3, 7, 12, 39, 33, 88], [0, 2, 4, 6, 7, 8, 10, 11, 12, 13, 14, 16, 18]]
[[3, 7, 12, 39, 33, 88], [0, 1, 2, 5, 7, 9, 10, 11, 12, 13, 14, 17, 19]]
[[3, 7, 12, 39, 33, 88], [0, 2, 4, 6, 7, 10, 12, 13, 14, 17, 18]]
[[3, 7, 12, 39, 33, 88], [0, 1, 4, 7, 8, 9, 10, 11, 12, 13, 14, 17, 19]]
[[3, 7, 12, 39, 33, 88], [0, 1, 2, 4, 5, 8, 10, 11, 13, 17, 19]]
[[3, 7, 12, 39, 33, 88], [0, 1, 2, 3, 4, 6, 7, 8, 10, 13, 14, 17, 18]]
[[3, 7, 12, 39, 33, 88], [0, 1, 3, 4, 6, 9, 10, 13, 14, 17, 19]]
[[3, 7, 12, 39, 33, 88], [0, 1, 3, 4, 7, 9, 11, 12, 14, 16, 18]]
[[3, 7, 12, 39, 33, 88], [0, 1, 2, 3, 4, 7, 11, 13, 14, 16, 18]]
[[3, 7, 12, 39, 33, 88], [0, 1, 3, 5, 6, 7, 10, 11, 14, 16, 18]]
[[3, 7, 12, 39, 33, 88], [0, 1, 2, 3, 11, 13, 14, 16, 18]]
[[3, 7, 12, 35, 38, 82], [0, 2, 3, 7, 11, 15, 16, 18, 19]]
[[3, 7, 12, 35, 38, 82], [0, 1, 2, 3, 4, 9, 10, 11, 12, 13, 14, 15, 18]]
[[3, 7, 12, 35, 38, 82], [0, 3, 4, 6, 8, 9, 10, 15, 19]]
[[3, 7, 12, 35, 38, 82], [0, 1, 3, 6, 11, 12, 14, 15, 18]]
[[3, 7, 12, 35, 38, 82], [0, 1, 4, 6, 8, 9, 10, 11, 13, 15, 16, 18, 19]]
[[3, 7, 12, 35, 38, 82], [0, 2, 4, 6, 7, 9, 14, 15, 16]]
[[3, 7, 12, 35, 28, 58], [0, 3, 11, 12, 14, 15, 16, 18, 19]]
[[3, 7, 12, 35, 28, 58], [0, 3, 4, 5, 6, 7, 9, 10, 14, 15, 16]]
[[3, 7, 12, 35, 28, 58], [0, 1, 2, 3, 4, 5, 7, 10, 11, 13, 14, 15, 18]]
[[3, 7, 12, 35, 28, 58], [0, 1, 2, 3, 6, 7, 11, 15, 17, 18, 19]]
[[3, 7, 12, 35, 28, 58], [0, 1, 4, 6, 7, 9, 10, 11, 13, 15, 16, 17, 19]]
[[3, 7, 12, 35, 28, 58], [0, 2, 4, 6, 8, 9, 14, 15, 19]]
[[3, 7, 12, 35, 48, 34], [0, 1, 2, 3, 4, 6, 8, 9, 11, 13, 14, 15, 16, 18, 19]]
[[3, 7, 12, 35, 48, 34], [0, 3, 4, 9, 12, 15, 17, 18, 19]]
[[3, 7, 12, 35, 48, 34], [0, 2, 3, 4, 6, 9, 10, 11, 12, 13, 14, 15, 16, 18, 19]]
[[3, 7, 12, 35, 48, 34], [0, 5, 6, 8, 9, 11, 14, 15, 18]]
[[3, 7, 12, 35, 48, 34], [0, 1, 2, 5, 6, 10, 11, 12, 14, 15, 18]]
[[3, 7, 12, 35, 48, 34], [0, 1, 3, 4, 8, 9, 10, 15, 16, 17, 19]]
[[3, 7, 12, 35, 33, 64], [0, 2, 5, 8, 9, 10, 11, 12, 13, 15, 16, 17, 19]]
[[3, 7, 12, 35, 33, 64], [0, 1, 5, 11, 13, 15, 16, 17, 19]]
[[3, 7, 12, 35, 33, 64], [0, 1, 4, 5, 7, 9, 11, 12, 14, 15, 17, 18, 19]]
[[3, 7, 12, 35, 33, 64], [0, 1, 2, 4, 5, 8, 12, 13, 14, 15, 16, 17, 18]]
[[3, 7, 12, 35, 33, 64], [0, 2, 4, 5, 10, 13, 14, 15, 17]]
[[3, 7, 12, 35, 33, 64], [0, 4, 5, 7, 8, 9, 10, 11, 14, 15, 17, 18, 19]]
[[3, 7, 12, 35, 43, 52], [0, 2, 4, 7, 8, 9, 10, 11, 12, 13, 14, 15, 16, 17, 18]]
[[3, 7, 12, 35, 43, 52], [0, 2, 5, 8, 10, 11, 14, 15, 18]]
[[3, 7, 12, 35, 43, 52], [0, 1, 5, 9, 11, 12, 14, 15, 17]]
[[3, 7, 12, 35, 43, 52], [0, 4, 5, 8, 10, 15, 17, 18, 19]]
[[3, 7, 12, 35, 43, 52], [0, 1, 4, 9, 12, 15, 16, 17, 19]]
[[3, 7, 12, 35, 43, 52], [0, 1, 2, 4, 5, 7, 8, 9, 11, 12, 13, 15, 16, 18, 19]]
[[3, 7, 12, 43, 33, 64], [0, 1, 3, 4, 8, 9, 11, 13, 14, 16, 17]]
[[3, 7, 12, 43, 33, 64], [0, 1, 2, 5, 6, 7, 8, 9, 12, 13, 14, 16, 17]]
[[3, 7, 12, 43, 33, 64], [0, 1, 2, 3, 7, 11, 12, 13, 14, 16, 17]]
[[3, 7, 12, 43, 33, 64], [0, 2, 3, 9, 10, 11, 12, 16, 17, 18, 19]]
[[3, 7, 12, 43, 33, 64], [0, 1, 3, 5, 7, 9, 11, 16, 17, 18, 19]]
[[3, 7, 12, 43, 33, 64], [0, 1, 2, 5, 8, 10, 11, 12, 13, 18, 19]]
[[3, 7, 12, 43, 33, 64], [0, 1, 3, 5, 6, 10, 11, 13, 14, 18, 19]]
[[3, 7, 12, 43, 33, 64], [0, 1, 2, 4, 7, 8, 10, 11, 14, 18, 19]]
[[3, 7, 12, 43, 33, 64], [0, 1, 5, 8, 9, 10, 11, 18, 19]]
[[3, 7, 12, 43, 33, 64], [0, 2, 4, 5, 6, 7, 10, 11, 13, 18, 19]]
[[3, 7, 12, 43, 33, 64], [0, 1, 2, 4, 7, 8, 10, 13, 14, 16, 17]]
[[3, 7, 12, 43, 33, 64], [0, 2, 4, 6, 8, 10, 11, 12, 14, 18, 19]]
[[3, 7, 12, 43, 33, 64], [0, 1, 2, 4, 5, 7, 10, 12, 13, 16, 17, 18, 19]]
[[3, 7, 12, 43, 33, 64], [0, 1, 4, 5, 7, 8, 10, 11, 12, 13, 14, 18, 19]]
[[3, 7, 12, 43, 33, 64], [0, 1, 5, 6, 12, 13, 14, 16, 17, 18, 19]]
[[3, 7, 12, 43, 33, 64], [0, 1, 4, 7, 9, 10, 12, 13, 14, 16, 17]]
[[3, 7, 12, 43, 33, 64], [0, 1, 4, 5, 7, 8, 10, 13, 14, 16, 17, 18, 19]]
[[3, 7, 12, 43, 33, 64], [0, 2, 3, 5, 9, 10, 11, 13, 14, 16, 17]]
[[3, 7, 12, 43, 33, 64], [0, 1, 2, 3, 4, 8, 11, 12, 14, 16, 17, 18, 19]]
[[3, 7, 12, 43, 33, 64], [0, 2, 3, 6, 7, 13, 14, 16, 17]]
[[3, 7, 12, 43, 33, 64], [0, 2, 3, 4, 7, 8, 10, 11, 12, 13, 14, 16, 17]]
[[3, 7, 12, 43, 33, 64], [0, 2, 3, 4, 7, 8, 10, 11, 14, 16, 17, 18, 19]]
[[3, 7, 12, 43, 33, 64], [0, 1, 2, 3, 6, 7, 8, 9, 10, 11, 12, 18, 19]]
[[3, 7, 12, 43, 33, 64], [0, 2, 3, 5, 6, 8, 13, 16, 17, 18, 19]]
[[3, 7, 15, 23, 33, 91], [0, 3, 5, 9, 14, 15, 16, 18, 19]]
[[3, 7, 15, 23, 33, 91], [0, 1, 2, 4, 6, 8, 9, 10, 11, 13, 14, 15, 16, 17, 19]]
[[3, 7, 15, 23, 33, 91], [0, 2, 7, 8, 9, 10, 14, 15, 16]]
[[3, 7, 15, 23, 33, 91], [0, 1, 7, 12, 14, 15, 18]]
[[3, 7, 15, 23, 33, 91], [0, 7, 8, 9, 10, 15, 19]]
[[3, 7, 15, 23, 33, 91], [0, 1, 6, 9, 10, 15, 19]]
[[3, 7, 15, 23, 33, 91], [0, 1, 7, 8, 9, 15, 16, 17, 19]]
[[3, 7, 15, 23, 33, 91], [0, 1, 2, 3, 5, 6, 8, 11, 14, 15, 17, 18, 19]]
[[3, 7, 15, 23, 33, 91], [0, 1, 2, 7, 8, 9, 14, 15, 16, 17, 19]]
[[3, 7, 15, 23, 33, 91], [0, 1, 2, 3, 4, 5, 10, 11, 12, 13, 14, 15, 16, 18, 19]]
[[3, 7, 15, 23, 33, 91], [0, 1, 5, 7, 8, 9, 14, 15, 16]]
[[3, 7, 15, 23, 33, 91], [0, 7, 10, 12, 14, 15, 17, 18, 19]]
[[3, 7, 15, 23, 33, 91], [0, 1, 5, 7, 8, 9, 14, 15, 19]]
[[3, 7, 15, 23, 33, 91], [0, 2, 5, 7, 10, 12, 14, 15, 16, 18, 19]]
[[3, 7, 15, 23, 33, 91], [0, 2, 6, 9, 14, 15, 17, 18, 19]]
[[3, 7, 15, 23, 33, 91], [0, 2, 5, 7, 10, 12, 14, 15, 18]]
[[3, 7, 15, 23, 33, 91], [0, 1, 2, 7, 12, 15, 16, 18, 19]]
[[3, 7, 15, 23, 33, 91], [0, 1, 2, 3, 5, 6, 7, 8, 14, 15, 16]]
[[3, 7, 15, 23, 33, 91], [0, 4, 6, 7, 9, 15, 17, 18, 19]]
[[3, 7, 15, 23, 33, 91], [0, 1, 3, 10, 14, 15, 18]]
[[3, 7, 15, 23, 33, 91], [0, 2, 7, 10, 12, 15, 17, 18, 19]]
[[3, 7, 15, 23, 33, 91], [0, 3, 5, 7, 9, 11, 14, 15, 18]]
[[3, 7, 15, 23, 33, 91], [0, 3, 4, 5, 6, 9, 10, 12, 14, 15, 16, 17, 19]]
[[3, 7, 15, 23, 33, 91], [0, 2, 3, 6, 7, 10, 12, 15, 16, 17, 19]]
[[3, 7, 15, 23, 33, 115], [0, 7, 8, 9, 10, 15, 16, 17, 19]]
[[3, 7, 15, 23, 33, 115], [0, 1, 2, 5, 7, 12, 14, 15, 18]]
[[3, 7, 15, 23, 33, 115], [0, 7, 10, 12, 14, 15, 16, 18, 19]]
[[3, 7, 15, 23, 33, 115], [0, 1, 2, 7, 12, 15, 17, 18, 19]]
[[3, 7, 15, 23, 33, 115], [0, 1, 2, 7, 8, 9, 14, 15, 19]]
[[3, 7, 15, 23, 33, 115], [0, 1, 2, 3, 4, 5, 6, 7, 11, 12, 14, 15, 19]]
[[3, 7, 15, 23, 33, 115], [0, 5, 7, 8, 9, 10, 14, 15, 16]]
[[3, 7, 15, 23, 33, 115], [0, 3, 4, 6, 7, 8, 10, 11, 14, 15, 16, 17, 19]]
[[3, 7, 15, 23, 33, 115], [0, 3, 4, 5, 7, 9, 12, 13, 14, 15, 18]]
[[3, 7, 15, 23, 33, 115], [0, 1, 5, 9, 14, 15, 17, 18, 19]]
[[3, 7, 15, 23, 33, 115], [0, 2, 5, 8, 10, 12, 14, 15, 16, 18, 19]]
[[3, 7, 15, 23, 33, 115], [0, 6, 7, 8, 9, 11, 13, 15, 17, 18, 19]]
[[3, 7, 15, 23, 33, 115], [0, 5, 9, 10, 14, 15, 17, 18, 19]]
[[3, 7, 15, 23, 33, 115], [0, 1, 2, 5, 8, 12, 14, 15, 18]]
[[3, 7, 15, 23, 33, 115], [0, 1, 2, 8, 9, 12, 14, 15, 16, 17, 19]]
[[3, 7, 15, 23, 33, 115], [0, 1, 2, 3, 4, 7, 10, 12, 13, 15, 16, 18, 19]]
[[3, 7, 15, 23, 33, 115], [0, 8, 9, 10, 12, 15, 16, 17, 19]]
[[3, 7, 15, 23, 33, 115], [0, 1, 2, 6, 7, 8, 9, 10, 11, 13, 14, 15, 16]]
[[3, 7, 15, 23, 23, 79], [0, 1, 7, 8, 11, 12, 14, 15, 17, 18, 19]]
[[3, 7, 15, 23, 23, 79], [0, 4, 5, 7, 8, 9, 10, 12, 14, 15, 19]]
[[3, 7, 15, 23, 23, 79], [0, 2, 7, 8, 10, 11, 12, 15, 16, 18, 19]]
[[3, 7, 15, 23, 23, 79], [0, 4, 9, 10, 11, 12, 13, 15, 16, 17, 19]]
[[3, 7, 15, 23, 23, 79], [0, 1, 2, 4, 5, 8, 11, 13, 14, 15, 18]]
[[3, 7, 15, 23, 23, 79], [0, 1, 2, 4, 7, 8, 9, 12, 14, 15, 16]]
[[3, 7, 15, 23, 23, 127], [0, 1, 4, 5, 8, 10, 11, 13, 14, 16, 19]]
[[3, 7, 15, 23, 23, 127], [0, 2, 4, 7, 8, 9, 10, 12, 14, 15, 19]]
[[3, 7, 15, 23, 23, 127], [0, 1, 2, 5, 6, 7, 8, 9, 11, 12, 14, 16, 19]]
[[3, 7, 15, 23, 23, 127], [0, 3, 4, 5, 6, 8, 9, 12, 13, 16, 19]]
[[3, 7, 15, 23, 23, 127], [0, 2, 3, 9, 10, 11, 13, 16, 19]]
[[3, 7, 15, 23, 23, 127], [0, 2, 6, 7, 8, 10, 12, 13, 14, 16, 19]]
[[3, 7, 15, 23, 23, 127], [0, 1, 3, 5, 6, 10, 12, 13, 14, 16, 19]]
[[3, 7, 15, 23, 23, 127], [0, 1, 2, 7, 8, 9, 10, 11, 13, 16, 19]]
[[3, 7, 15, 23, 23, 127], [0, 1, 4, 5, 7, 8, 9, 12, 14, 15, 16]]
[[3, 7, 15, 23, 23, 127], [0, 1, 2, 6, 7, 8, 11, 13, 14, 16, 19]]
[[3, 7, 15, 23, 23, 127], [0, 1, 7, 8, 11, 12, 14, 15, 16, 18, 19]]
[[3, 7, 15, 23, 23, 127], [0, 2, 3, 5, 9, 10, 11, 12, 14, 16, 19]]
[[3, 7, 15, 23, 23, 127], [0, 2, 3, 4, 7, 10, 11, 13, 14, 16, 19]]
[[3, 7, 15, 23, 23, 127], [0, 1, 7, 8, 9, 10, 11, 12, 14, 16, 19]]
[[3, 7, 15, 23, 23, 127], [0, 2, 3, 4, 7, 9, 10, 11, 12, 16, 19]]
[[3, 7, 15, 23, 23, 127], [0, 1, 2, 3, 6, 7, 8, 9, 10, 12, 13, 16, 19]]
[[3, 7, 15, 23, 23, 127], [0, 1, 4, 9, 11, 12, 13, 15, 16, 17, 19]]
[[3, 7, 15, 23, 23, 127], [0, 1, 6, 9, 11, 12, 14, 16, 19]]
[[3, 7, 15, 23, 23, 127], [0, 2, 7, 8, 10, 11, 12, 15, 17, 18, 19]]
[[3, 7, 15, 23, 23, 127], [0, 3, 4, 5, 6, 7, 9, 11, 12, 16, 19]]
[[3, 7, 15, 23, 23, 127], [0, 3, 4, 5, 6, 8, 9, 11, 12, 16, 19]]
[[3, 7, 15, 23, 23, 127], [0, 1, 2, 4, 6, 7, 12, 13, 14, 16, 19]]
[[3, 7, 15, 23, 23, 127], [0, 3, 4, 5, 6, 7, 9, 11, 13, 16, 19]]
[[3, 7, 15, 23, 23, 127], [0, 3, 4, 5, 6, 8, 9, 11, 13, 16, 19]]
[[3, 7, 15, 23, 23, 127], [0, 1, 5, 6, 11, 13, 14, 16, 19]]
[[3, 7, 15, 23, 23, 127], [0, 2, 4, 5, 8, 10, 11, 13, 14, 15, 18]]
[[3, 7, 15, 23, 23, 127], [0, 1, 2, 4, 8, 9, 10, 11, 12, 16, 19]]
[[3, 7, 15, 23, 23, 127], [0, 3, 4, 5, 6, 7, 9, 12, 13, 16, 19]]
[[3, 7, 15, 23, 23, 127], [0, 2, 6, 9, 10, 12, 13, 16, 19]]
[[3, 7, 15, 23, 23, 127], [0, 1, 4, 5, 6, 8, 12, 13, 14, 16, 19]]
[[3, 7, 15, 23, 53, 67], [0, 1, 4, 5, 8, 9, 12, 13, 14, 15, 18]]
[[3, 7, 15, 23, 53, 67], [0, 1, 2, 8, 9, 11, 12, 13, 14, 15, 16]]
[[3, 7, 15, 23, 53, 67], [0, 1, 4, 7, 11, 12, 14, 15, 16, 17, 19]]
[[3, 7, 15, 23, 53, 67], [0, 8, 9, 10, 11, 12, 13, 15, 17, 18, 19]]
[[3, 7, 15, 23, 53, 67], [0, 2, 4, 8, 10, 12, 13, 15, 16, 18, 19]]
[[3, 7, 15, 23, 53, 67], [0, 2, 4, 5, 7, 8, 10, 11, 14, 15, 19]]
[[3, 7, 15, 23, 18, 85], [0, 1, 5, 6, 9, 10, 11, 13, 14, 15, 18]]
[[3, 7, 15, 23, 18, 85], [0, 1, 3, 4, 9, 10, 13, 15, 17, 18, 19]]
[[3, 7, 15, 23, 18, 85], [0, 1, 3, 4, 5, 6, 8, 9, 11, 12, 14, 15, 16, 18, 19]]
[[3, 7, 15, 23, 18, 85], [0, 2, 3, 4, 5, 7, 8, 12, 14, 15, 17, 18, 19]]
[[3, 7, 15, 23, 18, 85], [0, 2, 3, 4, 6, 7, 8, 10, 11, 12, 13, 15, 17, 18, 19]]
[[3, 7, 15, 23, 18, 85], [0, 5, 6, 7, 8, 9, 11, 12, 14, 15, 16, 17, 19]]
[[3, 7, 15, 23, 18, 85], [0, 1, 3, 4, 7, 10, 14, 15, 16, 17, 19]]
[[3, 7, 15, 23, 18, 85], [0, 1, 2, 5, 6, 7, 10, 11, 14, 15, 19]]
[[3, 7, 15, 23, 18, 85], [0, 1, 3, 4, 5, 6, 7, 8, 9, 11, 12, 13, 14, 15, 16]]
[[3, 7, 15, 23, 18, 85], [0, 2, 3, 4, 6, 8, 9, 10, 11, 12, 14, 15, 17, 18, 19]]
[[3, 7, 15, 23, 18, 85], [0, 2, 5, 6, 8, 11, 12, 13, 14, 15, 16, 17, 19]]
[[3, 7, 15, 23, 18, 85], [0, 2, 3, 4, 5, 8, 12, 13, 14, 15, 16, 17, 19]]
[[3, 7, 15, 23, 48, 73], [0, 2, 3, 4, 6, 8, 9, 10, 11, 12, 14, 15, 16, 17, 19]]
[[3, 7, 15, 23, 48, 73], [0, 3, 4, 5, 8, 9, 12, 13, 14, 15, 17, 18, 19]]
[[3, 7, 15, 23, 48, 73], [0, 1, 2, 3, 4, 5, 6, 8, 11, 12, 14, 15, 16, 18, 19]]
[[3, 7, 15, 23, 48, 73], [0, 1, 2, 5, 6, 10, 11, 13, 14, 15, 18]]
[[3, 7, 15, 23, 48, 73], [0, 5, 6, 8, 9, 11, 12, 13, 14, 15, 17, 18, 19]]
[[3, 7, 15, 23, 48, 73], [0, 1, 3, 4, 9, 10, 13, 15, 16, 17, 19]]
[[3, 7, 15, 23, 23, 91], [0, 1, 4, 5, 7, 11, 12, 15, 16, 17, 19]]
[[3, 7, 15, 23, 23, 91], [0, 1, 8, 9, 12, 15, 16, 17, 19]]
[[3, 7, 15, 23, 23, 91], [0, 1, 5, 9, 14, 15, 16, 17, 18]]
[[3, 7, 15, 23, 23, 91], [0, 2, 4, 5, 9, 10, 13, 15, 16, 17, 19]]
[[3, 7, 15, 23, 23, 91], [0, 1, 5, 8, 12, 15, 16, 18, 19]]
[[3, 7, 15, 23, 23, 91], [0, 2, 4, 5, 7, 8, 10, 11, 14, 15, 17]]
[[3, 7, 15, 23, 23, 91], [0, 2, 5, 9, 10, 15, 17, 18, 19]]
[[3, 7, 15, 23, 23, 91], [0, 2, 5, 8, 10, 12, 14, 15, 18]]
[[3, 7, 15, 23, 23, 91], [0, 1, 4, 5, 8, 9, 12, 13, 14, 15, 17, 18, 19]]
[[3, 7, 15, 23, 23, 91], [0, 1, 2, 5, 11, 13, 14, 15, 16, 17, 18]]
[[3, 7, 15, 23, 23, 91], [0, 5, 8, 9, 10, 11, 12, 13, 14, 15, 17, 18, 19]]
[[3, 7, 15, 23, 23, 91], [0, 2, 8, 9, 10, 12, 14, 15, 17]]
[[3, 7, 15, 23, 28, 121], [0, 2, 3, 6, 7, 8, 9, 10, 12, 13, 14, 15, 17, 18, 19]]
[[3, 7, 15, 23, 28, 121], [0, 1, 3, 5, 6, 7, 8, 9, 12, 13, 14, 15, 16, 18, 19]]
[[3, 7, 15, 23, 28, 121], [0, 1, 2, 5, 6, 10, 12, 13, 14, 15, 18]]
[[3, 7, 15, 23, 28, 121], [0, 1, 3, 8, 9, 10, 13, 15, 16, 17, 19]]
[[3, 7, 15, 23, 28, 121], [0, 2, 3, 5, 12, 13, 14, 15, 17, 18, 19]]
[[3, 7, 15, 23, 28, 121], [0, 5, 6, 8, 9, 13, 14, 15, 16, 17, 19]]
[[3, 7, 15, 23, 43, 91], [0, 4, 5, 6, 8, 9, 12, 13, 14, 15, 18]]
[[3, 7, 15, 23, 43, 91], [0, 3, 8, 9, 11, 12, 13, 15, 17, 18, 19]]
[[3, 7, 15, 23, 43, 91], [0, 1, 2, 3, 6, 7, 8, 9, 11, 13, 14, 15, 16, 17, 18]]
[[3, 7, 15, 23, 43, 91], [0, 2, 3, 4, 5, 6, 7, 9, 10, 12, 13, 15, 16, 18, 19]]
[[3, 7, 15, 23, 43, 91], [0, 1, 2, 4, 5, 6, 7, 8, 10, 11, 14, 15, 17]]
[[3, 7, 15, 23, 43, 91], [0, 1, 3, 4, 5, 7, 10, 11, 12, 15, 16, 17, 19]]
[[3, 7, 15, 23, 13, 103], [0, 2, 3, 4, 7, 8, 9, 13, 14, 15, 18]]
[[3, 7, 15, 23, 13, 103], [0, 1, 3, 4, 6, 7, 9, 11, 12, 15, 16, 17, 19]]
[[3, 7, 15, 23, 13, 103], [0, 2, 3, 4, 5, 6, 7, 8, 10, 11, 14, 15, 18]]
[[3, 7, 15, 23, 13, 103], [0, 1, 2, 6, 7, 9, 10, 11, 12, 13, 14, 15, 17, 18, 19]]
[[3, 7, 15, 23, 13, 103], [0, 6, 7, 9, 11, 12, 13, 15, 16, 18, 19]]
[[3, 7, 15, 23, 13, 103], [0, 1, 3, 4, 5, 7, 8, 9, 10, 13, 14, 15, 16, 18, 19]]
[[3, 7, 15, 35, 48, 49], [0, 1, 11, 13, 14, 15, 16, 18, 19]]
[[3, 7, 15, 35, 48, 49], [0, 2, 10, 11, 13, 15, 16, 17, 19]]
[[3, 7, 15, 35, 48, 49], [0, 4, 5, 7, 9, 10, 11, 12, 14, 15, 18]]
[[3, 7, 15, 35, 48, 49], [0, 1, 4, 7, 8, 9, 11, 15, 17, 18, 19]]
[[3, 7, 15, 35, 48, 49], [0, 1, 2, 4, 5, 13, 14, 15, 16]]
[[3, 7, 15, 35, 48, 49], [0, 2, 4, 9, 10, 13, 14, 15, 19]]
[[3, 7, 15, 35, 33, 67], [0, 1, 3, 4, 8, 9, 10, 15, 17, 18, 19]]
[[3, 7, 15, 35, 33, 67], [0, 2, 5, 6, 8, 11, 14, 15, 16]]
[[3, 7, 15, 35, 33, 67], [0, 2, 3, 4, 6, 9, 10, 11, 12, 13, 14, 15, 19]]
[[3, 7, 15, 35, 33, 67], [0, 2, 3, 4, 12, 15, 16, 17, 19]]
[[3, 7, 15, 35, 33, 67], [0, 1, 3, 4, 6, 8, 11, 13, 14, 15, 16, 18, 19]]
[[3, 7, 15, 35, 33, 67], [0, 1, 5, 6, 9, 10, 11, 12, 14, 15, 18]]
[[3, 7, 15, 11, 23, 91], [0, 3, 4, 5, 7, 9, 12, 13, 14, 15, 17]]
[[3, 7, 15, 11, 23, 91], [0, 1, 2, 3, 4, 5, 7, 8, 10, 13, 14, 15, 16, 17, 18]]
[[3, 7, 15, 11, 23, 91], [0, 3, 4, 5, 6, 7, 8, 9, 10, 11, 14, 15, 16, 17, 19]]
[[3, 7, 15, 11, 23, 91], [0, 5, 6, 7, 8, 11, 13, 15, 17, 18, 19]]
[[3, 7, 15, 11, 23, 91], [0, 1, 2, 3, 4, 5, 6, 7, 11, 12, 14, 15, 17, 18, 19]]
[[3, 7, 15, 11, 23, 91], [0, 1, 2, 5, 6, 7, 9, 10, 11, 12, 13, 15, 16, 17, 19]]
[[3, 7, 15, 15, 28, 85], [0, 1, 2, 4, 5, 8, 11, 12, 14, 15, 19]]
[[3, 7, 15, 15, 28, 85], [0, 2, 5, 7, 8, 10, 11, 13, 14, 15, 16]]
[[3, 7, 15, 15, 28, 85], [0, 1, 5, 7, 9, 11, 12, 13, 14, 15, 17, 18, 19]]
[[3, 7, 15, 15, 28, 85], [0, 4, 5, 7, 8, 9, 10, 13, 14, 15, 17, 18, 19]]
[[3, 7, 15, 15, 28, 85], [0, 4, 8, 10, 11, 12, 14, 15, 16, 17, 19]]
[[3, 7, 15, 15, 28, 85], [0, 1, 2, 4, 7, 12, 13, 15, 16, 17, 19]]
[[3, 7, 15, 15, 38, 85], [0, 2, 4, 6, 8, 11, 13, 15, 16, 17, 19]]
[[3, 7, 15, 15, 38, 85], [0, 3, 5, 6, 8, 9, 10, 11, 14, 15, 17, 18, 19]]
[[3, 7, 15, 15, 38, 85], [0, 1, 4, 6, 7, 10, 14, 15, 16, 17, 19]]
[[3, 7, 15, 15, 38, 85], [0, 1, 3, 4, 5, 6, 9, 12, 14, 15, 17, 18, 19]]
[[3, 7, 15, 15, 38, 85], [0, 1, 2, 3, 5, 7, 10, 11, 14, 15, 19]]
[[3, 7, 15, 15, 38, 85], [0, 2, 3, 4, 5, 11, 12, 13, 14, 15, 16]]
[[3, 7, 15, 15, 28, 97], [0, 3, 6, 7, 9, 10, 11, 15, 17, 18, 19]]
[[3, 7, 15, 15, 28, 97], [0, 1, 3, 4, 5, 6, 7, 9, 14, 15, 18]]
[[3, 7, 15, 15, 28, 97], [0, 2, 3, 4, 5, 7, 11, 13, 14, 15, 19]]
[[3, 7, 15, 15, 28, 97], [0, 1, 2, 3, 9, 10, 11, 12, 14, 15, 16]]
[[3, 7, 15, 15, 28, 97], [0, 1, 2, 4, 6, 8, 10, 15, 16, 18, 19]]
[[3, 7, 15, 15, 28, 97], [0, 4, 6, 7, 11, 13, 14, 15, 16, 17, 19]]
[[3, 7, 15, 15, 13, 103], [0, 1, 4, 5, 7, 8, 9, 13, 14, 15, 18]]
[[3, 7, 15, 15, 13, 103], [0, 1, 2, 7, 9, 11, 12, 13, 14, 15, 17, 18, 19]]
[[3, 7, 15, 15, 13, 103], [0, 7, 9, 10, 11, 12, 13, 15, 17, 18, 19]]
[[3, 7, 15, 15, 13, 103], [0, 2, 4, 5, 8, 10, 11, 12, 14, 15, 16, 17, 19]]
[[3, 7, 15, 15, 13, 103], [0, 4, 5, 7, 8, 9, 10, 13, 14, 15, 16, 18, 19]]
[[3, 7, 15, 15, 13, 103], [0, 1, 2, 4, 5, 8, 11, 12, 14, 15, 16, 17, 19]]
[[3, 7, 15, 15, 8, 97], [0, 2, 9, 10, 11, 12, 14, 15, 17, 18, 19]]
[[3, 7, 15, 15, 8, 97], [0, 2, 4, 5, 7, 8, 10, 11, 12, 13, 14, 15, 16, 17, 19]]
[[3, 7, 15, 15, 8, 97], [0, 1, 9, 11, 12, 15, 17, 18, 19]]
[[3, 7, 15, 15, 8, 97], [0, 1, 4, 5, 8, 9, 14, 15, 16, 18, 19]]
[[3, 7, 15, 15, 8, 97], [0, 4, 5, 8, 9, 10, 14, 15, 18]]
[[3, 7, 15, 15, 8, 97], [0, 1, 2, 4, 5, 7, 8, 11, 12, 13, 14, 15, 16, 17, 19]]
[[3, 7, 15, 27, 38, 85], [0, 2, 10, 11, 13, 15, 16, 18, 19]]
[[3, 7, 15, 27, 38, 85], [0, 1, 2, 4, 9, 13, 14, 15, 16]]
[[3, 7, 15, 27, 38, 85], [0, 2, 4, 5, 10, 13, 14, 15, 19]]
[[3, 7, 15, 27, 38, 85], [0, 1, 11, 13, 14, 15, 16, 17, 19]]
[[3, 7, 15, 27, 38, 85], [0, 4, 7, 8, 9, 10, 11, 15, 17, 18, 19]]
[[3, 7, 15, 27, 38, 85], [0, 1, 4, 5, 7, 9, 11, 12, 14, 15, 18]]
[[3, 7, 15, 27, 23, 91], [0, 1, 2, 4, 5, 7, 12, 13, 14, 15, 17, 18, 19]]
[[3, 7, 15, 27, 23, 91], [0, 5, 7, 8, 9, 10, 11, 13, 14, 15, 16, 17, 19]]
[[3, 7, 15, 27, 23, 91], [0, 4, 5, 9, 10, 11, 14, 15, 19]]
[[3, 7, 15, 27, 23, 91], [0, 1, 2, 5, 7, 11, 12, 13, 14, 15, 16]]
[[3, 7, 15, 27, 23, 91], [0, 1, 4, 11, 14, 15, 17, 18, 19]]
[[3, 7, 15, 27, 23, 91], [0, 2, 4, 7, 8, 10, 13, 15, 16, 17, 19]]
[[3, 7, 15, 27, 23, 103], [0, 1, 2, 5, 6, 7, 10, 11, 14, 15, 16, 18, 19]]
[[3, 7, 15, 27, 23, 103], [0, 3, 4, 5, 7, 8, 9, 12, 14, 15, 17, 18, 19]]
[[3, 7, 15, 27, 23, 103], [0, 3, 4, 6, 7, 8, 9, 10, 11, 12, 13, 15, 16, 17, 19]]
[[3, 7, 15, 27, 23, 103], [0, 5, 6, 7, 8, 9, 11, 12, 14, 15, 17, 18, 19]]
[[3, 7, 15, 27, 23, 103], [0, 1, 2, 3, 4, 7, 9, 10, 14, 15, 16, 17, 19]]
[[3, 7, 15, 27, 23, 103], [0, 1, 2, 3, 4, 5, 6, 7, 8, 11, 12, 13, 14, 15, 18]]
[[3, 7, 15, 27, 23, 115], [0, 4, 5, 9, 10, 13, 14, 15, 17]]
[[3, 7, 15, 27, 23, 115], [0, 2, 5, 8, 9, 10, 11, 12, 13, 15, 17, 18, 19]]
[[3, 7, 15, 27, 23, 115], [0, 1, 4, 5, 8, 9, 12, 13, 14, 15, 16, 17, 18]]
[[3, 7, 15, 27, 23, 115], [0, 1, 2, 4, 5, 7, 11, 12, 14, 15, 16, 17, 19]]
[[3, 7, 15, 27, 23, 115], [0, 2, 4, 5, 7, 8, 10, 11, 14, 15, 16, 17, 19]]
[[3, 7, 15, 27, 23, 115], [0, 1, 5, 11, 13, 15, 17, 18, 19]]
