[0, 1, 5, 6, 9, 13, 14, 16, 19]
[0, 1, 3, 4, 5, 7, 9, 13, 14, 16, 19]
[0, 2, 3, 6, 7, 8, 9, 13, 14, 16, 19]
[0, 1, 3, 7, 8, 11, 14, 16, 19]
[0, 1, 3, 4, 5, 7, 9, 11, 14, 16, 19]
[0, 1, 3, 4, 5, 8, 9, 11, 14, 16, 19]
[0, 1, 2, 3, 9, 11, 12, 13, 14, 16, 19]
[0, 1, 3, 4, 5, 8, 9, 11, 12, 13, 14, 16, 19]
[0, 1, 3, 5, 7, 8, 9, 11, 12, 13, 14, 16, 19]
[0, 1, 2, 4, 5, 8, 12, 14, 15, 16]
[0, 2, 4, 5, 8, 10, 12, 14, 15, 16]
[0, 1, 2, 4, 5, 7, 11, 12, 13, 14, 15, 16]
[0, 2, 9, 10, 11, 12, 13, 14, 15, 16]
[0, 2, 9, 10, 11, 14, 15, 19]
[0, 1, 4, 7, 9, 11, 15, 19]
[0, 2, 4, 8, 9, 10, 12, 14, 15, 19]
[0, 1, 4, 8, 9, 12, 15, 19]
[0, 1, 2, 4, 5, 7, 11, 14, 15, 16, 17, 19]
[0, 2, 4, 5, 7, 10, 11, 14, 15, 16, 17, 19]
[0, 2, 4, 7, 8, 10, 11, 13, 15, 16, 17, 19]
[0, 9, 10, 11, 15, 16, 17, 19]
[0, 1, 2, 8, 11, 12, 15, 16, 17, 19]
[0, 2, 8, 10, 11, 12, 15, 16, 17, 19]
[0, 1, 2, 9, 11, 12, 13, 14, 15, 16, 17, 19]
[0, 1, 4, 5, 7, 8, 9, 11, 12, 14, 15, 16, 17, 19]
[0, 1, 4, 14, 15, 16, 18, 19]
[0, 1, 2, 4, 8, 13, 15, 16, 18, 19]
[0, 2, 4, 5, 8, 10, 13, 14, 15, 16, 18, 19]
[0, 4, 9, 10, 15, 16, 18, 19]
[0, 8, 9, 10, 11, 13, 15, 16, 18, 19]
[0, 1, 4, 5, 7, 8, 9, 11, 13, 14, 15, 16, 18, 19]
[0, 4, 9, 10, 12, 13, 15, 16, 18, 19]
[0, 1, 4, 5, 9, 12, 13, 14, 15, 16, 18, 19]
[0, 1, 8, 11, 12, 14, 15, 16, 18, 19]
[0, 1, 9, 11, 12, 13, 15, 16, 18, 19]
[0, 4, 5, 7, 9, 10, 11, 12, 13, 14, 15, 16, 18, 19]
[0, 4, 7, 8, 9, 10, 11, 12, 15, 16, 18, 19]
[0, 1, 2, 4, 5, 14, 15, 18]
[0, 4, 5, 9, 10, 14, 15, 18]
[0, 2, 4, 8, 9, 10, 13, 14, 15, 18]
[0, 1, 4, 5, 8, 9, 13, 14, 15, 18]
[0, 4, 7, 10, 11, 14, 15, 18]
[0, 1, 2, 9, 11, 14, 15, 18]
[0, 1, 2, 8, 9, 11, 13, 14, 15, 18]
[0, 4, 5, 7, 8, 9, 10, 11, 13, 14, 15, 18]
[0, 1, 2, 4, 9, 12, 13, 14, 15, 18]
[0, 4, 5, 9, 10, 12, 13, 14, 15, 18]
[0, 8, 10, 11, 12, 14, 15, 18]
[0, 1, 2, 4, 7, 8, 9, 11, 12, 14, 15, 18]
[0, 1, 9, 11, 15, 17, 18, 19]
[0, 2, 8, 9, 10, 11, 13, 14, 15, 17, 18, 19]
[0, 1, 8, 9, 11, 13, 15, 17, 18, 19]
[0, 1, 2, 4, 7, 8, 9, 11, 13, 14, 15, 17, 18, 19]
[0, 2, 4, 5, 7, 8, 10, 11, 12, 14, 15, 17, 18, 19]
[0, 9, 10, 11, 12, 13, 15, 17, 18, 19]
[0, 2, 4, 7, 9, 10, 11, 12, 13, 14, 15, 17, 18, 19]
[0, 1, 4, 7, 9, 11, 12, 13, 15, 17, 18, 19]
[0, 1, 3, 4, 7, 9, 13, 16, 19]
[0, 1, 7, 8, 10, 11, 14, 16, 19]
[0, 1, 4, 8, 9, 10, 11, 12, 13, 16, 19]
[0, 1, 2, 4, 7, 8, 9, 14, 15, 16]
[0, 4, 5, 7, 8, 9, 10, 14, 15, 16]
[0, 4, 7, 8, 9, 10, 15, 19]
[0, 1, 4, 5, 7, 8, 9, 14, 15, 19]
[0, 1, 7, 9, 11, 13, 15, 16, 17, 19]
[0, 7, 9, 10, 11, 13, 15, 16, 17, 19]
[0, 1, 2, 4, 5, 8, 11, 12, 13, 14, 15, 16, 17, 19]
[0, 2, 4, 5, 8, 10, 11, 12, 13, 14, 15, 16, 17, 19]
[0, 2, 4, 7, 9, 10, 13, 14, 15, 16, 18, 19]
[0, 1, 4, 7, 9, 13, 15, 16, 18, 19]
[0, 4, 9, 10, 11, 13, 15, 16, 18, 19]
[0, 1, 2, 7, 9, 11, 13, 14, 15, 16, 18, 19]
[0, 2, 7, 10, 11, 12, 15, 16, 18, 19]
[0, 1, 4, 5, 9, 11, 12, 14, 15, 16, 18, 19]
[0, 1, 2, 4, 5, 7, 13, 14, 15, 18]
[0, 2, 4, 5, 7, 10, 13, 14, 15, 18]
[0, 1, 2, 4, 9, 11, 13, 14, 15, 18]
[0, 2, 7, 9, 10, 11, 13, 14, 15, 18]
[0, 1, 7, 11, 12, 14, 15, 18]
[0, 4, 5, 9, 10, 11, 12, 14, 15, 18]
[0, 2, 4, 8, 9, 10, 11, 14, 15, 17, 18, 19]
[0, 1, 4, 8, 9, 11, 15, 17, 18, 19]
[0, 1, 2, 7, 11, 12, 15, 17, 18, 19]
[0, 7, 10, 11, 12, 14, 15, 17, 18, 19]
