[1, 13, 7, 21, 41, 97]
[1, 7, 4, 15, 41, 64]
[3, 15, 6, 15, 43, 96]
[7, 13, 7, 17, 47, 55]
[4, 10, 4, 18, 59, 64]
[5, 15, 5, 27, 55, 39]
[8, 12, 8, 12, 48, 72]
[3, 15, 6, 31, 53, 60]
[4, 10, 4, 26, 69, 76]
[4, 12, 4, 24, 59, 72]
[2, 12, 2, 16, 27, 48]
[4, 10, 4, 22, 34, 70]
[3, 9, 3, 29, 43, 81]
[6, 14, 6, 22, 46, 50]
[6, 10, 6, 18, 31, 112]
[3, 11, 3, 11, 53, 83]
[6, 8, 6, 16, 41, 80]
[2, 8, 2, 12, 52, 92]
[2, 8, 5, 16, 32, 29]
[2, 8, 8, 12, 52, 56]
[4, 8, 4, 20, 4, 68]
[3, 7, 3, 19, 63, 91]
[5, 9, 5, 21, 65, 45]
[5, 13, 5, 25, 35, 79]
[6, 12, 6, 16, 61, 48]
[7, 13, 7, 21, 47, 25]
[2, 12, 2, 24, 47, 72]
[5, 9, 5, 29, 85, 33]
[2, 14, 8, 22, 32, 62]
[1, 7, 4, 27, 51, 64]
[1, 7, 4, 23, 41, 40]
[2, 12, 8, 12, 22, 60]
[3, 15, 6, 23, 43, 72]
[3, 11, 3, 19, 73, 107]
[4, 10, 7, 22, 34, 67]
[2, 8, 5, 24, 32, 29]
[3, 5, 3, 25, 33, 95]
[6, 8, 6, 24, 41, 80]
[5, 7, 5, 23, 65, 55]
[3, 13, 3, 21, 63, 97]
[4, 8, 4, 28, 24, 92]
[5, 7, 8, 23, 65, 64]
[2, 16, 2, 20, 52, 52]
[7, 11, 7, 23, 47, 47]
[1, 7, 4, 11, 41, 76]
[0, 12, 3, 32, 70, 45]
[3, 11, 3, 23, 23, 47]
[3, 11, 6, 23, 63, 92]
[4, 12, 4, 16, 59, 72]
[7, 13, 7, 21, 27, 97]
[1, 11, 1, 19, 31, 35]
[2, 16, 5, 16, 42, 85]
[4, 14, 4, 14, 44, 86]
[4, 16, 4, 20, 44, 76]
[6, 12, 6, 24, 61, 24]
[5, 11, 8, 31, 25, 92]
[2, 12, 2, 32, 47, 48]
[1, 7, 7, 15, 51, 79]
[2, 14, 8, 14, 22, 74]
[4, 10, 7, 22, 64, 67]
[4, 12, 4, 32, 49, 72]
[5, 15, 8, 15, 45, 72]
[4, 14, 7, 22, 44, 71]
[2, 16, 8, 32, 47, 28]
[1, 11, 7, 11, 21, 83]
[2, 8, 2, 28, 32, 44]
[7, 13, 7, 29, 27, 37]
[1, 11, 4, 31, 51, 56]
[4, 14, 7, 14, 44, 83]
[7, 15, 7, 23, 17, 51]
[3, 15, 6, 31, 33, 36]
[2, 14, 2, 14, 22, 38]
[4, 6, 7, 22, 64, 87]
[1, 7, 4, 23, 51, 76]
[5, 9, 5, 25, 25, 99]
[3, 7, 3, 15, 53, 67]
[2, 10, 8, 26, 57, 88]
[5, 5, 5, 29, 65, 101]
[2, 12, 8, 24, 47, 84]
[0, 8, 0, 28, 50, 44]
[3, 9, 3, 25, 63, 99]
[5, 13, 5, 21, 25, 97]
[4, 8, 4, 24, 29, 80]
[1, 7, 7, 15, 41, 43]
[3, 7, 6, 15, 23, 16]
[8, 10, 8, 14, 58, 58]
[1, 7, 7, 27, 61, 79]
[1, 7, 7, 23, 51, 55]
[6, 14, 6, 14, 56, 62]
[4, 12, 4, 28, 14, 72]
[3, 7, 6, 23, 53, 76]
[3, 7, 6, 19, 43, 52]
[4, 16, 4, 16, 39, 88]
[5, 13, 5, 29, 55, 49]
[5, 7, 8, 27, 65, 76]
[5, 9, 5, 25, 55, 63]
[4, 8, 7, 24, 44, 77]
[1, 11, 7, 11, 11, 47]
[4, 10, 4, 30, 34, 82]
[3, 11, 3, 31, 53, 83]
[4, 14, 4, 30, 44, 62]
[6, 10, 6, 22, 36, 94]
[4, 16, 7, 24, 44, 61]
[1, 15, 4, 15, 41, 72]
[3, 11, 3, 19, 53, 83]
[1, 7, 7, 11, 51, 91]
[2, 14, 8, 26, 47, 80]
[5, 13, 5, 17, 55, 67]
[4, 8, 4, 20, 34, 68]
[8, 10, 8, 30, 28, 34]
[2, 8, 8, 24, 47, 44]
[3, 13, 3, 21, 43, 73]
[4, 14, 7, 14, 54, 83]
[0, 10, 3, 22, 40, 67]
[6, 10, 6, 26, 41, 76]
[0, 10, 6, 26, 45, 88]
[2, 14, 8, 22, 52, 110]
[5, 5, 5, 21, 65, 65]
[3, 7, 3, 15, 63, 79]
[2, 10, 8, 22, 52, 82]
[1, 7, 7, 11, 41, 55]
[3, 5, 3, 17, 53, 83]
[3, 13, 3, 29, 23, 37]
[1, 7, 1, 31, 41, 31]
[3, 7, 3, 27, 3, 43]
[4, 8, 4, 24, 59, 80]
[5, 11, 8, 23, 55, 56]
[2, 16, 5, 24, 52, 61]
[5, 9, 5, 21, 25, 93]
[6, 6, 6, 30, 56, 54]
[6, 10, 6, 30, 66, 10]
[2, 12, 8, 16, 27, 60]
[5, 15, 5, 19, 55, 63]
[6, 16, 6, 20, 36, 52]
[5, 9, 5, 17, 75, 27]
[3, 13, 3, 17, 23, 55]
[6, 12, 6, 28, 36, 72]
[3, 7, 6, 15, 53, 52]
[3, 11, 6, 31, 33, 56]
[2, 12, 5, 24, 32, 45]
[1, 7, 1, 19, 41, 67]
[6, 14, 6, 26, 31, 68]
[4, 8, 4, 20, 64, 68]
[0, 14, 6, 22, 50, 62]
[3, 11, 3, 15, 23, 47]
[3, 11, 6, 15, 63, 92]
[3, 7, 6, 11, 33, 16]
[3, 11, 3, 23, 33, 59]
[5, 11, 5, 27, 75, 35]
[6, 8, 6, 12, 46, 68]
[2, 12, 2, 12, 32, 72]
[4, 12, 4, 28, 34, 72]
[4, 8, 4, 16, 9, 56]
[2, 12, 8, 20, 42, 84]
[4, 8, 7, 24, 14, 77]
[6, 6, 6, 22, 46, 66]
[3, 13, 3, 17, 53, 91]
[8, 14, 8, 14, 28, 38]
[5, 9, 5, 17, 35, 75]
[5, 11, 8, 27, 55, 56]
[5, 7, 8, 11, 15, 88]
[4, 6, 4, 22, 64, 90]
[5, 11, 8, 15, 55, 56]
[7, 9, 7, 29, 47, 33]
[7, 13, 7, 13, 47, 85]
[2, 10, 2, 30, 22, 10]
[2, 8, 5, 16, 52, 77]
[0, 8, 6, 12, 20, 80]
[2, 12, 2, 20, 52, 96]
[4, 10, 4, 14, 24, 58]
[5, 11, 5, 27, 35, 83]
[4, 6, 4, 22, 24, 90]
[4, 12, 7, 16, 34, 69]
[5, 11, 5, 19, 65, 47]
[3, 11, 3, 31, 33, 59]
[4, 12, 4, 28, 64, 72]
[4, 16, 7, 32, 24, 37]
[4, 4, 4, 12, 34, 64]
[2, 6, 5, 14, 52, 51]
[2, 6, 8, 22, 62, 54]
[3, 9, 3, 29, 53, 93]
[4, 12, 4, 12, 44, 72]
[2, 6, 2, 30, 32, 54]
[1, 7, 4, 19, 41, 52]
[4, 10, 7, 14, 24, 55]
[7, 15, 7, 19, 17, 87]
[3, 7, 3, 11, 43, 43]
[5, 7, 5, 15, 55, 43]
[4, 10, 4, 30, 64, 82]
[5, 7, 8, 15, 55, 52]
[3, 7, 6, 19, 53, 64]
[2, 10, 8, 14, 42, 70]
[5, 11, 5, 19, 25, 95]
[2, 12, 2, 28, 52, 72]
[4, 10, 7, 30, 24, 79]
[6, 10, 6, 30, 46, 58]
[0, 10, 6, 18, 25, 76]
[2, 8, 2, 16, 47, 80]
[2, 8, 8, 20, 42, 32]
[5, 11, 5, 11, 55, 59]
[5, 5, 5, 13, 45, 53]
[0, 10, 6, 30, 50, 70]
[6, 12, 6, 16, 51, 72]
[7, 11, 7, 19, 37, 107]
[1, 11, 1, 15, 41, 95]
[2, 10, 2, 26, 37, 52]
[1, 13, 1, 29, 61, 37]
[1, 9, 7, 21, 51, 105]
[2, 14, 2, 22, 32, 26]
[3, 7, 6, 15, 33, 28]
[3, 15, 6, 23, 53, 84]
[5, 7, 5, 19, 65, 43]
[1, 9, 7, 17, 31, 51]
[2, 14, 2, 18, 37, 56]
[2, 10, 2, 18, 37, 64]
[4, 8, 7, 16, 24, 53]
[2, 14, 2, 14, 42, 86]
[3, 15, 6, 27, 43, 60]
[5, 15, 8, 15, 55, 60]
[2, 10, 2, 22, 32, 46]
[3, 13, 3, 17, 33, 67]
[8, 12, 8, 24, 23, 48]
[4, 10, 7, 14, 84, 55]
[2, 12, 2, 16, 47, 96]
[5, 5, 5, 17, 55, 59]
[5, 7, 5, 11, 15, 79]
[1, 7, 4, 19, 51, 88]
[5, 7, 5, 19, 25, 91]
[7, 13, 7, 25, 27, 67]
[2, 10, 8, 18, 47, 76]
[1, 11, 4, 19, 41, 92]
[4, 8, 4, 16, 39, 56]
[4, 16, 4, 24, 39, 64]
[4, 8, 4, 12, 4, 44]
[4, 14, 7, 30, 24, 59]
[4, 12, 4, 20, 34, 72]
[4, 12, 7, 32, 24, 69]
[4, 16, 4, 28, 34, 52]
[5, 11, 8, 19, 45, 68]
[5, 7, 8, 27, 45, 100]
[2, 14, 5, 22, 52, 95]
[2, 10, 2, 30, 42, 58]
[1, 7, 7, 19, 51, 67]
[4, 10, 4, 14, 74, 58]
[1, 11, 4, 19, 31, 56]
[1, 11, 7, 27, 41, 59]
[4, 8, 7, 16, 54, 53]
[5, 15, 8, 19, 55, 48]
[3, 11, 3, 15, 33, 59]
[2, 10, 2, 14, 32, 58]
[3, 15, 3, 19, 33, 63]
[4, 6, 4, 22, 54, 90]
[5, 9, 5, 13, 45, 57]
[1, 11, 1, 27, 41, 23]
[3, 11, 3, 23, 43, 71]
[6, 10, 6, 14, 56, 58]
[2, 16, 8, 20, 32, 64]
[4, 12, 7, 16, 64, 69]
[2, 14, 2, 30, 62, 62]
[2, 12, 8, 12, 32, 84]
[0, 14, 3, 14, 40, 35]
[5, 11, 8, 23, 35, 80]
[3, 9, 3, 13, 23, 33]
[4, 12, 4, 20, 64, 72]
[5, 13, 5, 17, 65, 55]
[4, 16, 4, 32, 39, 40]
[7, 15, 7, 15, 47, 15]
[2, 16, 2, 20, 62, 76]
[4, 10, 7, 14, 54, 55]
[4, 10, 4, 18, 19, 64]
[5, 7, 5, 23, 75, 43]
[2, 12, 5, 24, 52, 93]
[1, 11, 4, 11, 21, 68]
[1, 11, 7, 19, 31, 71]
[3, 5, 3, 25, 23, 83]
[4, 8, 4, 32, 49, 104]
[2, 14, 8, 30, 42, 50]
[5, 11, 8, 23, 65, 44]
[7, 9, 7, 17, 47, 87]
[2, 12, 8, 16, 47, 108]
[4, 10, 7, 30, 54, 79]
[6, 12, 6, 20, 56, 48]
[3, 15, 3, 27, 33, 39]
[5, 11, 5, 31, 55, 59]
[5, 11, 5, 15, 55, 59]
[6, 8, 6, 20, 36, 92]
[2, 14, 8, 14, 32, 98]
[3, 13, 3, 29, 33, 49]
[5, 9, 5, 29, 55, 69]
[1, 9, 1, 21, 41, 69]
[6, 12, 6, 24, 51, 48]
[2, 16, 8, 24, 37, 52]
[1, 11, 7, 27, 51, 95]
[7, 15, 7, 15, 27, 87]
[6, 6, 6, 30, 46, 78]
[5, 7, 5, 23, 35, 91]
[5, 9, 5, 13, 5, 105]
[5, 7, 8, 23, 35, 100]
[4, 6, 4, 14, 44, 54]
[3, 15, 3, 15, 33, 75]
[4, 12, 4, 16, 29, 72]
[3, 7, 6, 15, 63, 64]
[4, 10, 4, 18, 49, 64]
[4, 16, 7, 16, 44, 85]
[2, 16, 2, 24, 67, 64]
[5, 13, 5, 21, 35, 85]
[4, 14, 4, 22, 54, 74]
[2, 12, 5, 32, 52, 69]
[3, 7, 6, 31, 3, 40]
[1, 15, 7, 19, 31, 51]
[2, 14, 5, 14, 22, 59]
[4, 12, 7, 24, 54, 69]
[3, 11, 6, 15, 73, 104]
[4, 10, 4, 22, 24, 70]
[3, 7, 6, 11, 43, 28]
[3, 7, 3, 31, 43, 103]
[5, 9, 5, 21, 75, 33]
[2, 10, 5, 22, 32, 43]
[2, 10, 8, 30, 42, 46]
[5, 13, 5, 25, 45, 67]
[5, 15, 5, 27, 25, 75]
[4, 8, 7, 32, 34, 101]
[2, 10, 5, 30, 42, 55]
[3, 9, 3, 21, 13, 33]
[6, 8, 6, 12, 36, 92]
[4, 8, 4, 12, 34, 44]
[4, 6, 7, 14, 24, 51]
[4, 12, 7, 32, 54, 69]
[2, 16, 8, 28, 42, 40]
[3, 11, 6, 19, 23, 44]
[3, 7, 3, 27, 23, 67]
[4, 14, 4, 22, 44, 74]
[6, 10, 6, 14, 36, 106]
[2, 12, 5, 16, 32, 69]
[4, 10, 7, 22, 24, 67]
[5, 7, 5, 27, 75, 55]
[5, 15, 8, 31, 15, 60]
[3, 7, 6, 15, 73, 76]
[2, 14, 2, 26, 47, 44]
[2, 16, 2, 28, 72, 52]
[2, 8, 5, 24, 42, 53]
[2, 6, 2, 22, 42, 66]
[3, 7, 6, 27, 13, 40]
[3, 11, 6, 31, 53, 80]
[5, 9, 5, 21, 35, 81]
[4, 10, 4, 22, 54, 70]
[5, 5, 5, 13, 25, 77]
[6, 10, 6, 18, 61, 40]
[2, 14, 2, 22, 52, 74]
[3, 11, 3, 31, 43, 71]
[3, 11, 3, 15, 43, 71]
[6, 12, 6, 32, 41, 48]
[6, 14, 6, 14, 46, 86]
[7, 7, 7, 31, 37, 67]
[4, 10, 4, 26, 29, 76]
[4, 12, 4, 16, 49, 72]
[5, 11, 8, 31, 35, 80]
[2, 8, 5, 32, 42, 53]
[0, 8, 0, 20, 40, 68]
[4, 6, 7, 14, 54, 51]
[4, 8, 4, 12, 64, 44]
[4, 12, 4, 24, 19, 72]
[4, 14, 4, 14, 34, 86]
[3, 7, 3, 11, 53, 55]
[2, 8, 8, 20, 62, 80]
[5, 13, 5, 29, 25, 85]
[2, 12, 2, 20, 32, 48]
[0, 12, 0, 12, 40, 72]
[1, 11, 4, 27, 51, 80]
[1, 13, 1, 25, 61, 67]
[3, 7, 6, 19, 63, 76]
[3, 9, 3, 17, 13, 27]
[4, 10, 7, 22, 54, 67]
[4, 14, 7, 22, 34, 71]
[1, 13, 7, 21, 31, 61]
[3, 15, 3, 23, 53, 75]
[6, 8, 6, 28, 66, 20]
[1, 15, 7, 15, 21, 51]
[0, 12, 6, 28, 50, 60]
[4, 8, 4, 28, 44, 92]
[2, 8, 8, 32, 57, 68]
[4, 10, 4, 22, 84, 70]
[3, 11, 6, 27, 23, 44]
[4, 4, 4, 20, 44, 112]
[1, 11, 4, 27, 41, 44]
[1, 13, 1, 25, 51, 31]
[3, 7, 6, 15, 43, 40]
[1, 15, 7, 23, 41, 51]
[5, 7, 5, 31, 45, 103]
[2, 12, 8, 20, 52, 108]
[5, 11, 8, 15, 65, 44]
[8, 10, 8, 26, 33, 52]
[3, 11, 3, 27, 13, 35]
[1, 13, 1, 21, 41, 25]
[3, 9, 3, 13, 33, 45]
[6, 16, 6, 20, 26, 76]
[2, 10, 2, 22, 52, 94]
[4, 10, 4, 26, 59, 76]
[5, 11, 8, 23, 25, 92]
[3, 13, 3, 29, 43, 61]
[3, 7, 3, 31, 23, 79]
[0, 8, 0, 24, 45, 56]
[3, 15, 6, 27, 53, 72]
[5, 11, 5, 19, 55, 59]
[4, 10, 4, 18, 79, 64]
[5, 11, 5, 19, 75, 35]
[2, 12, 2, 28, 32, 24]
[3, 13, 3, 17, 43, 79]
[2, 10, 2, 14, 52, 106]
[3, 7, 3, 11, 63, 67]
[5, 9, 5, 25, 65, 51]
[3, 15, 3, 15, 43, 87]
[2, 8, 2, 20, 32, 44]
[1, 13, 1, 21, 61, 97]
[0, 12, 3, 16, 30, 45]
[5, 11, 5, 11, 35, 83]
[1, 13, 7, 17, 31, 91]
[3, 13, 3, 25, 23, 43]
[2, 10, 5, 22, 52, 91]
[7, 11, 7, 23, 37, 83]
[3, 7, 6, 31, 13, 52]
[5, 11, 5, 27, 45, 71]
[5, 11, 5, 15, 45, 71]
[3, 11, 6, 11, 33, 56]
[3, 7, 6, 11, 53, 40]
[2, 8, 2, 32, 27, 32]
[2, 14, 5, 30, 42, 35]
[3, 13, 3, 13, 23, 61]
[3, 15, 3, 31, 43, 39]
[4, 8, 4, 20, 24, 68]
[1, 15, 4, 19, 41, 36]
[5, 15, 8, 23, 25, 72]
[5, 11, 5, 11, 65, 47]
[5, 15, 5, 15, 45, 87]
[4, 12, 4, 32, 39, 72]
[0, 12, 0, 20, 50, 24]
[1, 15, 7, 23, 51, 87]
[3, 11, 6, 19, 33, 56]
[3, 15, 3, 19, 43, 75]
[1, 13, 1, 21, 51, 61]
[3, 11, 3, 23, 53, 83]
[4, 6, 7, 22, 24, 87]
[2, 16, 5, 24, 62, 85]
[1, 13, 7, 17, 21, 55]
[2, 8, 8, 16, 47, 44]
[2, 10, 2, 18, 57, 112]
[0, 12, 6, 24, 45, 84]
[2, 14, 5, 22, 32, 47]
[3, 15, 3, 23, 33, 51]
[6, 12, 6, 12, 66, 48]
[4, 8, 4, 20, 54, 68]
[3, 5, 3, 21, 33, 77]
[4, 12, 4, 24, 49, 72]
[2, 8, 2, 12, 42, 68]
[0, 10, 0, 22, 50, 70]
[2, 8, 8, 28, 42, 32]
[5, 7, 5, 11, 25, 67]
[5, 9, 5, 17, 45, 63]
[6, 14, 6, 22, 26, 98]
[4, 12, 4, 28, 24, 72]
[4, 8, 7, 24, 4, 77]
[5, 7, 8, 11, 25, 76]
[6, 12, 6, 32, 51, 24]
[5, 7, 8, 19, 35, 88]
[6, 10, 6, 30, 36, 82]
[2, 12, 2, 24, 37, 48]
[2, 12, 8, 32, 47, 60]
[4, 6, 7, 22, 54, 87]
[2, 6, 8, 14, 52, 18]
[3, 9, 3, 17, 23, 39]
[3, 15, 3, 27, 43, 51]
[1, 15, 4, 19, 51, 72]
[3, 11, 6, 19, 63, 92]
[6, 16, 6, 24, 31, 40]
[7, 11, 7, 15, 57, 59]
[2, 14, 8, 18, 27, 68]
[7, 11, 7, 23, 57, 11]
[8, 12, 8, 20, 38, 24]
[4, 10, 4, 14, 14, 58]
[4, 8, 4, 24, 19, 80]
[2, 16, 2, 20, 42, 28]
[5, 7, 5, 19, 35, 79]
[5, 11, 8, 27, 25, 92]
[2, 10, 5, 14, 22, 31]
[3, 11, 3, 27, 23, 47]
[5, 11, 8, 19, 55, 56]
[2, 8, 2, 24, 47, 80]
[2, 8, 2, 20, 52, 92]
[4, 14, 4, 30, 34, 62]
[2, 6, 5, 30, 42, 51]
[5, 5, 5, 25, 55, 95]
[2, 12, 2, 32, 37, 24]
[6, 14, 6, 30, 46, 14]
[2, 6, 2, 30, 42, 78]
[5, 11, 5, 19, 35, 83]
[6, 10, 6, 14, 46, 82]
[2, 8, 2, 32, 47, 80]
[1, 15, 1, 19, 61, 51]
[3, 9, 3, 21, 23, 45]
[4, 10, 4, 30, 54, 82]
[4, 10, 4, 14, 44, 58]
[4, 8, 4, 24, 49, 80]
[1, 9, 7, 21, 41, 69]
[4, 10, 7, 30, 14, 79]
[2, 8, 2, 28, 22, 20]
[3, 7, 3, 27, 33, 79]
[0, 10, 6, 22, 30, 58]
[3, 11, 6, 11, 43, 68]
[1, 15, 1, 19, 51, 15]
[3, 13, 3, 13, 33, 73]
[5, 15, 5, 31, 25, 63]
[5, 11, 5, 31, 65, 47]
[6, 10, 6, 22, 66, 22]
[5, 7, 5, 15, 25, 79]
[3, 7, 3, 23, 13, 43]
[4, 14, 4, 30, 64, 62]
[3, 5, 3, 13, 43, 53]
[5, 7, 8, 15, 25, 88]
[3, 9, 3, 25, 13, 39]
[1, 11, 1, 23, 51, 83]
[6, 12, 6, 16, 41, 96]
[1, 11, 1, 31, 51, 35]
[2, 14, 2, 30, 42, 14]
[5, 11, 5, 23, 25, 95]
[5, 9, 5, 13, 15, 93]
[1, 11, 7, 15, 21, 59]
[7, 13, 7, 25, 37, 31]
[3, 11, 3, 15, 53, 83]
[4, 10, 4, 14, 34, 58]
[4, 8, 7, 16, 14, 53]
[3, 15, 3, 19, 53, 87]
[5, 7, 8, 23, 45, 88]
[1, 15, 1, 15, 61, 87]
[3, 11, 3, 23, 63, 95]
[7, 7, 7, 15, 47, 79]
[2, 8, 8, 12, 42, 32]
[2, 6, 2, 14, 52, 78]
[4, 8, 4, 20, 84, 68]
[3, 9, 3, 21, 33, 57]
[1, 15, 4, 15, 31, 36]
[1, 15, 1, 15, 51, 51]
[0, 14, 3, 22, 70, 71]
[8, 12, 8, 28, 18, 24]
[1, 11, 7, 23, 41, 83]
[3, 11, 6, 19, 43, 68]
[5, 7, 5, 27, 55, 79]
[5, 11, 5, 23, 55, 59]
[4, 12, 4, 28, 54, 72]
[4, 8, 4, 16, 29, 56]
[4, 8, 7, 24, 34, 77]
[1, 13, 1, 17, 41, 55]
[4, 10, 4, 30, 24, 82]
[1, 15, 1, 19, 71, 87]
[1, 15, 4, 23, 51, 36]
[5, 9, 5, 21, 85, 21]
[2, 14, 5, 14, 32, 83]
[2, 14, 8, 22, 42, 86]
[1, 13, 7, 13, 11, 49]
[4, 16, 7, 24, 34, 61]
[7, 11, 7, 27, 37, 59]
[1, 11, 1, 23, 41, 47]
[3, 7, 3, 19, 23, 43]
[3, 11, 6, 27, 33, 56]
[7, 9, 7, 13, 57, 69]
[6, 12, 6, 24, 41, 72]
[5, 13, 5, 13, 55, 73]
[2, 10, 8, 30, 52, 70]
[4, 10, 4, 14, 64, 58]
[3, 7, 6, 27, 33, 64]
[3, 9, 3, 13, 43, 57]
[3, 15, 3, 27, 53, 63]
[0, 8, 0, 16, 35, 80]
[5, 7, 5, 27, 85, 43]
[7, 7, 7, 23, 47, 55]
[1, 11, 1, 23, 31, 11]
[3, 13, 3, 29, 53, 73]
[2, 16, 8, 28, 52, 64]
[4, 6, 4, 22, 44, 90]
[5, 15, 5, 27, 35, 63]
[1, 15, 4, 27, 61, 36]
[5, 11, 8, 23, 45, 68]
[3, 7, 3, 31, 33, 91]
[0, 8, 3, 24, 40, 53]
[4, 12, 7, 16, 54, 69]
[1, 15, 1, 15, 41, 15]
[2, 6, 5, 22, 52, 63]
[1, 11, 7, 15, 31, 95]
[4, 12, 4, 12, 34, 72]
[0, 12, 0, 28, 70, 24]
[4, 12, 7, 24, 24, 69]
[5, 11, 8, 11, 45, 68]
[3, 7, 3, 11, 73, 79]
[3, 9, 3, 21, 3, 21]
[4, 8, 4, 16, 59, 56]
[4, 8, 7, 24, 64, 77]
[7, 7, 7, 11, 47, 91]
[4, 4, 4, 12, 54, 64]
[4, 14, 7, 30, 44, 59]
[2, 12, 2, 16, 17, 24]
[4, 12, 4, 20, 54, 72]
[3, 7, 3, 27, 13, 55]
[3, 11, 6, 23, 23, 44]
[3, 13, 3, 25, 33, 55]
[3, 7, 6, 31, 23, 64]
[3, 9, 3, 13, 73, 93]
[4, 10, 7, 14, 44, 55]
[7, 13, 7, 13, 57, 49]
[0, 8, 3, 32, 60, 77]
[5, 11, 8, 23, 75, 32]
[3, 7, 6, 11, 63, 52]
[6, 8, 6, 32, 61, 32]
[6, 10, 6, 18, 41, 88]
[3, 15, 3, 31, 53, 51]
[4, 8, 4, 32, 39, 104]
[7, 7, 7, 27, 47, 43]
[1, 13, 1, 17, 51, 91]
[1, 15, 4, 23, 61, 72]
[4, 10, 7, 30, 44, 79]
[3, 11, 3, 27, 33, 59]
[5, 9, 5, 29, 65, 57]
[2, 8, 5, 16, 42, 53]
[2, 14, 8, 30, 52, 74]
[5, 13, 5, 17, 35, 91]
[2, 12, 2, 20, 42, 72]
[5, 15, 5, 23, 35, 75]
[2, 12, 8, 28, 52, 84]
[5, 7, 5, 23, 45, 79]
[8, 12, 8, 20, 28, 72]
[3, 7, 3, 27, 43, 91]
[5, 7, 5, 31, 55, 91]
[5, 5, 5, 21, 45, 89]
[5, 7, 8, 31, 55, 100]
[7, 9, 7, 21, 47, 69]
[8, 12, 8, 16, 43, 48]
[6, 12, 6, 32, 31, 72]
[5, 13, 5, 21, 45, 73]
[5, 15, 8, 27, 25, 60]
[0, 12, 0, 20, 60, 72]
[4, 10, 7, 14, 74, 55]
[3, 7, 3, 23, 23, 55]
[7, 15, 7, 19, 27, 51]
[1, 9, 1, 25, 41, 51]
[2, 6, 5, 14, 42, 27]
[1, 9, 1, 13, 41, 105]
[2, 6, 8, 22, 52, 30]
[4, 8, 7, 16, 44, 53]
[5, 11, 5, 15, 25, 95]
[0, 10, 0, 26, 55, 52]
[3, 7, 6, 31, 33, 76]
[3, 15, 3, 23, 43, 63]
[7, 11, 7, 15, 47, 95]
[3, 5, 3, 21, 43, 89]
[2, 10, 5, 14, 42, 79]
[2, 12, 2, 24, 57, 96]
[3, 11, 3, 15, 63, 95]
[2, 16, 5, 16, 32, 61]
[4, 12, 7, 24, 44, 69]
[3, 11, 6, 11, 53, 80]
[4, 10, 4, 22, 14, 70]
[1, 15, 1, 23, 71, 51]
[4, 14, 4, 26, 39, 68]
[5, 9, 5, 25, 75, 39]
[5, 13, 5, 25, 55, 55]
[3, 7, 6, 23, 13, 28]
[3, 15, 3, 31, 63, 63]
[4, 8, 4, 16, 79, 56]
[6, 8, 6, 28, 56, 44]
[7, 11, 7, 19, 47, 71]
[4, 16, 4, 28, 54, 52]
[2, 8, 2, 16, 37, 56]
[7, 9, 7, 17, 57, 51]
[4, 8, 4, 12, 24, 44]
[3, 11, 3, 19, 13, 35]
[3, 9, 3, 17, 33, 51]
[1, 11, 1, 15, 31, 59]
[3, 11, 6, 19, 53, 80]
[4, 6, 4, 14, 64, 54]
[2, 12, 8, 20, 32, 60]
[5, 15, 8, 31, 25, 48]
[3, 11, 6, 19, 73, 104]
[4, 8, 7, 16, 74, 53]
[5, 9, 5, 21, 45, 69]
[3, 11, 6, 27, 43, 68]
[5, 15, 5, 15, 55, 75]
[4, 12, 7, 24, 74, 69]
[2, 14, 2, 14, 32, 62]
[4, 10, 4, 22, 44, 70]
[3, 9, 3, 13, 53, 69]
[2, 12, 2, 12, 22, 48]
[5, 11, 8, 31, 45, 68]
[3, 13, 3, 29, 63, 85]
[5, 11, 8, 15, 45, 68]
[4, 10, 4, 18, 9, 64]
[2, 12, 2, 16, 37, 72]
[5, 7, 5, 27, 45, 91]
[6, 10, 6, 18, 51, 64]
[4, 10, 4, 26, 19, 76]
[4, 12, 4, 16, 39, 72]
[5, 13, 5, 29, 35, 73]
[4, 8, 4, 12, 54, 44]
[6, 12, 6, 20, 66, 24]
[2, 8, 2, 28, 42, 68]
[2, 8, 8, 16, 57, 68]
[2, 8, 8, 12, 62, 80]
[6, 14, 6, 30, 36, 38]
[3, 13, 3, 25, 43, 67]
[2, 14, 8, 26, 37, 56]
[5, 7, 8, 11, 35, 64]
[5, 11, 8, 15, 75, 32]
[6, 8, 6, 24, 61, 32]
[1, 15, 7, 31, 61, 51]
[4, 12, 7, 32, 14, 69]
[3, 13, 3, 13, 43, 85]
[4, 4, 4, 20, 34, 112]
[5, 13, 5, 29, 65, 37]
[7, 13, 7, 21, 37, 61]
[4, 6, 4, 14, 34, 54]
[5, 15, 5, 19, 35, 87]
[4, 10, 4, 18, 39, 64]
[3, 5, 3, 13, 53, 65]
[3, 9, 3, 25, 23, 51]
[5, 7, 5, 11, 35, 55]
[3, 5, 3, 21, 23, 65]
[4, 10, 4, 26, 49, 76]
[4, 8, 4, 12, 84, 44]
[2, 6, 2, 30, 22, 30]
[5, 7, 5, 19, 45, 67]
[5, 9, 5, 29, 45, 81]
[1, 9, 1, 29, 41, 33]
[5, 7, 8, 19, 45, 76]
[1, 11, 4, 15, 31, 80]
[2, 16, 5, 32, 62, 37]
[6, 10, 6, 26, 61, 28]
[3, 7, 6, 11, 73, 64]
[4, 14, 4, 18, 49, 80]
[4, 10, 4, 18, 69, 64]
[5, 11, 8, 19, 65, 44]
[5, 11, 5, 11, 45, 71]
[1, 13, 1, 13, 41, 85]
[2, 10, 8, 14, 32, 46]
[5, 11, 5, 27, 55, 59]
[3, 9, 3, 21, 43, 69]
[3, 7, 3, 23, 53, 91]
[2, 12, 2, 32, 57, 72]
[3, 9, 3, 29, 13, 45]
[4, 6, 7, 14, 14, 51]
[4, 12, 7, 32, 44, 69]
[5, 5, 5, 25, 65, 83]
[7, 7, 7, 19, 47, 67]
[0, 14, 3, 14, 50, 83]
[5, 9, 5, 17, 15, 99]
[3, 11, 3, 11, 23, 47]
[3, 5, 3, 29, 23, 101]
[0, 16, 6, 20, 70, 64]
[2, 12, 8, 16, 37, 84]
[3, 11, 6, 11, 63, 92]
[5, 9, 5, 13, 65, 33]
[6, 12, 6, 28, 56, 24]
[5, 15, 8, 23, 35, 60]
[5, 9, 5, 25, 35, 87]
[3, 7, 3, 19, 33, 55]
[5, 11, 5, 11, 75, 35]
[0, 14, 0, 14, 60, 38]
[0, 14, 6, 18, 35, 44]
[3, 7, 6, 27, 43, 76]
[3, 9, 3, 25, 33, 63]
[3, 15, 3, 27, 63, 75]
[6, 12, 6, 24, 31, 96]
[2, 10, 2, 22, 22, 22]
[1, 13, 1, 13, 31, 49]
[8, 8, 8, 20, 48, 68]
[2, 10, 2, 30, 32, 34]
[4, 6, 7, 22, 14, 87]
[5, 7, 8, 15, 35, 76]
[4, 8, 4, 28, 34, 92]
[3, 7, 6, 23, 23, 40]
[0, 8, 6, 20, 30, 56]
[1, 15, 7, 27, 51, 51]
[2, 8, 2, 24, 27, 32]
[2, 16, 2, 24, 57, 40]
[4, 6, 7, 14, 44, 51]
[4, 10, 4, 22, 74, 70]
[6, 6, 6, 14, 36, 78]
[1, 9, 1, 29, 51, 69]
[2, 10, 8, 18, 37, 52]
[1, 11, 7, 31, 51, 71]
[3, 11, 6, 15, 23, 44]
[3, 9, 3, 17, 43, 63]
[3, 11, 6, 23, 33, 56]
[4, 8, 4, 20, 44, 68]
[5, 15, 5, 31, 35, 51]
[2, 14, 5, 22, 42, 71]
[4, 12, 4, 24, 39, 72]
[5, 7, 5, 15, 35, 67]
[3, 15, 6, 19, 33, 72]
[7, 11, 7, 11, 57, 83]
[3, 11, 6, 27, 53, 80]
[2, 8, 8, 28, 52, 56]
[4, 10, 7, 22, 74, 67]
[6, 12, 6, 12, 56, 72]
[2, 8, 8, 24, 57, 68]
[3, 9, 3, 25, 3, 27]
[3, 11, 3, 27, 43, 71]
[4, 6, 7, 22, 44, 87]
[7, 13, 7, 17, 57, 19]
[6, 10, 6, 22, 56, 46]
[4, 8, 4, 28, 64, 92]
[3, 9, 3, 17, 73, 99]
[2, 10, 2, 26, 27, 28]
[5, 11, 8, 27, 35, 80]
[2, 6, 2, 22, 32, 42]
[7, 7, 7, 31, 47, 31]
[5, 11, 8, 15, 35, 80]
[6, 16, 6, 28, 16, 52]
[0, 10, 0, 30, 60, 34]
[4, 12, 4, 24, 69, 72]
[3, 7, 3, 23, 33, 67]
[5, 15, 5, 27, 45, 51]
[6, 14, 6, 26, 51, 20]
[2, 10, 2, 18, 27, 40]
[2, 12, 5, 24, 42, 69]
[6, 16, 6, 24, 21, 64]
[2, 14, 2, 18, 47, 80]
[3, 7, 6, 31, 43, 88]
[5, 11, 8, 11, 55, 56]
[4, 14, 4, 30, 24, 62]
[5, 5, 5, 17, 35, 83]
[1, 9, 7, 13, 31, 69]
[5, 11, 5, 19, 45, 71]
[5, 11, 8, 27, 65, 44]
[2, 12, 2, 20, 22, 24]
[7, 13, 7, 17, 37, 91]
[2, 12, 2, 12, 42, 96]
[3, 7, 6, 19, 13, 16]
[4, 8, 4, 20, 14, 68]
[4, 16, 4, 16, 49, 88]
[3, 7, 6, 27, 23, 52]
[2, 16, 8, 16, 27, 76]
[3, 11, 3, 31, 23, 47]
[5, 11, 8, 19, 25, 92]
[5, 11, 8, 23, 85, 20]
[5, 9, 5, 21, 55, 57]
[3, 11, 3, 19, 23, 47]
[4, 8, 4, 24, 39, 80]
[4, 10, 7, 22, 44, 67]
[1, 13, 7, 29, 51, 73]
[4, 12, 4, 32, 29, 72]
[6, 8, 6, 28, 46, 68]
[5, 11, 5, 31, 75, 35]
[0, 14, 6, 30, 70, 50]
[5, 9, 5, 29, 75, 45]
[0, 10, 3, 14, 30, 103]
[6, 12, 6, 20, 46, 72]
[2, 10, 2, 22, 42, 70]
[3, 7, 3, 15, 33, 43]
[2, 12, 5, 32, 42, 45]
[5, 11, 5, 23, 35, 83]
[5, 9, 5, 13, 25, 81]
[5, 11, 8, 31, 55, 56]
[1, 9, 7, 25, 41, 51]
[5, 7, 8, 23, 55, 76]
[3, 9, 3, 13, 63, 81]
[2, 12, 5, 16, 22, 45]
[5, 11, 8, 23, 15, 104]
[2, 14, 2, 30, 52, 38]
[2, 10, 2, 14, 42, 82]
[5, 15, 5, 23, 45, 63]
[4, 14, 4, 14, 54, 86]
[2, 10, 5, 30, 32, 31]
[5, 11, 5, 31, 35, 83]
[7, 11, 7, 27, 47, 23]
[4, 12, 4, 32, 59, 72]
[5, 7, 5, 27, 65, 67]
[1, 11, 1, 19, 41, 71]
[4, 8, 4, 20, 74, 68]
[1, 9, 7, 13, 41, 105]
[2, 6, 8, 30, 52, 42]
[4, 14, 7, 22, 54, 71]
[5, 9, 5, 13, 55, 45]
[1, 7, 1, 11, 41, 91]
[3, 11, 6, 15, 33, 56]
[5, 11, 5, 23, 65, 47]
[6, 8, 6, 16, 51, 56]
[6, 8, 6, 32, 51, 56]
[6, 6, 6, 14, 46, 54]
[3, 9, 3, 17, 53, 75]
[3, 13, 3, 25, 53, 79]
[1, 15, 4, 31, 71, 36]
[2, 10, 8, 14, 52, 94]
[4, 8, 4, 16, 19, 56]
[4, 8, 7, 24, 24, 77]
[5, 13, 5, 13, 65, 61]
[2, 10, 5, 14, 52, 103]
[2, 14, 2, 26, 37, 20]
[6, 14, 6, 30, 26, 62]
[2, 8, 8, 20, 52, 56]
[0, 8, 6, 28, 50, 80]
[2, 10, 2, 26, 47, 76]
[2, 14, 2, 22, 42, 50]
[3, 5, 3, 17, 33, 59]
[2, 8, 5, 24, 52, 77]
[4, 10, 4, 14, 54, 58]
[3, 11, 3, 27, 53, 83]
[3, 5, 3, 13, 63, 77]
[2, 8, 5, 32, 32, 29]
[1, 9, 7, 25, 51, 87]
[2, 8, 8, 16, 37, 20]
[2, 10, 2, 18, 47, 88]
[2, 16, 2, 16, 47, 64]
[5, 15, 8, 19, 35, 72]
[7, 9, 7, 29, 37, 69]
[4, 8, 4, 16, 49, 56]
[4, 8, 7, 24, 54, 77]
[6, 8, 6, 20, 56, 44]
[4, 4, 4, 12, 44, 64]
[4, 10, 4, 30, 44, 82]
[3, 9, 3, 21, 53, 81]
[4, 14, 4, 30, 54, 62]
[6, 10, 6, 26, 51, 52]
[5, 13, 5, 29, 45, 61]
[3, 9, 3, 29, 23, 57]
[5, 7, 8, 27, 55, 88]
[5, 9, 5, 25, 45, 75]
[4, 10, 7, 14, 34, 55]
[5, 13, 5, 25, 25, 91]
[1, 11, 1, 19, 51, 107]
[0, 12, 3, 24, 50, 45]
[6, 14, 6, 18, 51, 56]
[2, 10, 8, 18, 57, 100]
[3, 11, 3, 11, 33, 59]
[2, 10, 8, 22, 42, 58]
[0, 10, 3, 30, 60, 79]
[1, 9, 7, 29, 51, 69]
[3, 7, 6, 19, 23, 28]
[5, 13, 5, 17, 45, 79]
[3, 7, 3, 19, 43, 67]
[2, 10, 5, 22, 42, 67]
[4, 8, 4, 24, 69, 80]
[6, 12, 6, 28, 46, 48]
[2, 10, 2, 30, 52, 82]
[0, 16, 6, 16, 55, 52]
[5, 7, 5, 23, 55, 67]
[3, 7, 6, 27, 53, 88]
[3, 9, 3, 25, 43, 75]
[5, 5, 5, 21, 55, 77]
[5, 7, 5, 31, 65, 79]
[5, 13, 5, 21, 55, 61]
[3, 5, 3, 25, 13, 71]
[5, 15, 8, 27, 35, 48]
[1, 7, 1, 31, 51, 67]
[2, 12, 5, 16, 42, 93]
[3, 7, 6, 23, 33, 52]
[5, 9, 5, 17, 65, 39]
[5, 7, 5, 11, 45, 43]
[3, 15, 6, 31, 43, 48]
[5, 11, 5, 15, 35, 83]
[5, 9, 5, 29, 35, 93]
[5, 7, 8, 11, 45, 52]
[1, 13, 1, 17, 31, 19]
[2, 8, 2, 20, 42, 68]
[4, 10, 7, 14, 64, 55]
[2, 10, 5, 30, 52, 79]
[2, 6, 5, 30, 32, 27]
[6, 14, 6, 22, 56, 26]
[4, 8, 7, 16, 34, 53]
[5, 9, 5, 25, 85, 27]
[7, 11, 7, 19, 57, 35]
[1, 13, 7, 25, 41, 67]
[3, 9, 3, 29, 33, 69]
[3, 11, 3, 19, 33, 59]
[7, 9, 7, 25, 47, 51]
[3, 11, 6, 23, 43, 68]
[7, 9, 7, 13, 47, 105]
[1, 9, 7, 17, 41, 87]
[4, 12, 4, 28, 44, 72]
[4, 14, 4, 26, 29, 68]
[6, 12, 6, 16, 71, 24]
[4, 12, 7, 24, 34, 69]
[0, 12, 3, 16, 40, 93]
[1, 11, 1, 11, 31, 83]
[3, 15, 6, 19, 43, 84]
[5, 11, 5, 27, 65, 47]
[7, 15, 7, 15, 37, 51]
[4, 8, 4, 16, 69, 56]
[5, 11, 5, 15, 65, 47]
[3, 7, 3, 19, 53, 79]
[0, 14, 6, 14, 20, 26]
[2, 10, 8, 26, 47, 64]
[6, 14, 6, 22, 36, 74]
[6, 8, 6, 24, 51, 56]
[2, 12, 8, 24, 37, 60]
[0, 12, 6, 20, 30, 60]
[4, 14, 7, 30, 34, 59]
[0, 8, 6, 16, 25, 68]
[6, 12, 6, 12, 46, 96]
[5, 15, 8, 23, 45, 48]
[2, 14, 2, 22, 62, 98]
[2, 8, 8, 32, 47, 44]
[3, 11, 3, 19, 63, 95]
[3, 15, 6, 23, 33, 60]
[4, 6, 4, 22, 34, 90]
[2, 16, 8, 24, 47, 76]
[0, 12, 0, 16, 45, 48]
[3, 13, 3, 21, 53, 85]
[4, 12, 7, 16, 44, 69]
[4, 8, 7, 16, 64, 53]
[2, 8, 5, 32, 52, 77]
[5, 5, 5, 25, 75, 71]
[1, 11, 4, 23, 41, 68]
[4, 14, 4, 26, 59, 68]
[4, 12, 4, 28, 74, 72]
[4, 16, 7, 32, 34, 37]
[3, 7, 3, 23, 43, 79]
[3, 9, 3, 29, 3, 33]
[0, 8, 6, 24, 45, 92]
[3, 11, 3, 23, 13, 35]
[3, 11, 6, 15, 43, 68]
[1, 7, 4, 31, 51, 52]
[3, 11, 6, 23, 53, 80]
[2, 8, 8, 12, 32, 8]
[3, 13, 3, 25, 63, 91]
[3, 11, 3, 11, 13, 35]
[4, 12, 4, 12, 54, 72]
[7, 15, 7, 19, 37, 15]
[6, 14, 6, 26, 41, 44]
[4, 12, 4, 20, 24, 72]
[4, 8, 7, 16, 4, 53]
[2, 12, 2, 24, 27, 24]
[1, 11, 1, 27, 51, 59]
[4, 8, 4, 12, 44, 44]
[3, 11, 6, 31, 43, 68]
[2, 12, 2, 28, 42, 48]
[8, 8, 8, 16, 53, 80]
[5, 15, 5, 31, 45, 39]
[2, 8, 2, 24, 37, 56]
[0, 8, 3, 16, 30, 77]
[4, 10, 7, 30, 34, 79]
[5, 7, 5, 15, 45, 55]
[6, 6, 6, 22, 56, 42]
[3, 9, 3, 21, 63, 93]
[4, 14, 4, 26, 49, 68]
[5, 7, 8, 15, 45, 64]
[3, 13, 3, 21, 23, 49]
[1, 9, 1, 13, 31, 69]
[3, 15, 6, 15, 33, 84]
[5, 5, 5, 13, 35, 65]
[5, 15, 5, 19, 45, 75]
[0, 10, 0, 14, 30, 58]
[1, 11, 7, 19, 41, 107]
[8, 10, 8, 22, 38, 70]
[4, 6, 4, 14, 24, 54]
[3, 7, 3, 15, 43, 55]
[0, 12, 6, 16, 15, 36]
[5, 7, 5, 19, 55, 55]
[2, 14, 2, 26, 57, 68]
[5, 13, 5, 13, 45, 85]
[6, 12, 6, 20, 36, 96]
[5, 7, 8, 19, 55, 64]
[6, 14, 6, 14, 66, 38]
[7, 11, 7, 31, 37, 35]
[1, 11, 4, 23, 51, 104]
[2, 6, 5, 22, 42, 39]
[5, 11, 8, 19, 75, 32]
[3, 11, 3, 11, 43, 71]
[4, 10, 4, 22, 4, 70]
[2, 8, 2, 32, 37, 56]
[4, 14, 4, 18, 39, 80]
[6, 10, 6, 22, 46, 70]
[3, 7, 6, 23, 43, 64]
[3, 7, 6, 19, 33, 40]
[5, 9, 5, 17, 25, 87]
[0, 12, 0, 24, 65, 48]
[4, 16, 4, 28, 44, 52]
[5, 5, 5, 17, 45, 71]
[4, 12, 7, 24, 64, 69]
[4, 16, 4, 24, 49, 64]
[1, 7, 1, 27, 41, 43]
[3, 11, 3, 19, 43, 71]
[4, 6, 7, 14, 4, 51]
[4, 8, 4, 12, 14, 44]
[4, 12, 4, 20, 44, 72]
[3, 9, 3, 17, 63, 87]
[4, 12, 7, 32, 34, 69]
[1, 7, 7, 31, 61, 67]
[3, 13, 3, 21, 33, 61]
[6, 6, 6, 30, 66, 30]
[6, 8, 6, 32, 41, 80]
[4, 8, 7, 32, 44, 101]
[5, 11, 8, 19, 35, 80]
[6, 16, 6, 16, 41, 64]
[5, 11, 5, 27, 25, 95]
[2, 12, 8, 28, 42, 60]
[3, 5, 3, 17, 43, 71]
[1, 7, 1, 15, 41, 79]
[5, 11, 8, 11, 65, 44]
[6, 16, 6, 20, 46, 28]
[5, 9, 5, 17, 55, 51]
[3, 11, 3, 27, 63, 95]
[3, 9, 3, 13, 83, 105]
[2, 6, 8, 14, 62, 42]
[5, 15, 8, 19, 45, 60]
[1, 11, 4, 23, 31, 32]
[2, 6, 2, 14, 42, 54]
[5, 9, 5, 13, 35, 69]
[5, 11, 5, 23, 45, 71]
[3, 11, 6, 31, 23, 44]
[6, 10, 6, 30, 56, 34]
[4, 10, 4, 22, 64, 70]
[4, 6, 7, 14, 34, 51]
[4, 16, 4, 32, 49, 40]
[3, 11, 3, 31, 13, 35]
[2, 10, 5, 14, 32, 55]
[3, 11, 3, 15, 13, 35]
[3, 11, 6, 15, 53, 80]
[4, 10, 4, 18, 29, 64]
[5, 15, 5, 23, 55, 51]
[4, 10, 4, 26, 39, 76]
[4, 14, 4, 22, 34, 74]
[1, 9, 1, 17, 41, 87]
[4, 8, 4, 12, 74, 44]
[4, 12, 4, 24, 29, 72]
[5, 11, 5, 19, 15, 107]
[6, 8, 6, 20, 46, 68]
[4, 10, 7, 22, 14, 67]
[2, 14, 8, 18, 37, 92]
[1, 7, 1, 23, 41, 55]
[2, 14, 5, 30, 52, 59]
[6, 14, 6, 18, 41, 80]
[5, 13, 5, 21, 65, 49]
[1, 9, 1, 17, 31, 51]
[1, 11, 4, 15, 21, 44]
[4, 6, 7, 22, 34, 87]
[5, 11, 8, 27, 45, 68]
[3, 9, 3, 25, 53, 87]
[4, 8, 4, 28, 54, 92]
[5, 11, 5, 31, 45, 71]
[8, 8, 8, 24, 43, 56]
[4, 4, 4, 20, 54, 112]
[4, 6, 4, 14, 54, 54]
