[4, 10, 22, 26, 29, 40]
[4, 6, 22, 18, 39, 60]
[4, 6, 19, 30, 34, 75]
[3, 7, 15, 27, 33, 79]
[3, 7, 27, 15, 13, 67]
[4, 8, 22, 24, 29, 68]
[3, 7, 24, 15, 13, 76]
[4, 12, 16, 12, 44, 48]
[0, 12, 12, 20, 20, 72]
[1, 5, 13, 25, 11, 95]
[1, 3, 10, 15, 1, 84]
[3, 5, 15, 13, 13, 65]
[4, 12, 10, 20, 14, 108]
[2, 8, 8, 20, 12, 56]
[1, 7, 4, 11, 41, 76]
[1, 13, 13, 29, 31, 73]
[3, 5, 21, 13, 23, 77]
[4, 14, 19, 22, 24, 23]
[1, 11, 1, 19, 31, 35]
[2, 12, 14, 32, 17, 72]
[0, 4, 12, 20, 10, 40]
[3, 5, 15, 29, 43, 101]
[2, 14, 8, 14, 22, 74]
[1, 7, 13, 27, 11, 79]
[2, 14, 14, 26, 37, 68]
[3, 3, 12, 23, 43, 84]
[1, 9, 13, 13, 1, 33]
[3, 15, 3, 15, 23, 87]
[2, 6, 11, 22, 22, 87]
[4, 8, 22, 28, 24, 80]
[3, 7, 24, 11, 3, 76]
[1, 7, 19, 27, 21, 55]
[2, 8, 2, 28, 32, 44]
[1, 15, 22, 15, 11, 84]
[2, 8, 8, 20, 42, 56]
[3, 13, 21, 13, 23, 61]
[2, 6, 14, 14, 12, 54]
[2, 16, 17, 32, 2, 37]
[0, 12, 24, 20, 20, 72]
[0, 14, 6, 14, 30, 50]
[1, 7, 22, 27, 21, 28]
[2, 14, 20, 26, 7, 56]
[1, 13, 7, 17, 1, 31]
[4, 12, 19, 24, 14, 69]
[4, 10, 19, 22, 14, 91]
[1, 9, 13, 17, 1, 39]
[4, 8, 22, 16, 29, 68]
[3, 3, 18, 15, 33, 96]
[0, 12, 9, 24, 40, 93]
[1, 5, 19, 25, 11, 47]
[0, 8, 9, 24, 20, 77]
[1, 15, 19, 23, 21, 75]
[2, 12, 5, 16, 12, 45]
[3, 13, 15, 21, 3, 97]
[2, 6, 20, 18, 27, 60]
[1, 13, 19, 13, 31, 97]
[0, 10, 18, 18, 15, 52]
[1, 5, 7, 17, 11, 83]
[0, 10, 3, 22, 30, 67]
[1, 7, 16, 31, 1, 64]
[1, 15, 10, 23, 41, 72]
[0, 8, 12, 12, 30, 92]
[0, 12, 12, 24, 5, 24]
[2, 10, 14, 30, 22, 82]
[2, 8, 11, 24, 2, 77]
[2, 10, 23, 22, 22, 43]
[1, 7, 7, 23, 1, 67]
[2, 6, 17, 22, 2, 87]
[2, 12, 14, 24, 17, 72]
[3, 7, 27, 23, 33, 67]
[3, 7, 24, 23, 33, 76]
[1, 7, 13, 15, 41, 79]
[4, 14, 10, 30, 24, 50]
[0, 8, 15, 24, 10, 29]
[1, 11, 16, 27, 31, 80]
[1, 13, 13, 29, 41, 85]
[0, 8, 6, 12, 20, 80]
[2, 10, 8, 30, 12, 70]
[0, 10, 15, 14, 10, 55]
[4, 12, 7, 16, 34, 69]
[4, 8, 10, 24, 9, 68]
[0, 10, 9, 30, 30, 79]
[4, 10, 10, 14, 34, 46]
[4, 12, 16, 24, 29, 48]
[2, 8, 11, 24, 32, 77]
[2, 10, 20, 22, 12, 58]
[2, 6, 17, 22, 32, 87]
[3, 15, 9, 15, 33, 87]
[3, 7, 12, 27, 23, 76]
[1, 9, 1, 21, 31, 57]
[2, 6, 26, 26, 17, 60]
[2, 4, 5, 24, 22, 109]
[1, 11, 16, 31, 31, 80]
[2, 10, 8, 30, 42, 70]
[4, 10, 13, 14, 34, 55]
[4, 12, 10, 12, 44, 60]
[1, 11, 13, 15, 21, 71]
[3, 7, 15, 11, 3, 67]
[1, 7, 16, 11, 31, 40]
[2, 10, 20, 22, 42, 58]
[4, 8, 10, 12, 14, 56]
[2, 10, 20, 18, 7, 52]
[0, 14, 18, 26, 15, 56]
[3, 15, 18, 19, 23, 60]
[1, 7, 10, 27, 21, 100]
[3, 11, 21, 23, 13, 71]
[2, 16, 14, 24, 27, 64]
[0, 14, 18, 22, 20, 86]
[1, 3, 19, 23, 11, 63]
[3, 7, 18, 27, 43, 76]
[2, 4, 5, 16, 32, 61]
[2, 8, 5, 32, 42, 77]
[3, 11, 24, 31, 3, 68]
[4, 16, 4, 28, 34, 52]
[2, 6, 14, 26, 27, 108]
[3, 9, 9, 25, 13, 63]
[4, 8, 19, 24, 24, 77]
[4, 4, 19, 24, 44, 61]
[1, 9, 19, 13, 21, 33]
[1, 15, 22, 31, 11, 36]
[2, 14, 8, 30, 32, 50]
[3, 11, 18, 23, 33, 56]
[1, 7, 16, 31, 11, 76]
[1, 13, 13, 21, 1, 49]
[3, 13, 21, 25, 3, 67]
[2, 16, 20, 16, 17, 76]
[4, 8, 10, 16, 9, 68]
[1, 11, 19, 23, 21, 59]
[0, 14, 12, 26, 25, 44]
[0, 4, 9, 24, 0, 61]
[3, 11, 18, 27, 23, 68]
[0, 10, 24, 14, 30, 58]
[0, 12, 21, 24, 30, 93]
[1, 7, 10, 23, 11, 76]
[1, 7, 19, 19, 31, 43]
[1, 11, 7, 19, 31, 71]
[1, 9, 19, 17, 21, 39]
[1, 7, 16, 27, 21, 76]
[4, 10, 10, 26, 9, 88]
[2, 8, 2, 32, 27, 56]
[2, 8, 17, 24, 42, 77]
[2, 8, 8, 24, 37, 68]
[2, 4, 14, 16, 37, 88]
[4, 12, 19, 16, 14, 93]
[2, 4, 20, 20, 32, 100]
[4, 6, 16, 22, 34, 42]
[1, 9, 1, 21, 41, 69]
[2, 14, 20, 14, 22, 74]
[4, 12, 4, 16, 29, 72]
[4, 10, 13, 22, 14, 91]
[1, 11, 16, 23, 11, 56]
[2, 12, 20, 32, 7, 60]
[4, 8, 10, 12, 24, 32]
[3, 11, 21, 15, 13, 71]
[3, 15, 15, 27, 13, 63]
[2, 12, 14, 28, 22, 72]
[4, 10, 25, 14, 14, 79]
[2, 12, 11, 16, 12, 69]
[3, 7, 15, 15, 33, 43]
[1, 7, 7, 27, 21, 103]
[2, 10, 5, 22, 32, 43]
[4, 16, 10, 28, 24, 40]
[2, 16, 8, 28, 42, 40]
[1, 7, 10, 15, 31, 76]
[4, 8, 19, 16, 24, 77]
[1, 13, 13, 25, 31, 79]
[2, 14, 8, 22, 22, 62]
[1, 3, 19, 23, 21, 75]
[3, 11, 18, 15, 33, 56]
[2, 6, 11, 14, 12, 51]
[0, 12, 12, 16, 5, 48]
[0, 14, 12, 22, 10, 26]
[4, 8, 13, 32, 34, 29]
[4, 14, 19, 22, 14, 47]
[3, 11, 24, 27, 13, 56]
[3, 11, 18, 19, 23, 68]
[4, 8, 10, 16, 19, 44]
[4, 10, 19, 30, 14, 79]
[2, 10, 17, 30, 32, 79]
[4, 14, 7, 22, 34, 71]
[1, 9, 1, 25, 31, 63]
[4, 14, 10, 18, 39, 68]
[1, 13, 7, 13, 1, 37]
[1, 7, 19, 23, 41, 67]
[3, 15, 18, 19, 33, 48]
[2, 2, 23, 14, 22, 95]
[4, 14, 16, 30, 14, 38]
[3, 13, 15, 17, 43, 55]
[3, 11, 12, 31, 23, 68]
[3, 11, 15, 27, 43, 47]
[1, 7, 19, 19, 41, 55]
[2, 14, 14, 18, 17, 80]
[0, 12, 12, 28, 30, 72]
[4, 10, 16, 18, 9, 112]
[3, 11, 21, 11, 33, 47]
[2, 10, 20, 30, 12, 70]
[2, 4, 8, 16, 27, 76]
[2, 8, 17, 16, 22, 53]
[3, 7, 6, 31, 13, 52]
[2, 8, 8, 16, 17, 44]
[2, 6, 8, 22, 22, 78]
[4, 6, 10, 22, 4, 54]
[3, 11, 3, 19, 3, 47]
[3, 11, 15, 31, 33, 59]
[3, 9, 21, 13, 3, 81]
[4, 4, 10, 28, 14, 28]
[4, 12, 10, 28, 14, 84]
[1, 5, 13, 13, 41, 77]
[3, 13, 15, 29, 33, 49]
[0, 4, 15, 32, 10, 37]
[1, 7, 1, 23, 11, 67]
[4, 6, 16, 18, 19, 72]
[3, 9, 9, 29, 13, 69]
[1, 9, 7, 29, 31, 93]
[1, 15, 22, 19, 21, 84]
[1, 13, 7, 17, 21, 55]
[2, 12, 14, 16, 7, 72]
[2, 8, 14, 16, 27, 56]
[4, 12, 16, 20, 34, 48]
[0, 10, 12, 14, 10, 58]
[2, 6, 14, 14, 2, 54]
[2, 16, 14, 32, 27, 40]
[0, 12, 21, 16, 10, 69]
[1, 11, 19, 11, 31, 71]
[2, 14, 5, 22, 32, 47]
[3, 15, 3, 23, 33, 51]
[2, 8, 14, 20, 22, 68]
[1, 11, 13, 27, 11, 59]
[1, 11, 7, 31, 41, 83]
[0, 10, 15, 22, 10, 43]
[1, 13, 13, 25, 41, 91]
[0, 16, 18, 28, 20, 40]
[2, 4, 8, 20, 12, 100]
[2, 6, 11, 22, 42, 87]
[4, 8, 16, 20, 14, 92]
[2, 12, 11, 24, 32, 69]
[3, 7, 6, 27, 3, 52]
[0, 10, 9, 14, 30, 103]
[3, 7, 21, 11, 3, 79]
[2, 6, 14, 14, 32, 54]
[4, 10, 4, 14, 14, 58]
[2, 16, 2, 20, 42, 28]
[2, 14, 17, 30, 22, 59]
[1, 11, 19, 31, 11, 47]
[2, 14, 20, 26, 27, 56]
[4, 8, 10, 20, 4, 80]
[0, 12, 15, 24, 30, 93]
[4, 12, 10, 32, 19, 60]
[4, 16, 16, 20, 4, 76]
[2, 16, 20, 24, 17, 52]
[3, 11, 9, 11, 23, 59]
[3, 11, 24, 23, 3, 68]
[1, 11, 16, 11, 21, 68]
[4, 10, 16, 30, 34, 34]
[1, 9, 1, 25, 41, 75]
[4, 10, 10, 14, 24, 70]
[0, 12, 18, 28, 20, 60]
[0, 8, 12, 24, 5, 32]
[2, 6, 20, 18, 17, 60]
[1, 5, 13, 13, 21, 53]
[2, 6, 2, 30, 42, 78]
[0, 4, 12, 32, 5, 64]
[1, 11, 4, 27, 31, 56]
[3, 15, 24, 15, 13, 36]
[0, 6, 6, 14, 10, 66]
[3, 11, 15, 23, 23, 71]
[3, 7, 9, 27, 33, 43]
[3, 7, 15, 31, 23, 103]
[2, 12, 5, 24, 22, 45]
[4, 12, 10, 12, 34, 84]
[0, 12, 12, 20, 10, 48]
[2, 6, 14, 18, 17, 72]
[4, 10, 28, 18, 9, 64]
[1, 11, 10, 15, 1, 44]
[0, 14, 12, 22, 20, 50]
[3, 11, 12, 11, 3, 92]
[0, 10, 12, 14, 30, 106]
[1, 7, 7, 19, 31, 91]
[0, 14, 12, 18, 25, 80]
[2, 10, 23, 30, 22, 55]
[3, 11, 27, 27, 3, 47]
[1, 11, 13, 19, 11, 59]
[1, 11, 7, 23, 41, 83]
[2, 10, 23, 22, 42, 43]
[3, 9, 27, 25, 3, 75]
[1, 9, 13, 13, 41, 81]
[1, 11, 10, 31, 31, 80]
[1, 7, 1, 23, 21, 79]
[3, 5, 15, 17, 13, 83]
[0, 8, 18, 20, 40, 80]
[3, 9, 9, 17, 33, 27]
[3, 15, 15, 15, 23, 87]
[1, 9, 19, 25, 11, 39]
[3, 7, 12, 11, 13, 40]
[4, 8, 16, 12, 14, 92]
[0, 8, 18, 32, 35, 68]
[3, 5, 21, 17, 23, 95]
[0, 8, 18, 16, 25, 44]
[3, 7, 9, 23, 23, 43]
[2, 12, 14, 20, 22, 72]
[1, 7, 25, 31, 41, 31]
[4, 12, 4, 12, 34, 72]
[0, 16, 12, 24, 35, 40]
[1, 5, 13, 29, 1, 101]
[4, 10, 22, 18, 29, 52]
[2, 12, 17, 24, 42, 69]
[1, 11, 22, 19, 41, 68]
[2, 12, 2, 16, 17, 24]
[1, 15, 13, 23, 11, 51]
[1, 9, 13, 17, 41, 87]
[3, 11, 6, 23, 23, 44]
[2, 8, 20, 16, 7, 44]
[1, 11, 25, 11, 41, 47]
[3, 7, 18, 11, 3, 76]
[2, 16, 14, 24, 17, 64]
[1, 9, 19, 13, 41, 57]
[4, 10, 25, 22, 14, 67]
[3, 11, 15, 15, 23, 71]
[2, 8, 5, 24, 12, 53]
[1, 7, 7, 19, 11, 67]
[1, 7, 19, 31, 1, 43]
[3, 3, 12, 19, 43, 60]
[0, 14, 15, 30, 30, 59]
[3, 3, 9, 23, 33, 63]
[2, 8, 20, 16, 37, 44]
[2, 10, 17, 14, 42, 55]
[3, 9, 21, 17, 3, 87]
[1, 11, 19, 23, 41, 83]
[1, 11, 7, 23, 21, 59]
[2, 6, 5, 14, 42, 27]
[0, 12, 9, 24, 30, 69]
[4, 14, 22, 18, 9, 44]
[2, 14, 14, 30, 12, 62]
[1, 13, 13, 21, 31, 85]
[3, 11, 15, 19, 13, 83]
[4, 12, 13, 16, 34, 69]
[1, 13, 13, 17, 21, 79]
[1, 15, 25, 27, 11, 39]
[3, 9, 21, 17, 33, 51]
[2, 16, 14, 16, 17, 88]
[1, 7, 7, 15, 21, 67]
[1, 15, 16, 23, 11, 60]
[2, 14, 26, 14, 32, 38]
[1, 13, 19, 17, 31, 91]
[1, 5, 7, 21, 11, 101]
[1, 11, 4, 23, 11, 32]
[0, 10, 12, 30, 30, 82]
[4, 14, 13, 30, 24, 35]
[4, 8, 7, 16, 14, 29]
[3, 5, 15, 21, 33, 77]
[3, 7, 24, 27, 23, 100]
[3, 3, 15, 19, 33, 99]
[3, 7, 15, 19, 13, 79]
[2, 12, 14, 12, 22, 72]
[2, 8, 14, 24, 17, 80]
[3, 13, 9, 21, 33, 61]
[4, 6, 25, 22, 44, 63]
[3, 5, 9, 21, 23, 41]
[4, 16, 13, 24, 14, 61]
[1, 11, 22, 11, 41, 68]
[1, 7, 13, 23, 21, 79]
[3, 13, 15, 13, 43, 61]
[2, 14, 8, 26, 37, 56]
[2, 4, 2, 16, 37, 40]
[2, 16, 8, 24, 27, 52]
[3, 7, 15, 19, 43, 43]
[4, 6, 16, 30, 34, 54]
[4, 12, 22, 20, 4, 84]
[4, 12, 10, 24, 19, 84]
[4, 14, 7, 22, 24, 95]
[0, 8, 6, 24, 5, 44]
[2, 14, 20, 18, 37, 68]
[2, 16, 26, 20, 2, 28]
[4, 14, 16, 30, 4, 62]
[4, 10, 25, 22, 24, 43]
[2, 4, 20, 20, 12, 100]
[1, 13, 13, 17, 1, 55]
[1, 11, 22, 31, 21, 44]
[2, 10, 5, 30, 32, 55]
[1, 13, 19, 29, 11, 49]
[2, 12, 14, 28, 42, 72]
[1, 13, 7, 25, 21, 43]
[3, 7, 24, 23, 13, 100]
[3, 7, 15, 15, 3, 79]
[2, 12, 8, 12, 2, 60]
[1, 13, 7, 13, 21, 61]
[4, 6, 13, 30, 24, 51]
[3, 15, 15, 31, 23, 39]
[2, 4, 11, 16, 42, 85]
[3, 5, 21, 17, 33, 83]
[4, 16, 7, 24, 24, 85]
[0, 4, 15, 16, 30, 37]
[1, 11, 25, 31, 31, 35]
[3, 7, 18, 31, 33, 100]
[2, 8, 20, 32, 17, 92]
[3, 9, 27, 29, 3, 81]
[1, 13, 13, 21, 41, 97]
[4, 10, 16, 26, 19, 76]
[3, 15, 18, 27, 3, 60]
[2, 6, 11, 14, 32, 51]
[3, 15, 21, 19, 23, 39]
[3, 9, 9, 21, 33, 33]
[0, 10, 9, 22, 30, 91]
[4, 8, 16, 28, 24, 68]
[1, 11, 10, 23, 41, 92]
[4, 14, 13, 22, 24, 71]
[2, 16, 11, 24, 22, 61]
[4, 10, 10, 22, 24, 58]
[1, 9, 13, 21, 41, 93]
[3, 5, 9, 25, 43, 35]
[3, 9, 21, 17, 13, 75]
[0, 10, 6, 18, 35, 100]
[2, 6, 2, 22, 32, 42]
[4, 12, 19, 16, 24, 69]
[1, 15, 16, 19, 21, 84]
[1, 5, 19, 29, 11, 65]
[1, 11, 13, 31, 1, 47]
[3, 7, 15, 11, 13, 55]
[3, 7, 9, 15, 3, 43]
[3, 7, 18, 27, 23, 100]
[2, 14, 23, 14, 22, 59]
[2, 10, 14, 22, 2, 70]
[3, 9, 15, 13, 13, 69]
[2, 12, 2, 20, 22, 24]
[1, 7, 13, 15, 11, 43]
[1, 9, 25, 29, 41, 33]
[0, 8, 18, 12, 40, 80]
[3, 9, 21, 21, 3, 93]
[3, 13, 21, 17, 43, 31]
[1, 5, 7, 13, 31, 89]
[3, 11, 18, 23, 13, 80]
[4, 12, 16, 28, 34, 24]
[0, 8, 6, 16, 25, 92]
[3, 11, 21, 31, 3, 83]
[4, 4, 13, 32, 24, 61]
[4, 8, 10, 28, 24, 32]
[4, 4, 13, 16, 14, 37]
[2, 12, 5, 32, 42, 45]
[3, 9, 9, 25, 23, 51]
[2, 10, 14, 22, 32, 70]
[3, 13, 15, 29, 3, 85]
[1, 11, 25, 23, 31, 35]
[1, 15, 13, 27, 11, 39]
[3, 9, 21, 21, 33, 57]
[0, 16, 15, 32, 40, 37]
[2, 10, 17, 14, 2, 55]
[3, 7, 21, 15, 13, 79]
[2, 12, 14, 16, 27, 72]
[2, 8, 8, 12, 32, 32]
[1, 11, 16, 31, 1, 44]
[3, 11, 18, 27, 3, 92]
[2, 10, 8, 26, 17, 64]
[2, 16, 20, 24, 7, 52]
[3, 9, 15, 25, 13, 87]
[2, 6, 8, 26, 27, 96]
[2, 14, 8, 18, 17, 68]
[3, 7, 12, 19, 33, 40]
[0, 6, 9, 22, 10, 63]
[4, 14, 13, 22, 34, 47]
[4, 10, 10, 18, 9, 100]
[1, 7, 4, 15, 31, 76]
[1, 11, 19, 15, 41, 83]
[0, 14, 27, 22, 10, 71]
[2, 12, 17, 32, 12, 69]
[1, 7, 16, 19, 1, 28]
[0, 16, 12, 20, 30, 52]
[1, 15, 13, 31, 31, 51]
[4, 12, 19, 16, 34, 45]
[2, 8, 20, 24, 27, 68]
[0, 10, 21, 30, 30, 55]
[2, 12, 5, 24, 12, 45]
[3, 7, 18, 19, 23, 76]
[4, 10, 13, 22, 34, 43]
[1, 15, 19, 15, 11, 87]
[1, 7, 16, 23, 31, 76]
[2, 10, 11, 30, 32, 79]
[4, 8, 19, 32, 44, 29]
[2, 10, 11, 22, 2, 67]
[0, 12, 18, 16, 15, 84]
[4, 6, 19, 30, 44, 51]
[3, 11, 18, 15, 13, 80]
[1, 11, 16, 15, 31, 80]
[1, 7, 16, 15, 11, 28]
[1, 11, 22, 23, 31, 56]
[2, 8, 8, 28, 12, 80]
[4, 8, 22, 24, 39, 44]
[1, 13, 13, 13, 21, 85]
[3, 3, 9, 27, 33, 87]
[3, 7, 12, 15, 23, 40]
[1, 11, 4, 31, 41, 68]
[1, 9, 7, 17, 41, 87]
[2, 14, 17, 22, 12, 71]
[3, 11, 18, 19, 3, 92]
[2, 10, 11, 22, 32, 67]
[2, 12, 23, 24, 22, 45]
[2, 8, 23, 32, 22, 77]
[1, 15, 13, 27, 21, 51]
[3, 13, 9, 25, 13, 79]
[0, 12, 6, 20, 30, 60]
[2, 10, 26, 26, 17, 28]
[2, 8, 8, 28, 42, 80]
[3, 7, 18, 15, 13, 76]
[4, 12, 10, 20, 24, 84]
[3, 11, 21, 27, 23, 59]
[3, 15, 9, 23, 13, 87]
[1, 9, 13, 29, 11, 69]
[4, 8, 16, 32, 19, 80]
[2, 4, 17, 16, 2, 85]
[1, 9, 13, 25, 41, 99]
[2, 8, 17, 32, 12, 101]
[4, 8, 7, 16, 4, 53]
[2, 12, 2, 24, 27, 24]
[3, 9, 21, 21, 13, 81]
[2, 6, 26, 26, 7, 60]
[2, 6, 8, 18, 17, 60]
[3, 11, 9, 27, 13, 71]
[1, 13, 13, 13, 1, 61]
[2, 16, 8, 20, 22, 64]
[2, 16, 23, 16, 12, 61]
[3, 13, 15, 29, 13, 73]
[3, 9, 15, 17, 13, 75]
[3, 15, 9, 19, 23, 87]
[2, 8, 26, 28, 12, 44]
[3, 11, 18, 11, 33, 56]
[0, 10, 12, 18, 25, 88]
[1, 13, 7, 21, 21, 49]
[2, 8, 8, 32, 37, 92]
[1, 9, 7, 17, 21, 63]
[2, 10, 14, 14, 12, 58]
[2, 12, 20, 24, 17, 60]
[3, 9, 21, 13, 13, 69]
[1, 13, 19, 13, 11, 73]
[3, 11, 18, 31, 33, 56]
[1, 15, 16, 31, 11, 36]
[1, 15, 10, 23, 21, 48]
[2, 14, 14, 30, 32, 62]
[2, 10, 17, 22, 12, 67]
[0, 10, 18, 18, 35, 100]
[3, 9, 9, 29, 23, 57]
[4, 6, 10, 14, 4, 42]
[2, 8, 17, 16, 2, 53]
[1, 11, 16, 15, 41, 92]
[1, 7, 16, 15, 21, 40]
[2, 6, 8, 22, 2, 78]
[2, 12, 8, 20, 22, 60]
[3, 7, 15, 23, 33, 67]
[2, 10, 14, 14, 42, 58]
[0, 6, 12, 14, 30, 78]
[1, 7, 1, 15, 41, 79]
[1, 11, 13, 23, 1, 47]
[0, 10, 12, 14, 20, 82]
[0, 10, 21, 14, 40, 103]
[1, 7, 13, 31, 1, 79]
[1, 11, 7, 27, 31, 71]
[1, 11, 10, 11, 11, 56]
[1, 13, 13, 29, 21, 61]
[0, 6, 15, 22, 30, 63]
[3, 13, 3, 13, 3, 85]
[2, 16, 17, 24, 22, 61]
[3, 9, 15, 29, 13, 93]
[3, 11, 21, 23, 43, 35]
[2, 10, 17, 22, 42, 67]
[3, 11, 12, 27, 33, 56]
[2, 10, 20, 30, 22, 70]
[1, 13, 25, 21, 21, 49]
[2, 4, 26, 24, 17, 88]
[2, 8, 8, 16, 27, 44]
[3, 11, 3, 31, 13, 35]
[2, 10, 8, 18, 27, 52]
[2, 12, 20, 16, 37, 60]
[1, 15, 19, 27, 21, 63]
[2, 6, 20, 14, 12, 42]
[2, 8, 14, 20, 2, 68]
[4, 8, 25, 24, 34, 53]
[4, 14, 4, 22, 34, 74]
[0, 12, 12, 12, 20, 96]
[3, 15, 12, 27, 13, 72]
[3, 11, 21, 23, 3, 83]
[2, 14, 23, 22, 22, 47]
[3, 11, 15, 23, 3, 95]
[4, 8, 10, 20, 24, 32]
[3, 7, 9, 27, 13, 67]
[1, 11, 13, 23, 31, 83]
[1, 11, 25, 15, 31, 35]
[3, 3, 15, 23, 43, 111]
[3, 11, 9, 19, 13, 71]
[4, 12, 16, 24, 39, 24]
[2, 10, 20, 26, 17, 64]
[2, 6, 8, 14, 32, 42]
[2, 8, 14, 20, 32, 68]
[1, 7, 10, 27, 1, 76]
[2, 14, 26, 22, 12, 26]
[4, 8, 16, 24, 29, 56]
[4, 12, 22, 16, 9, 84]
[1, 11, 19, 27, 31, 71]
[2, 8, 8, 20, 22, 56]
[4, 6, 13, 14, 14, 51]
[3, 13, 15, 21, 43, 49]
[2, 10, 11, 14, 12, 55]
[2, 12, 8, 12, 22, 60]
[3, 11, 6, 19, 13, 56]
[1, 9, 7, 21, 41, 93]
[2, 10, 2, 30, 22, 34]
[3, 11, 9, 23, 33, 47]
[2, 14, 11, 30, 32, 59]
[1, 3, 16, 19, 1, 60]
[4, 16, 10, 24, 19, 76]
[1, 15, 10, 23, 31, 60]
[3, 7, 9, 23, 3, 67]
[0, 12, 24, 12, 20, 96]
[3, 11, 12, 19, 23, 68]
[3, 7, 21, 23, 43, 67]
[1, 9, 19, 29, 31, 69]
[2, 10, 11, 14, 42, 55]
[3, 11, 6, 23, 3, 68]
[1, 11, 16, 27, 21, 68]
[1, 11, 7, 19, 11, 47]
[1, 15, 10, 19, 31, 72]
[3, 15, 15, 27, 3, 75]
[3, 11, 12, 23, 13, 80]
[1, 11, 4, 19, 21, 44]
[3, 11, 15, 15, 3, 95]
[3, 11, 21, 19, 33, 47]
[1, 5, 13, 17, 21, 71]
[0, 8, 21, 24, 40, 53]
[4, 10, 13, 30, 34, 31]
[4, 10, 4, 26, 9, 52]
[0, 10, 18, 14, 10, 46]
[2, 10, 14, 30, 2, 82]
[0, 8, 12, 16, 15, 56]
[3, 9, 15, 21, 13, 81]
[2, 10, 14, 26, 17, 76]
[3, 15, 18, 23, 13, 60]
[1, 7, 10, 31, 11, 100]
[0, 8, 12, 28, 10, 44]
[1, 9, 7, 21, 21, 69]
[3, 3, 12, 15, 33, 48]
[2, 12, 20, 20, 12, 60]
[1, 11, 19, 19, 31, 71]
[2, 8, 14, 12, 12, 44]
[2, 10, 14, 30, 32, 82]
[2, 10, 8, 26, 7, 64]
[3, 11, 9, 15, 23, 59]
[0, 14, 24, 14, 0, 86]
[4, 10, 16, 22, 34, 46]
[1, 15, 10, 15, 21, 72]
[2, 10, 20, 14, 22, 46]
[0, 10, 12, 22, 30, 94]
[2, 8, 20, 16, 17, 44]
[2, 10, 17, 14, 22, 55]
[2, 12, 20, 20, 42, 60]
[3, 13, 9, 21, 13, 85]
[2, 16, 20, 20, 22, 64]
[4, 16, 10, 24, 29, 52]
[0, 12, 12, 16, 25, 96]
[0, 10, 6, 22, 20, 58]
[3, 13, 9, 13, 33, 73]
[3, 11, 6, 15, 3, 68]
[4, 6, 22, 26, 39, 72]
[0, 8, 12, 20, 10, 44]
[2, 10, 8, 26, 37, 64]
[3, 11, 9, 19, 23, 59]
[0, 6, 18, 14, 40, 42]
[0, 12, 18, 12, 0, 60]
[3, 7, 15, 19, 23, 67]
[1, 11, 10, 27, 31, 80]
[3, 7, 12, 23, 13, 76]
[1, 15, 19, 23, 31, 87]
[3, 7, 18, 23, 43, 64]
[0, 8, 12, 32, 5, 32]
[1, 7, 19, 23, 21, 43]
[2, 10, 20, 18, 37, 52]
[3, 11, 12, 15, 13, 80]
[0, 10, 9, 22, 20, 67]
[2, 12, 23, 16, 42, 45]
[2, 6, 17, 14, 22, 51]
[3, 11, 15, 31, 23, 71]
[4, 16, 7, 32, 24, 37]
[1, 9, 7, 25, 11, 63]
[3, 13, 15, 25, 13, 79]
[4, 10, 19, 30, 24, 55]
[2, 16, 14, 16, 27, 88]
[1, 11, 10, 23, 1, 44]
[2, 8, 20, 20, 12, 56]
[1, 13, 19, 21, 11, 61]
[1, 15, 7, 15, 11, 39]
[0, 10, 6, 18, 25, 76]
[2, 14, 8, 26, 17, 56]
[2, 14, 2, 22, 32, 26]
[1, 15, 22, 23, 11, 60]
[3, 11, 12, 19, 33, 56]
[3, 15, 12, 15, 23, 96]
[0, 10, 15, 30, 10, 31]
[4, 10, 22, 14, 24, 70]
[0, 12, 24, 16, 25, 96]
[1, 7, 10, 19, 21, 76]
[4, 10, 16, 18, 19, 88]
[0, 8, 18, 12, 30, 56]
[0, 16, 24, 28, 10, 52]
[0, 6, 18, 30, 30, 42]
[1, 9, 7, 25, 41, 99]
[0, 14, 9, 22, 30, 47]
[3, 15, 12, 31, 23, 48]
[2, 6, 5, 22, 32, 63]
[2, 12, 20, 12, 42, 60]
[3, 15, 24, 19, 3, 36]
[0, 8, 12, 20, 30, 92]
[0, 8, 18, 24, 25, 44]
[1, 13, 13, 25, 21, 67]
[4, 12, 22, 24, 9, 60]
[3, 15, 9, 27, 33, 51]
[1, 3, 22, 27, 11, 48]
[1, 11, 13, 15, 31, 83]
[4, 10, 22, 30, 14, 70]
[3, 5, 15, 25, 33, 95]
[4, 12, 10, 28, 24, 60]
[4, 14, 10, 22, 34, 62]
[3, 11, 9, 11, 13, 71]
[4, 4, 16, 32, 39, 64]
[2, 16, 14, 20, 22, 76]
[0, 8, 12, 32, 25, 80]
[4, 4, 16, 16, 29, 40]
[1, 7, 13, 11, 41, 67]
[2, 2, 2, 14, 22, 74]
[1, 11, 10, 19, 31, 80]
[0, 8, 6, 28, 10, 56]
[3, 5, 9, 25, 23, 59]
[2, 4, 11, 16, 22, 85]
[3, 5, 27, 17, 33, 83]
[1, 3, 16, 23, 11, 96]
[3, 11, 12, 11, 33, 56]
[1, 3, 19, 19, 11, 39]
[2, 14, 14, 22, 12, 74]
[3, 13, 9, 29, 33, 49]
[2, 4, 17, 16, 22, 85]
[2, 6, 8, 18, 37, 60]
[2, 16, 11, 32, 42, 37]
[3, 13, 21, 21, 33, 37]
[3, 15, 3, 27, 33, 39]
[3, 9, 15, 13, 23, 57]
[1, 7, 13, 31, 21, 103]
[4, 8, 10, 20, 14, 56]
[1, 9, 7, 25, 21, 75]
[2, 4, 26, 20, 2, 64]
[0, 16, 15, 24, 30, 61]
[2, 12, 20, 24, 37, 60]
[2, 10, 14, 14, 32, 58]
[3, 7, 12, 11, 3, 52]
[1, 7, 10, 23, 21, 88]
[2, 12, 11, 32, 12, 69]
[2, 10, 17, 30, 12, 79]
[0, 12, 12, 32, 25, 48]
[2, 4, 2, 20, 22, 64]
[2, 12, 8, 28, 32, 60]
[3, 5, 15, 13, 23, 53]
[1, 9, 13, 13, 21, 57]
[0, 16, 18, 32, 25, 28]
[2, 10, 8, 18, 17, 52]
[1, 13, 25, 13, 31, 73]
[2, 14, 5, 14, 12, 59]
[4, 8, 16, 24, 19, 80]
[4, 10, 28, 18, 19, 40]
[1, 15, 7, 23, 31, 39]
[2, 8, 5, 24, 42, 53]
[3, 7, 6, 27, 13, 40]
[0, 8, 6, 20, 10, 56]
[2, 12, 11, 32, 42, 69]
[2, 4, 20, 16, 17, 76]
[3, 7, 9, 31, 23, 67]
[0, 4, 15, 24, 30, 61]
[4, 8, 16, 32, 29, 56]
[4, 10, 10, 18, 29, 52]
[2, 10, 20, 26, 7, 64]
[4, 4, 16, 20, 24, 64]
[0, 8, 9, 32, 20, 77]
[3, 3, 9, 23, 23, 75]
[0, 10, 21, 22, 30, 67]
[2, 10, 8, 14, 12, 46]
[4, 8, 16, 12, 24, 68]
[0, 10, 3, 14, 40, 103]
[2, 14, 11, 22, 12, 71]
[3, 11, 6, 27, 23, 44]
[1, 5, 19, 25, 31, 71]
[0, 8, 15, 24, 30, 77]
[3, 7, 18, 19, 33, 64]
[4, 8, 10, 32, 19, 44]
[2, 14, 2, 14, 12, 38]
[2, 6, 23, 30, 12, 99]
[1, 3, 16, 19, 21, 84]
[2, 10, 20, 26, 37, 64]
[0, 12, 3, 16, 30, 45]
[1, 11, 7, 23, 1, 35]
[3, 7, 6, 23, 3, 40]
[4, 16, 16, 24, 9, 40]
[1, 9, 13, 25, 1, 51]
[2, 8, 20, 24, 7, 68]
[2, 12, 11, 24, 12, 69]
[4, 12, 7, 16, 24, 93]
[2, 12, 14, 32, 27, 72]
[0, 16, 21, 32, 20, 37]
[4, 12, 16, 32, 9, 72]
[0, 12, 18, 16, 25, 108]
[1, 7, 7, 23, 21, 91]
[3, 13, 9, 17, 13, 91]
[3, 13, 15, 21, 13, 85]
[1, 7, 10, 11, 31, 64]
[2, 12, 17, 32, 22, 69]
[3, 11, 21, 27, 3, 83]
[3, 15, 12, 23, 23, 72]
[0, 4, 18, 28, 30, 28]
[4, 6, 10, 22, 14, 30]
[4, 6, 22, 14, 34, 66]
[2, 12, 11, 24, 42, 69]
[3, 15, 15, 19, 13, 87]
[2, 6, 2, 30, 22, 78]
[3, 7, 9, 23, 33, 31]
[1, 9, 1, 29, 41, 81]
[1, 9, 13, 13, 31, 69]
[4, 14, 19, 14, 24, 59]
[3, 7, 21, 23, 13, 103]
[0, 6, 12, 14, 20, 54]
[3, 3, 6, 27, 33, 48]
[0, 6, 15, 22, 20, 39]
[3, 7, 12, 31, 33, 76]
[1, 7, 13, 23, 1, 55]
[1, 11, 16, 15, 1, 44]
[1, 9, 25, 25, 41, 27]
[3, 15, 12, 19, 33, 72]
[2, 10, 5, 14, 22, 31]
[3, 11, 18, 31, 13, 80]
[0, 12, 12, 12, 10, 72]
[3, 9, 15, 17, 23, 63]
[0, 10, 12, 30, 10, 34]
[2, 14, 17, 22, 22, 71]
[2, 12, 23, 24, 32, 45]
[4, 14, 22, 14, 24, 26]
[1, 3, 22, 31, 11, 72]
[2, 12, 20, 28, 12, 60]
[3, 9, 9, 21, 23, 45]
[4, 12, 22, 20, 14, 60]
[3, 7, 15, 23, 13, 91]
[1, 11, 19, 31, 21, 59]
[2, 8, 14, 12, 32, 44]
[3, 11, 21, 23, 23, 59]
[0, 12, 15, 16, 10, 69]
[2, 12, 17, 24, 22, 69]
[2, 12, 8, 24, 17, 60]
[0, 6, 12, 30, 10, 54]
[1, 13, 13, 21, 21, 73]
[0, 10, 12, 26, 5, 28]
[1, 7, 4, 23, 21, 88]
[2, 10, 20, 14, 42, 46]
[4, 10, 22, 14, 14, 94]
[1, 15, 4, 15, 31, 36]
[4, 16, 7, 24, 34, 61]
[3, 11, 18, 23, 43, 44]
[1, 9, 19, 17, 41, 63]
[2, 12, 8, 20, 2, 60]
[4, 14, 19, 14, 34, 35]
[1, 15, 7, 19, 21, 39]
[2, 10, 20, 22, 2, 58]
[1, 9, 13, 21, 21, 69]
[3, 13, 21, 25, 13, 55]
[2, 6, 5, 30, 22, 99]
[3, 13, 21, 17, 33, 43]
[3, 11, 18, 27, 33, 56]
[1, 11, 13, 19, 21, 71]
[1, 7, 13, 23, 11, 67]
[1, 11, 10, 31, 41, 92]
[0, 12, 9, 16, 30, 93]
[2, 8, 11, 16, 12, 53]
[0, 12, 18, 32, 25, 60]
[2, 4, 5, 16, 42, 61]
[4, 8, 16, 16, 19, 80]
[3, 13, 15, 21, 23, 73]
[2, 8, 20, 20, 32, 56]
[4, 10, 28, 14, 4, 82]
[2, 10, 20, 22, 32, 58]
[1, 3, 19, 27, 1, 75]
[2, 2, 20, 14, 22, 110]
[0, 10, 15, 14, 0, 31]
[1, 3, 7, 11, 11, 87]
[0, 10, 9, 30, 20, 55]
[2, 8, 26, 32, 17, 56]
[0, 10, 12, 26, 25, 76]
[1, 3, 22, 31, 21, 84]
[1, 7, 13, 19, 21, 67]
[2, 8, 23, 24, 12, 53]
[3, 9, 27, 17, 13, 51]
[3, 11, 21, 15, 23, 59]
[4, 8, 13, 16, 24, 53]
[2, 8, 5, 32, 32, 77]
[0, 10, 6, 26, 15, 40]
[1, 11, 13, 11, 21, 71]
[2, 6, 14, 26, 17, 108]
[0, 14, 15, 14, 0, 59]
[0, 10, 18, 26, 35, 88]
[1, 3, 7, 15, 1, 99]
[4, 10, 7, 30, 14, 55]
[3, 7, 27, 23, 13, 91]
[1, 9, 13, 21, 1, 45]
[4, 4, 13, 32, 34, 37]
[3, 11, 21, 19, 13, 71]
[1, 7, 4, 23, 31, 100]
[2, 8, 17, 24, 2, 77]
[4, 10, 19, 14, 24, 79]
[4, 12, 13, 16, 44, 45]
[0, 14, 18, 22, 10, 62]
[0, 12, 12, 28, 10, 24]
[0, 4, 12, 16, 15, 40]
[2, 14, 14, 22, 32, 74]
[4, 10, 4, 18, 9, 64]
[1, 13, 25, 29, 21, 37]
[3, 7, 9, 19, 23, 31]
[0, 14, 18, 18, 15, 92]
[4, 6, 10, 30, 14, 42]
[3, 11, 18, 19, 33, 56]
[4, 12, 16, 16, 29, 72]
[2, 6, 23, 22, 2, 63]
[2, 10, 11, 14, 22, 55]
[2, 12, 20, 32, 17, 60]
[1, 11, 25, 19, 41, 47]
[2, 8, 8, 24, 27, 68]
[1, 15, 16, 23, 21, 72]
[3, 9, 9, 13, 3, 57]
[0, 12, 6, 28, 40, 60]
[2, 14, 11, 30, 42, 59]
[1, 7, 16, 23, 11, 52]
[3, 11, 9, 15, 3, 83]
[0, 6, 3, 14, 10, 75]
[1, 11, 16, 23, 41, 92]
[1, 11, 13, 11, 1, 47]
[2, 12, 8, 28, 22, 60]
[1, 11, 7, 15, 31, 71]
[2, 4, 26, 20, 22, 64]
[2, 8, 26, 24, 17, 32]
[2, 12, 11, 16, 2, 69]
[2, 6, 14, 22, 2, 90]
[3, 9, 21, 21, 43, 45]
[4, 10, 16, 14, 34, 58]
[3, 7, 6, 31, 23, 40]
[3, 3, 18, 19, 43, 108]
[2, 12, 11, 32, 32, 69]
[3, 13, 9, 13, 13, 97]
[3, 11, 15, 27, 13, 83]
[3, 11, 15, 31, 43, 47]
[1, 5, 7, 13, 21, 77]
[3, 3, 6, 31, 43, 60]
[2, 14, 8, 22, 12, 62]
[3, 13, 15, 29, 43, 37]
[2, 4, 2, 20, 42, 64]
[3, 7, 18, 23, 23, 88]
[2, 6, 14, 22, 32, 90]
[0, 10, 6, 14, 30, 94]
[3, 11, 3, 23, 3, 47]
[0, 6, 12, 18, 25, 72]
[0, 14, 9, 22, 20, 23]
[1, 15, 25, 15, 21, 87]
[1, 3, 13, 11, 21, 63]
[1, 9, 19, 21, 41, 69]
[4, 12, 25, 16, 4, 69]
[0, 6, 18, 26, 25, 24]
[2, 4, 14, 12, 12, 64]
[4, 16, 13, 16, 34, 61]
[0, 12, 21, 16, 20, 93]
[2, 6, 20, 26, 17, 96]
[1, 9, 13, 25, 21, 75]
[1, 15, 25, 19, 11, 63]
[1, 5, 13, 21, 21, 89]
[0, 12, 9, 32, 30, 45]
[0, 8, 12, 32, 15, 56]
[3, 11, 24, 19, 23, 44]
[1, 15, 16, 15, 11, 84]
[4, 12, 13, 24, 34, 45]
[2, 8, 17, 16, 32, 53]
[1, 11, 19, 15, 31, 71]
[3, 7, 21, 11, 13, 67]
[1, 11, 7, 15, 11, 47]
[4, 14, 16, 26, 9, 68]
[2, 14, 11, 22, 32, 71]
[0, 6, 9, 14, 20, 75]
[3, 15, 6, 23, 23, 72]
[3, 9, 21, 25, 33, 63]
[3, 11, 24, 23, 13, 56]
[3, 15, 21, 15, 23, 51]
[1, 11, 10, 15, 21, 68]
[0, 16, 24, 20, 0, 76]
[1, 9, 7, 13, 31, 69]
[3, 11, 9, 31, 33, 47]
[2, 14, 20, 30, 2, 50]
[1, 7, 16, 23, 21, 64]
[2, 16, 8, 16, 27, 76]
[4, 12, 4, 20, 14, 96]
[2, 10, 8, 22, 12, 58]
[3, 9, 27, 21, 13, 57]
[3, 7, 15, 31, 33, 91]
[2, 8, 11, 32, 32, 101]
[3, 15, 15, 23, 33, 51]
[3, 7, 27, 19, 13, 79]
[3, 11, 24, 27, 3, 68]
[2, 6, 26, 30, 22, 78]
[2, 12, 8, 16, 7, 60]
[1, 9, 19, 21, 21, 45]
[4, 14, 16, 18, 19, 80]
[3, 11, 6, 31, 13, 56]
[1, 11, 13, 27, 41, 95]
[3, 11, 3, 15, 3, 47]
[0, 12, 12, 32, 15, 24]
[3, 11, 12, 31, 13, 80]
[2, 2, 8, 14, 12, 110]
[1, 7, 16, 19, 31, 64]
[2, 14, 14, 14, 12, 86]
[3, 13, 9, 29, 13, 73]
[3, 15, 9, 23, 23, 75]
[1, 15, 10, 27, 41, 60]
[2, 8, 14, 28, 2, 92]
[3, 9, 27, 25, 13, 63]
[0, 8, 21, 32, 40, 53]
[2, 4, 20, 12, 2, 52]
[2, 6, 5, 22, 12, 63]
[2, 12, 20, 12, 22, 60]
[1, 15, 13, 23, 31, 75]
[4, 16, 13, 32, 4, 37]
[3, 13, 21, 21, 13, 61]
[3, 15, 15, 15, 33, 75]
[3, 11, 12, 31, 43, 44]
[3, 7, 12, 11, 23, 28]
[1, 5, 19, 21, 21, 41]
[1, 3, 10, 15, 11, 96]
[0, 4, 18, 24, 35, 28]
[2, 16, 17, 32, 12, 37]
[1, 11, 13, 23, 11, 59]
[4, 10, 28, 22, 4, 70]
[3, 7, 24, 15, 3, 88]
[4, 6, 16, 14, 14, 78]
[3, 9, 9, 17, 3, 63]
[1, 7, 19, 31, 21, 67]
[2, 6, 5, 22, 42, 63]
[3, 13, 15, 17, 23, 79]
[0, 12, 6, 24, 35, 60]
[2, 6, 20, 18, 7, 60]
[0, 8, 9, 32, 10, 53]
[4, 12, 16, 20, 14, 96]
[4, 14, 16, 14, 24, 86]
[4, 14, 16, 22, 24, 50]
[1, 13, 7, 29, 31, 49]
[0, 14, 12, 14, 0, 38]
[1, 7, 22, 31, 21, 40]
[2, 8, 8, 28, 22, 80]
[4, 16, 10, 20, 34, 64]
[4, 8, 22, 28, 34, 56]
[3, 9, 9, 29, 33, 45]
[4, 4, 10, 20, 4, 28]
[0, 10, 9, 14, 20, 79]
[1, 15, 13, 19, 21, 75]
[1, 7, 19, 27, 31, 67]
[3, 3, 9, 19, 23, 51]
[0, 12, 15, 24, 20, 69]
[0, 12, 12, 32, 35, 72]
[4, 10, 22, 22, 24, 58]
[1, 11, 4, 23, 31, 56]
[2, 14, 20, 22, 22, 62]
[4, 10, 19, 22, 24, 67]
[1, 7, 1, 19, 31, 79]
[3, 11, 15, 19, 23, 71]
[1, 11, 13, 19, 41, 95]
[3, 11, 24, 19, 33, 32]
[1, 5, 13, 25, 1, 83]
[0, 4, 12, 12, 20, 40]
[2, 12, 14, 24, 27, 72]
[2, 8, 11, 24, 12, 77]
[4, 10, 16, 30, 14, 82]
[2, 6, 17, 22, 12, 87]
[2, 8, 14, 32, 27, 104]
[4, 12, 22, 16, 19, 60]
[4, 14, 4, 26, 29, 68]
[3, 7, 6, 27, 23, 28]
[1, 3, 16, 15, 21, 60]
[0, 14, 6, 14, 20, 26]
[1, 9, 19, 25, 41, 75]
[1, 11, 7, 27, 21, 59]
[1, 11, 10, 11, 1, 44]
[4, 14, 13, 14, 44, 59]
[0, 4, 15, 32, 20, 61]
[3, 15, 6, 23, 33, 60]
[1, 13, 25, 25, 21, 43]
[2, 14, 11, 14, 12, 83]
[2, 4, 14, 20, 22, 112]
[0, 6, 18, 18, 35, 36]
[0, 12, 12, 20, 0, 24]
[2, 12, 14, 20, 12, 72]
[3, 5, 15, 21, 43, 65]
[2, 6, 17, 22, 42, 87]
[2, 8, 5, 24, 22, 53]
[3, 11, 3, 11, 13, 35]
[1, 3, 19, 31, 11, 111]
[3, 11, 15, 23, 43, 47]
[0, 14, 12, 14, 20, 86]
[0, 8, 9, 24, 10, 53]
[3, 3, 24, 11, 43, 84]
[2, 8, 26, 32, 7, 56]
[3, 9, 21, 29, 33, 69]
[0, 10, 18, 14, 30, 94]
[2, 8, 23, 24, 2, 53]
[3, 7, 12, 23, 43, 40]
[1, 7, 19, 27, 11, 43]
[1, 9, 7, 21, 1, 45]
[0, 10, 3, 22, 20, 43]
[3, 15, 6, 15, 33, 84]
[2, 4, 20, 16, 27, 76]
[3, 3, 18, 11, 33, 72]
[1, 11, 22, 15, 41, 68]
[0, 12, 6, 16, 15, 36]
[0, 12, 6, 12, 20, 60]
[1, 9, 13, 29, 21, 81]
[3, 3, 6, 23, 33, 24]
[0, 8, 15, 16, 30, 77]
[3, 9, 27, 25, 23, 51]
[0, 14, 15, 22, 30, 95]
[0, 6, 9, 30, 10, 75]
[2, 8, 23, 24, 32, 53]
[2, 6, 2, 26, 17, 60]
[3, 13, 15, 25, 43, 43]
[2, 16, 17, 16, 22, 85]
[1, 9, 19, 25, 21, 51]
[2, 10, 8, 14, 22, 46]
[2, 14, 20, 18, 17, 68]
[1, 5, 19, 25, 1, 35]
[2, 4, 2, 24, 17, 88]
[1, 11, 10, 27, 11, 56]
[1, 7, 22, 27, 41, 52]
[0, 6, 15, 14, 20, 27]
[3, 15, 18, 27, 13, 48]
[1, 15, 16, 27, 31, 72]
[2, 4, 26, 16, 7, 40]
[2, 8, 17, 24, 22, 77]
[2, 2, 5, 14, 12, 95]
[3, 15, 9, 15, 23, 99]
[2, 12, 14, 12, 12, 72]
[3, 3, 3, 31, 13, 51]
[0, 12, 9, 24, 20, 45]
[3, 15, 9, 31, 23, 51]
[2, 14, 14, 26, 7, 68]
[3, 11, 15, 15, 43, 47]
[2, 8, 20, 28, 12, 80]
[2, 14, 17, 14, 22, 83]
[1, 15, 10, 19, 21, 60]
[2, 6, 23, 22, 22, 63]
[3, 9, 9, 21, 3, 69]
[1, 7, 13, 15, 31, 67]
[4, 8, 19, 24, 34, 53]
[4, 16, 13, 16, 24, 85]
[3, 7, 21, 19, 33, 67]
[0, 6, 6, 22, 10, 78]
[0, 16, 18, 24, 25, 76]
[4, 12, 13, 32, 14, 69]
[1, 7, 7, 11, 41, 79]
[0, 12, 6, 16, 35, 84]
[2, 10, 2, 26, 17, 28]
[0, 10, 12, 30, 20, 58]
[3, 11, 27, 19, 13, 35]
[3, 11, 15, 19, 33, 59]
[3, 7, 15, 11, 23, 43]
[3, 3, 12, 19, 23, 84]
[2, 4, 23, 16, 2, 61]
[2, 12, 11, 16, 22, 69]
[0, 10, 18, 30, 30, 70]
[3, 9, 9, 25, 3, 75]
[0, 4, 12, 28, 10, 64]
[0, 10, 15, 30, 30, 79]
[0, 6, 15, 30, 10, 27]
[1, 11, 19, 19, 21, 59]
[2, 8, 5, 16, 32, 29]
[0, 8, 0, 20, 20, 68]
[1, 11, 16, 31, 21, 68]
[2, 16, 14, 28, 32, 52]
[3, 11, 27, 23, 3, 47]
[4, 16, 19, 16, 14, 37]
[4, 10, 10, 26, 19, 64]
[1, 11, 13, 15, 11, 59]
[2, 14, 8, 22, 32, 62]
[0, 12, 15, 16, 20, 93]
[2, 8, 20, 32, 7, 92]
[1, 7, 16, 11, 21, 28]
[4, 6, 16, 26, 29, 60]
[3, 9, 9, 25, 33, 39]
[0, 4, 18, 20, 40, 28]
[3, 7, 15, 19, 33, 55]
[1, 11, 10, 19, 11, 56]
[4, 10, 16, 18, 29, 64]
[0, 14, 15, 22, 10, 47]
[4, 10, 19, 14, 34, 55]
[0, 12, 21, 24, 20, 69]
[0, 16, 9, 16, 40, 61]
[1, 7, 10, 27, 11, 88]
[3, 7, 21, 15, 23, 67]
[3, 13, 21, 17, 13, 67]
[0, 8, 21, 16, 40, 53]
[0, 8, 15, 32, 30, 77]
[3, 11, 18, 27, 13, 80]
[4, 14, 4, 14, 44, 86]
[4, 12, 22, 24, 19, 36]
[0, 4, 9, 16, 10, 61]
[2, 4, 14, 12, 32, 64]
[3, 9, 15, 25, 23, 75]
[3, 15, 21, 23, 3, 51]
[3, 7, 12, 19, 43, 28]
[1, 7, 19, 23, 11, 31]
[2, 2, 23, 14, 32, 95]
[2, 8, 14, 12, 42, 44]
[3, 13, 15, 13, 23, 85]
[3, 15, 6, 31, 33, 36]
[1, 11, 10, 19, 41, 92]
[1, 13, 7, 25, 31, 55]
[2, 10, 8, 22, 2, 58]
[3, 11, 15, 11, 23, 71]
[1, 9, 7, 25, 1, 51]
[2, 14, 14, 18, 27, 80]
[4, 12, 10, 16, 19, 108]
[3, 7, 12, 19, 3, 76]
[4, 12, 4, 28, 14, 72]
[1, 15, 19, 19, 21, 87]
[2, 10, 14, 22, 42, 70]
[3, 7, 15, 15, 23, 55]
[2, 8, 14, 16, 7, 56]
[1, 3, 13, 15, 11, 75]
[1, 7, 10, 23, 1, 64]
[0, 8, 3, 24, 20, 77]
[1, 7, 19, 19, 21, 31]
[1, 11, 7, 19, 21, 59]
[2, 10, 8, 22, 32, 58]
[3, 13, 3, 29, 23, 37]
[3, 11, 18, 15, 23, 68]
[1, 15, 13, 27, 41, 75]
[2, 6, 17, 14, 2, 51]
[2, 12, 17, 16, 32, 69]
[1, 5, 13, 21, 1, 65]
[2, 12, 8, 16, 27, 60]
[3, 3, 9, 27, 43, 75]
[3, 13, 3, 17, 23, 55]
[2, 8, 14, 16, 37, 56]
[4, 6, 16, 22, 24, 66]
[1, 11, 1, 27, 41, 47]
[2, 14, 17, 30, 2, 59]
[3, 7, 9, 19, 3, 55]
[3, 11, 18, 19, 13, 80]
[1, 11, 16, 19, 31, 80]
[1, 7, 7, 27, 11, 91]
[2, 14, 14, 14, 32, 86]
[2, 8, 14, 28, 22, 92]
[2, 6, 8, 26, 17, 96]
[1, 11, 22, 27, 31, 56]
[2, 6, 17, 14, 32, 51]
[3, 13, 9, 25, 23, 67]
[2, 8, 20, 24, 37, 68]
[1, 11, 19, 11, 11, 47]
[4, 4, 19, 16, 34, 61]
[1, 7, 10, 15, 21, 64]
[0, 10, 6, 14, 20, 70]
[0, 8, 6, 16, 15, 68]
[3, 11, 18, 19, 43, 44]
[4, 16, 10, 28, 14, 64]
[3, 11, 21, 27, 33, 47]
[0, 10, 12, 18, 5, 40]
[4, 6, 16, 18, 29, 48]
[2, 10, 11, 22, 12, 67]
[4, 12, 16, 20, 44, 24]
[4, 4, 16, 20, 34, 40]
[3, 15, 18, 15, 23, 72]
[0, 14, 18, 30, 30, 74]
[3, 3, 6, 31, 23, 84]
[1, 11, 19, 11, 41, 83]
[0, 8, 3, 16, 20, 77]
[1, 11, 7, 11, 21, 59]
[1, 9, 1, 25, 21, 51]
[3, 13, 15, 29, 23, 61]
[2, 10, 26, 30, 12, 34]
[2, 4, 14, 16, 7, 88]
[0, 12, 15, 32, 20, 45]
[1, 7, 16, 15, 41, 64]
[2, 8, 14, 32, 17, 104]
[2, 10, 11, 22, 42, 67]
[3, 15, 9, 19, 33, 75]
[2, 14, 23, 30, 2, 35]
[2, 6, 14, 18, 27, 72]
[1, 3, 10, 19, 1, 108]
[4, 14, 16, 22, 4, 98]
[1, 11, 16, 19, 11, 56]
[3, 7, 15, 27, 43, 67]
[0, 16, 12, 20, 20, 28]
[4, 16, 16, 20, 14, 52]
[3, 7, 9, 31, 33, 55]
[3, 9, 15, 25, 33, 63]
[4, 12, 16, 32, 19, 48]
[2, 12, 14, 20, 2, 72]
[2, 10, 5, 22, 2, 43]
[2, 6, 20, 22, 12, 78]
[1, 7, 13, 27, 21, 91]
[2, 8, 23, 32, 12, 77]
[1, 9, 13, 13, 11, 45]
[4, 16, 4, 24, 39, 64]
[1, 11, 16, 11, 31, 80]
[1, 5, 13, 13, 31, 65]
[0, 14, 24, 30, 20, 62]
[1, 11, 4, 27, 41, 68]
[4, 8, 19, 32, 24, 77]
[4, 4, 10, 28, 4, 52]
[3, 15, 3, 19, 33, 63]
[3, 9, 15, 29, 23, 81]
[1, 9, 7, 29, 21, 81]
[2, 16, 8, 20, 32, 64]
[2, 10, 14, 18, 7, 64]
[2, 12, 14, 20, 32, 72]
[1, 13, 7, 17, 11, 43]
[3, 9, 21, 25, 13, 87]
[2, 6, 20, 22, 42, 78]
[0, 12, 9, 32, 40, 69]
[2, 8, 20, 12, 22, 32]
[1, 11, 19, 11, 21, 59]
[1, 11, 13, 27, 1, 47]
[0, 8, 0, 12, 20, 68]
[3, 3, 21, 11, 33, 87]
[1, 11, 7, 31, 31, 71]
[3, 11, 9, 31, 13, 71]
[3, 15, 12, 27, 23, 60]
[0, 4, 12, 24, 15, 64]
[3, 7, 9, 27, 23, 55]
[1, 5, 1, 17, 11, 83]
[3, 15, 15, 23, 13, 75]
[1, 11, 22, 19, 21, 44]
[0, 12, 12, 24, 25, 72]
[2, 10, 14, 18, 37, 64]
[0, 14, 12, 18, 15, 56]
[2, 10, 14, 14, 2, 58]
[4, 8, 22, 12, 24, 80]
[1, 5, 7, 17, 21, 95]
[4, 8, 16, 20, 34, 44]
[4, 16, 7, 16, 44, 85]
[0, 6, 18, 22, 40, 54]
[1, 7, 13, 27, 1, 67]
[1, 11, 16, 11, 11, 56]
[3, 15, 12, 23, 33, 60]
[0, 10, 15, 14, 30, 103]
[2, 10, 17, 22, 2, 67]
[2, 14, 5, 14, 22, 59]
[2, 6, 2, 26, 37, 60]
[3, 7, 18, 15, 33, 52]
[1, 7, 7, 23, 11, 79]
[0, 10, 9, 14, 10, 55]
[3, 3, 18, 15, 43, 84]
[4, 10, 10, 14, 14, 94]
[4, 16, 10, 32, 19, 28]
[0, 8, 18, 32, 25, 44]
[3, 11, 6, 19, 23, 44]
[4, 6, 13, 22, 14, 63]
[0, 12, 18, 20, 20, 84]
[0, 14, 24, 22, 10, 74]
[2, 8, 20, 28, 2, 80]
[4, 12, 19, 24, 4, 93]
[1, 11, 19, 31, 31, 71]
[2, 4, 8, 12, 32, 52]
[2, 12, 14, 12, 32, 72]
[1, 7, 7, 19, 21, 79]
[0, 10, 24, 22, 40, 70]
[3, 11, 6, 23, 13, 56]
[2, 6, 20, 14, 2, 42]
[2, 12, 14, 32, 7, 72]
[4, 10, 13, 14, 44, 31]
[4, 12, 4, 24, 19, 72]
[0, 12, 24, 24, 25, 72]
[3, 11, 9, 23, 3, 83]
[4, 4, 13, 24, 14, 61]
[1, 11, 13, 19, 1, 47]
[2, 14, 8, 14, 12, 74]
[4, 10, 7, 14, 14, 79]
[1, 11, 7, 23, 31, 71]
[2, 14, 14, 26, 27, 68]
[4, 12, 16, 12, 24, 96]
[1, 11, 10, 31, 21, 68]
[2, 8, 20, 28, 32, 80]
[1, 13, 7, 21, 31, 61]
[2, 6, 11, 22, 12, 87]
[1, 7, 4, 27, 21, 100]
[3, 11, 12, 23, 23, 68]
[3, 11, 21, 19, 43, 35]
[2, 6, 26, 22, 12, 42]
[2, 8, 2, 28, 22, 44]
[1, 7, 16, 11, 41, 52]
[1, 15, 7, 23, 41, 51]
[0, 10, 21, 14, 30, 79]
[3, 11, 3, 27, 13, 35]
[2, 2, 8, 14, 22, 110]
[3, 9, 15, 21, 23, 69]
[2, 12, 2, 28, 32, 24]
[3, 11, 15, 19, 3, 95]
[1, 11, 22, 19, 31, 56]
[1, 7, 13, 19, 1, 43]
[0, 14, 12, 30, 40, 62]
[1, 9, 13, 17, 31, 75]
[3, 13, 3, 25, 23, 43]
[3, 15, 18, 23, 23, 48]
[3, 11, 9, 27, 23, 59]
[4, 10, 22, 18, 19, 76]
[1, 11, 25, 11, 31, 35]
[1, 3, 13, 19, 11, 99]
[4, 8, 16, 16, 29, 56]
[3, 3, 9, 19, 33, 39]
[2, 14, 5, 30, 42, 35]
[3, 13, 3, 13, 23, 61]
[4, 14, 10, 30, 14, 74]
[0, 8, 12, 28, 20, 68]
[1, 7, 16, 27, 1, 52]
[1, 9, 19, 13, 31, 45]
[3, 9, 15, 29, 33, 69]
[4, 6, 16, 30, 44, 30]
[4, 12, 10, 24, 29, 60]
[0, 6, 9, 30, 0, 51]
[2, 12, 5, 16, 2, 45]
[1, 3, 13, 23, 1, 111]
[2, 6, 11, 14, 42, 51]
[0, 10, 0, 18, 25, 40]
[0, 12, 21, 32, 30, 69]
[3, 13, 9, 21, 23, 73]
[1, 11, 19, 23, 31, 71]
[1, 11, 7, 23, 11, 47]
[4, 6, 19, 14, 24, 75]
[3, 5, 27, 13, 23, 77]
[4, 8, 13, 24, 24, 53]
[3, 11, 6, 15, 13, 56]
[2, 16, 11, 24, 32, 61]
[2, 12, 14, 24, 7, 72]
[2, 10, 23, 22, 12, 43]
[2, 10, 14, 30, 12, 82]
[3, 9, 21, 29, 13, 93]
[3, 11, 9, 19, 33, 47]
[3, 3, 15, 15, 33, 75]
[1, 7, 16, 27, 31, 88]
[3, 7, 12, 23, 23, 64]
[3, 13, 21, 29, 13, 49]
[1, 11, 10, 23, 21, 68]
[4, 6, 13, 30, 34, 27]
[4, 8, 10, 12, 4, 80]
[3, 11, 12, 15, 23, 68]
[1, 5, 19, 17, 21, 23]
[1, 3, 19, 23, 1, 51]
[1, 5, 7, 21, 1, 89]
[1, 13, 19, 17, 21, 79]
[4, 14, 10, 26, 19, 80]
[4, 10, 16, 26, 29, 52]
[0, 12, 24, 12, 10, 72]
[1, 11, 16, 23, 21, 68]
[2, 8, 11, 24, 22, 77]
[2, 10, 14, 30, 42, 82]
[2, 10, 14, 22, 12, 70]
[4, 12, 16, 16, 39, 48]
[3, 13, 15, 25, 23, 67]
[3, 7, 18, 23, 13, 100]
[4, 8, 16, 28, 34, 44]
[1, 11, 22, 11, 31, 56]
[2, 10, 8, 30, 32, 70]
[3, 15, 15, 31, 13, 51]
[0, 12, 18, 24, 25, 84]
[3, 11, 12, 19, 43, 44]
[1, 11, 19, 23, 11, 47]
[3, 15, 12, 15, 33, 84]
[1, 7, 13, 19, 11, 55]
[4, 6, 16, 26, 39, 36]
[3, 15, 21, 19, 13, 51]
[2, 10, 17, 14, 12, 55]
[4, 10, 13, 30, 14, 79]
[2, 12, 14, 16, 37, 72]
[0, 10, 15, 30, 20, 55]
[2, 8, 8, 12, 42, 32]
[3, 15, 12, 31, 33, 36]
[1, 7, 16, 27, 11, 64]
[3, 3, 21, 15, 43, 99]
[3, 11, 12, 19, 3, 92]
[3, 15, 15, 27, 23, 51]
[3, 11, 12, 23, 33, 56]
[2, 6, 5, 30, 32, 99]
[3, 5, 15, 25, 43, 83]
[0, 6, 15, 14, 30, 51]
[2, 6, 8, 26, 37, 96]
[1, 13, 7, 13, 11, 49]
[4, 16, 10, 16, 39, 76]
[3, 7, 21, 19, 13, 91]
[2, 10, 20, 18, 27, 52]
[0, 6, 6, 18, 5, 60]
[1, 11, 16, 23, 1, 44]
[1, 7, 19, 15, 31, 31]
[0, 8, 15, 32, 20, 53]
[2, 8, 11, 16, 22, 53]
[2, 10, 11, 30, 12, 79]
[3, 11, 9, 15, 13, 71]
[0, 10, 12, 22, 20, 70]
[4, 10, 16, 22, 14, 94]
[3, 9, 15, 13, 3, 81]
[3, 3, 15, 11, 23, 63]
[1, 11, 10, 23, 31, 80]
[2, 8, 20, 20, 2, 56]
[0, 12, 12, 16, 15, 72]
[0, 10, 6, 22, 10, 34]
[1, 13, 19, 21, 41, 97]
[0, 8, 9, 16, 30, 101]
[0, 10, 18, 22, 30, 82]
[4, 6, 22, 22, 34, 78]
[0, 10, 15, 22, 30, 91]
[1, 7, 16, 23, 1, 40]
[3, 9, 15, 13, 33, 45]
[2, 10, 11, 30, 42, 79]
[3, 11, 15, 27, 23, 71]
[0, 12, 27, 16, 30, 93]
[2, 4, 14, 16, 27, 88]
[1, 9, 13, 21, 31, 81]
[2, 8, 23, 32, 2, 77]
[4, 10, 10, 18, 19, 76]
[0, 10, 9, 22, 10, 43]
[0, 6, 12, 22, 20, 66]
[1, 15, 16, 19, 11, 72]
[1, 5, 19, 29, 1, 53]
[0, 6, 15, 30, 20, 51]
[3, 5, 21, 21, 43, 89]
[2, 12, 14, 28, 12, 72]
[4, 8, 16, 20, 24, 68]
[1, 7, 16, 19, 11, 40]
[3, 9, 15, 25, 3, 99]
[2, 10, 5, 22, 22, 43]
[3, 11, 15, 11, 43, 47]
[3, 11, 12, 15, 33, 56]
[4, 14, 10, 18, 29, 92]
[0, 10, 24, 30, 40, 58]
[0, 10, 6, 18, 15, 52]
[2, 10, 26, 26, 27, 28]
[3, 11, 3, 19, 13, 35]
[2, 4, 11, 16, 12, 85]
[0, 12, 24, 16, 15, 72]
[2, 10, 14, 18, 27, 64]
[0, 8, 18, 12, 20, 32]
[2, 8, 17, 32, 22, 101]
[0, 12, 12, 20, 30, 96]
[1, 11, 22, 23, 41, 68]
[0, 14, 12, 22, 40, 98]
[0, 8, 12, 20, 20, 68]
[0, 12, 18, 16, 5, 60]
[1, 7, 19, 15, 41, 43]
[4, 14, 10, 22, 14, 110]
[4, 10, 7, 14, 4, 103]
[4, 14, 10, 14, 34, 98]
[3, 13, 3, 21, 13, 61]
[3, 5, 9, 29, 23, 77]
[4, 12, 10, 20, 34, 60]
[2, 10, 14, 14, 22, 58]
[4, 14, 16, 14, 34, 62]
[0, 4, 12, 20, 20, 64]
[3, 11, 9, 11, 33, 47]
[2, 10, 17, 22, 22, 67]
[2, 10, 20, 30, 2, 70]
[0, 8, 12, 12, 20, 68]
[2, 8, 17, 16, 12, 53]
[2, 8, 8, 16, 7, 44]
[2, 6, 8, 22, 12, 78]
[2, 10, 8, 18, 7, 52]
[2, 12, 20, 16, 17, 60]
[3, 13, 21, 13, 33, 49]
[3, 13, 9, 17, 23, 79]
[0, 12, 18, 28, 30, 84]
[0, 8, 12, 24, 15, 56]
[3, 11, 15, 23, 33, 59]
[0, 14, 6, 18, 35, 44]
[3, 11, 21, 27, 13, 71]
[1, 11, 16, 15, 21, 68]
[0, 14, 27, 14, 0, 83]
[1, 11, 22, 23, 21, 44]
[3, 7, 21, 27, 23, 103]
[4, 10, 19, 22, 34, 43]
[3, 15, 15, 19, 23, 75]
[1, 7, 16, 19, 21, 52]
[2, 8, 2, 24, 27, 32]
[2, 10, 20, 30, 32, 70]
[2, 4, 26, 24, 27, 88]
[2, 6, 8, 22, 42, 78]
[2, 8, 8, 16, 37, 44]
[2, 10, 8, 18, 37, 52]
[4, 12, 22, 16, 29, 36]
[1, 15, 13, 23, 21, 63]
[2, 8, 14, 20, 12, 68]
[1, 15, 28, 15, 11, 60]
[1, 13, 19, 13, 21, 85]
[4, 8, 13, 24, 14, 77]
[3, 7, 12, 31, 43, 64]
[2, 6, 11, 22, 32, 87]
[3, 5, 15, 17, 23, 71]
[1, 15, 16, 31, 21, 48]
[2, 12, 11, 24, 22, 69]
[3, 9, 15, 17, 3, 87]
[3, 15, 18, 31, 3, 48]
[2, 8, 8, 20, 2, 56]
[2, 6, 14, 14, 22, 54]
[1, 11, 22, 15, 21, 44]
[2, 8, 14, 20, 42, 68]
[0, 10, 18, 18, 25, 76]
[3, 11, 18, 31, 23, 68]
[0, 4, 15, 24, 20, 37]
[1, 9, 13, 29, 1, 57]
[2, 14, 20, 26, 17, 56]
[3, 9, 15, 17, 33, 51]
[3, 7, 15, 27, 23, 91]
[1, 9, 13, 25, 31, 87]
[4, 14, 4, 30, 24, 62]
[2, 4, 8, 20, 32, 100]
[0, 12, 12, 24, 15, 48]
[1, 13, 13, 17, 31, 91]
[2, 6, 2, 30, 32, 78]
[2, 8, 8, 20, 32, 56]
[0, 16, 18, 20, 10, 64]
[1, 7, 7, 15, 31, 79]
[3, 7, 9, 31, 43, 43]
[0, 8, 15, 24, 20, 53]
[0, 8, 6, 12, 30, 104]
[0, 6, 18, 22, 30, 30]
[3, 7, 12, 27, 33, 64]
[1, 7, 1, 19, 21, 67]
[1, 13, 7, 21, 11, 37]
[1, 9, 7, 17, 11, 51]
[1, 9, 13, 29, 31, 93]
[2, 12, 5, 16, 22, 45]
[3, 3, 9, 23, 43, 51]
[0, 6, 12, 30, 20, 78]
[0, 10, 0, 22, 40, 70]
[3, 5, 21, 13, 13, 89]
[1, 15, 13, 15, 11, 75]
[2, 10, 23, 30, 12, 55]
[0, 12, 18, 20, 10, 60]
[2, 16, 20, 28, 2, 40]
[2, 10, 23, 22, 32, 43]
[1, 7, 13, 23, 31, 91]
[3, 3, 12, 23, 33, 96]
[4, 6, 13, 14, 24, 27]
[4, 8, 13, 16, 14, 77]
[1, 7, 1, 15, 31, 67]
[3, 13, 21, 25, 23, 43]
[4, 8, 28, 20, 24, 68]
[1, 13, 13, 29, 11, 49]
[1, 13, 13, 17, 11, 67]
[3, 11, 18, 27, 43, 44]
[3, 15, 12, 23, 13, 84]
[2, 8, 11, 24, 42, 77]
[3, 3, 15, 19, 43, 87]
[4, 4, 16, 24, 29, 64]
[3, 13, 21, 13, 43, 37]
[0, 12, 12, 24, 35, 96]
[1, 7, 13, 19, 41, 91]
[1, 13, 19, 29, 21, 61]
[1, 15, 16, 31, 31, 60]
[1, 15, 19, 27, 11, 51]
[2, 10, 14, 26, 27, 76]
[2, 12, 2, 16, 7, 24]
[2, 12, 20, 28, 2, 60]
[1, 7, 19, 27, 1, 31]
[3, 5, 9, 21, 33, 29]
[3, 13, 15, 21, 33, 61]
[0, 10, 21, 14, 20, 55]
[0, 10, 6, 30, 30, 70]
[4, 14, 4, 22, 24, 98]
[1, 11, 13, 23, 21, 71]
[2, 12, 17, 24, 12, 69]
[2, 12, 8, 24, 7, 60]
[4, 14, 13, 30, 14, 59]
[2, 12, 20, 28, 32, 60]
[2, 10, 20, 14, 32, 46]
[2, 10, 20, 18, 17, 52]
[2, 8, 20, 16, 27, 44]
[3, 7, 21, 23, 33, 79]
[2, 10, 17, 14, 32, 55]
[0, 12, 12, 12, 0, 48]
[1, 5, 13, 17, 31, 83]
[1, 7, 7, 15, 41, 91]
[1, 7, 22, 31, 31, 52]
[4, 16, 13, 24, 4, 85]
[2, 14, 14, 30, 2, 62]
[0, 10, 24, 14, 40, 82]
[0, 12, 18, 20, 30, 108]
[3, 7, 27, 23, 23, 79]
[1, 11, 19, 27, 21, 59]
[4, 12, 19, 24, 24, 45]
[2, 12, 8, 24, 37, 60]
[3, 7, 24, 23, 23, 88]
[3, 11, 21, 19, 23, 59]
[3, 7, 15, 15, 13, 67]
[0, 6, 6, 26, 5, 72]
[1, 11, 4, 23, 41, 68]
[0, 12, 15, 16, 0, 45]
[4, 8, 28, 12, 24, 68]
[0, 6, 12, 30, 0, 30]
[2, 8, 11, 16, 42, 53]
[3, 9, 15, 21, 3, 93]
[3, 7, 12, 27, 13, 88]
[2, 8, 14, 24, 7, 80]
[1, 9, 19, 29, 21, 57]
[4, 16, 16, 16, 19, 64]
[0, 12, 12, 28, 20, 48]
[0, 14, 21, 30, 20, 59]
[2, 8, 20, 20, 22, 56]
[3, 13, 3, 17, 13, 67]
[1, 11, 16, 27, 11, 56]
[3, 9, 9, 13, 13, 45]
[3, 9, 15, 21, 33, 57]
[1, 11, 7, 19, 1, 35]
[1, 7, 7, 11, 31, 67]
[2, 14, 8, 26, 27, 56]
[2, 12, 14, 28, 2, 72]
[4, 4, 10, 24, 9, 28]
[2, 4, 8, 12, 42, 52]
[1, 5, 13, 17, 11, 59]
[3, 7, 24, 19, 13, 88]
[4, 12, 10, 16, 29, 84]
[2, 8, 14, 24, 37, 80]
[1, 11, 10, 27, 41, 92]
[2, 14, 20, 14, 32, 74]
[3, 13, 9, 21, 3, 97]
[3, 15, 18, 19, 13, 72]
[4, 10, 4, 22, 4, 70]
[4, 14, 4, 18, 39, 80]
[3, 7, 9, 15, 13, 31]
[3, 13, 9, 13, 23, 85]
[4, 14, 13, 22, 14, 95]
[3, 7, 18, 27, 33, 88]
[0, 12, 9, 16, 20, 69]
[2, 10, 5, 30, 22, 55]
[4, 10, 19, 30, 34, 31]
[2, 12, 14, 28, 32, 72]
[2, 16, 11, 16, 22, 85]
[1, 11, 13, 15, 1, 47]
[1, 9, 7, 21, 11, 57]
[4, 10, 10, 22, 14, 82]
[2, 4, 11, 16, 32, 85]
[3, 11, 18, 23, 23, 68]
[3, 11, 15, 31, 13, 83]
[0, 10, 12, 26, 15, 52]
[2, 14, 14, 22, 22, 74]
[1, 15, 10, 15, 11, 60]
[2, 6, 11, 14, 22, 51]
[4, 12, 19, 32, 14, 45]
[4, 4, 16, 28, 34, 64]
[2, 4, 17, 16, 32, 85]
[1, 15, 13, 31, 41, 63]
[4, 8, 22, 20, 24, 80]
[0, 10, 18, 26, 25, 64]
[2, 6, 14, 22, 12, 90]
[4, 10, 7, 22, 14, 67]
[1, 11, 4, 15, 21, 44]
[0, 10, 27, 14, 40, 55]
[1, 11, 13, 11, 31, 83]
[0, 16, 12, 16, 25, 64]
[2, 12, 8, 28, 12, 60]
[0, 10, 12, 22, 10, 46]
[3, 9, 21, 25, 43, 51]
[2, 4, 26, 20, 12, 64]
[1, 15, 19, 19, 11, 75]
[0, 12, 6, 20, 20, 36]
[1, 11, 13, 31, 31, 83]
[2, 6, 14, 22, 42, 90]
[2, 10, 17, 30, 22, 79]
[0, 8, 9, 16, 20, 77]
[1, 3, 19, 19, 21, 51]
[0, 10, 15, 22, 20, 67]
[0, 14, 18, 14, 10, 98]
[2, 12, 2, 20, 12, 24]
[4, 6, 10, 26, 9, 48]
[3, 9, 21, 25, 3, 99]
[4, 6, 25, 14, 34, 75]
[3, 11, 9, 11, 3, 83]
[0, 16, 12, 20, 40, 76]
[2, 6, 8, 22, 32, 78]
[3, 3, 9, 31, 33, 111]
[3, 7, 12, 15, 3, 64]
[0, 14, 9, 14, 10, 35]
[4, 14, 16, 22, 14, 74]
[1, 3, 22, 23, 11, 24]
[1, 15, 13, 31, 21, 39]
[2, 12, 5, 32, 32, 45]
[2, 14, 23, 14, 42, 59]
[4, 16, 16, 20, 24, 28]
[1, 7, 10, 19, 11, 64]
[3, 7, 12, 15, 33, 28]
[2, 12, 14, 16, 17, 72]
[1, 9, 7, 25, 31, 87]
[4, 16, 4, 20, 44, 76]
[4, 10, 16, 14, 14, 106]
[3, 9, 9, 13, 23, 33]
[3, 11, 6, 11, 3, 68]
[2, 12, 23, 32, 12, 45]
[3, 13, 21, 21, 23, 49]
[1, 13, 13, 25, 11, 55]
[3, 11, 15, 27, 3, 95]
[1, 13, 13, 13, 11, 73]
[2, 14, 8, 18, 7, 68]
[2, 4, 8, 20, 22, 100]
[4, 8, 19, 32, 34, 53]
[4, 14, 7, 14, 44, 83]
[2, 14, 2, 14, 22, 38]
[1, 7, 13, 11, 31, 55]
[3, 7, 18, 15, 23, 64]
[3, 11, 12, 11, 13, 80]
[2, 6, 23, 30, 22, 99]
[1, 3, 16, 23, 1, 84]
[1, 13, 19, 25, 21, 67]
[0, 6, 12, 18, 15, 48]
[3, 9, 9, 17, 13, 51]
[0, 12, 6, 20, 40, 84]
[1, 9, 7, 17, 31, 75]
[2, 6, 14, 14, 42, 54]
[3, 13, 15, 17, 33, 67]
[0, 14, 12, 22, 30, 74]
[0, 14, 15, 30, 20, 35]
[3, 11, 15, 27, 33, 59]
[2, 12, 17, 32, 2, 69]
[4, 14, 13, 14, 34, 83]
[1, 11, 7, 11, 11, 47]
[2, 8, 20, 24, 17, 68]
[2, 12, 14, 32, 37, 72]
[3, 11, 21, 11, 23, 59]
[2, 8, 11, 32, 22, 101]
[1, 7, 16, 15, 31, 52]
[2, 6, 26, 30, 12, 78]
[3, 11, 24, 19, 13, 56]
[2, 4, 20, 12, 12, 52]
[4, 12, 13, 24, 14, 93]
[2, 10, 23, 30, 2, 55]
[1, 11, 7, 27, 41, 83]
[1, 11, 10, 11, 21, 68]
[1, 7, 13, 31, 11, 91]
[2, 12, 8, 32, 27, 60]
[2, 12, 17, 32, 32, 69]
[3, 11, 18, 11, 43, 44]
[0, 8, 18, 16, 35, 68]
[2, 12, 5, 24, 32, 45]
[1, 13, 25, 21, 31, 61]
[3, 7, 18, 11, 13, 64]
[3, 9, 21, 13, 23, 57]
[3, 5, 9, 29, 43, 53]
[0, 8, 18, 28, 30, 56]
[0, 14, 21, 22, 20, 95]
[4, 6, 13, 22, 24, 39]
[2, 10, 11, 22, 22, 67]
[3, 11, 6, 27, 13, 56]
[4, 6, 10, 18, 9, 36]
[1, 15, 19, 31, 21, 51]
[1, 13, 25, 13, 21, 61]
[3, 11, 24, 23, 33, 32]
[1, 11, 13, 23, 41, 95]
[1, 9, 7, 29, 11, 69]
[1, 11, 25, 15, 41, 47]
[3, 7, 15, 23, 43, 55]
[3, 13, 3, 13, 13, 73]
[0, 6, 18, 26, 35, 48]
[4, 10, 22, 26, 19, 64]
[2, 14, 17, 22, 32, 71]
[4, 8, 16, 24, 39, 32]
[3, 11, 12, 27, 43, 44]
[4, 4, 13, 24, 24, 37]
[2, 12, 17, 24, 2, 69]
[4, 10, 7, 14, 24, 55]
[4, 12, 16, 12, 34, 72]
[2, 12, 2, 24, 17, 24]
[2, 12, 20, 28, 22, 60]
[1, 9, 13, 17, 11, 51]
[2, 12, 14, 24, 37, 72]
[1, 13, 19, 25, 31, 79]
[4, 10, 4, 30, 4, 58]
[1, 5, 19, 25, 21, 59]
[3, 11, 15, 23, 13, 83]
[1, 3, 16, 19, 11, 72]
[2, 12, 17, 24, 32, 69]
[2, 12, 8, 24, 27, 60]
[4, 10, 10, 30, 14, 70]
[2, 14, 20, 22, 12, 62]
[2, 8, 8, 32, 27, 92]
[2, 12, 20, 24, 7, 60]
[2, 6, 26, 26, 27, 60]
[0, 8, 9, 32, 0, 29]
[4, 8, 25, 24, 24, 77]
[3, 3, 6, 27, 23, 60]
[0, 8, 12, 24, 25, 80]
[2, 14, 14, 30, 22, 62]
[0, 8, 18, 20, 30, 56]
[4, 14, 7, 30, 24, 59]
[3, 7, 12, 31, 23, 88]
[2, 12, 8, 20, 12, 60]
[3, 15, 12, 19, 23, 84]
[4, 12, 22, 20, 24, 36]
[2, 4, 14, 20, 12, 112]
[1, 11, 4, 19, 31, 56]
[3, 9, 9, 17, 23, 39]
[0, 8, 6, 24, 15, 68]
[3, 11, 18, 31, 3, 92]
[3, 15, 15, 31, 3, 63]
[4, 8, 13, 24, 34, 29]
[2, 16, 17, 24, 12, 61]
[0, 14, 3, 14, 40, 35]
[3, 7, 9, 23, 13, 55]
[1, 11, 10, 31, 11, 56]
[2, 12, 20, 16, 27, 60]
[2, 8, 14, 24, 27, 80]
[4, 8, 22, 16, 19, 92]
[2, 14, 26, 14, 22, 38]
[1, 9, 7, 21, 31, 81]
[3, 9, 9, 21, 13, 57]
[2, 8, 20, 20, 42, 56]
[2, 14, 8, 30, 42, 50]
[1, 11, 19, 19, 41, 83]
[4, 14, 10, 26, 29, 56]
[2, 2, 20, 14, 32, 110]
[2, 16, 8, 24, 37, 52]
[2, 4, 2, 24, 27, 88]
[3, 11, 15, 15, 13, 83]
[4, 10, 16, 26, 39, 28]
[3, 11, 15, 19, 43, 47]
[3, 7, 18, 11, 23, 52]
[3, 15, 3, 15, 33, 75]
[2, 8, 23, 24, 22, 53]
[3, 3, 12, 19, 33, 72]
[1, 9, 13, 17, 21, 63]
[3, 7, 3, 31, 3, 31]
[1, 3, 13, 19, 1, 87]
[1, 15, 7, 19, 31, 51]
[0, 10, 24, 18, 35, 64]
[2, 4, 20, 20, 22, 100]
[4, 10, 10, 30, 24, 46]
[3, 11, 3, 11, 3, 47]
[3, 11, 27, 23, 13, 35]
[1, 11, 4, 19, 11, 32]
[1, 3, 22, 31, 1, 60]
[2, 10, 5, 30, 42, 55]
[0, 8, 12, 16, 25, 80]
[2, 10, 11, 14, 2, 55]
[3, 9, 21, 17, 23, 63]
[4, 10, 28, 14, 14, 58]
[2, 8, 17, 24, 12, 77]
[2, 12, 8, 12, 12, 60]
[2, 8, 8, 24, 7, 68]
[1, 7, 19, 23, 31, 55]
[4, 10, 13, 30, 24, 55]
[0, 8, 15, 16, 20, 53]
[2, 14, 11, 30, 22, 59]
[1, 7, 16, 31, 21, 88]
[3, 13, 21, 17, 23, 55]
[1, 13, 13, 21, 11, 61]
[1, 7, 22, 23, 31, 28]
[0, 14, 15, 22, 20, 71]
[1, 7, 4, 23, 11, 76]
[3, 5, 15, 21, 23, 89]
[4, 12, 16, 24, 19, 72]
[4, 8, 13, 16, 34, 29]
[3, 7, 15, 19, 3, 91]
[2, 6, 23, 22, 12, 63]
[2, 10, 11, 14, 32, 55]
[3, 5, 9, 21, 13, 53]
[3, 15, 21, 23, 13, 39]
[3, 13, 15, 25, 33, 55]
[1, 11, 10, 23, 11, 56]
[1, 13, 19, 21, 21, 73]
[1, 15, 7, 15, 21, 51]
[3, 5, 21, 21, 33, 101]
[0, 10, 9, 30, 10, 31]
[3, 13, 15, 13, 33, 73]
[1, 9, 19, 17, 31, 51]
[0, 10, 6, 22, 30, 82]
[1, 13, 1, 21, 41, 25]
[1, 15, 22, 23, 21, 72]
[3, 11, 15, 11, 33, 59]
[1, 9, 13, 21, 11, 57]
[4, 10, 16, 22, 24, 70]
[3, 7, 12, 19, 13, 64]
[1, 7, 10, 19, 31, 88]
[0, 4, 18, 32, 35, 52]
[2, 16, 14, 28, 22, 52]
[1, 11, 25, 27, 31, 35]
[2, 14, 23, 14, 32, 59]
[1, 3, 22, 27, 21, 60]
[1, 11, 13, 15, 41, 95]
[1, 15, 4, 19, 41, 36]
[1, 13, 25, 17, 31, 67]
[0, 6, 3, 22, 0, 63]
[0, 12, 6, 16, 25, 60]
[1, 7, 10, 15, 41, 88]
[2, 8, 14, 12, 2, 44]
[4, 8, 13, 32, 14, 77]
[1, 11, 1, 23, 31, 35]
[0, 12, 9, 16, 10, 45]
[3, 7, 9, 19, 13, 43]
[2, 10, 20, 14, 12, 46]
[2, 4, 8, 16, 37, 76]
[2, 4, 14, 12, 22, 64]
[2, 12, 20, 20, 32, 60]
[1, 11, 13, 11, 11, 59]
[2, 6, 20, 26, 27, 96]
[0, 10, 18, 30, 20, 46]
[2, 16, 20, 20, 12, 64]
[4, 12, 22, 12, 24, 60]
[1, 9, 19, 17, 11, 27]
[2, 8, 17, 16, 42, 53]
[2, 10, 8, 26, 27, 64]
[2, 16, 14, 32, 17, 40]
[4, 12, 7, 24, 14, 93]
[1, 7, 22, 23, 41, 40]
[2, 14, 8, 18, 27, 68]
[3, 9, 15, 13, 43, 33]
[0, 6, 12, 26, 15, 60]
[3, 5, 9, 25, 33, 47]
[0, 16, 9, 16, 30, 37]
[2, 6, 26, 30, 2, 78]
[2, 8, 8, 12, 22, 32]
[2, 12, 23, 16, 32, 45]
[4, 10, 19, 14, 14, 103]
[0, 10, 0, 14, 40, 82]
[0, 10, 12, 18, 15, 64]
[4, 8, 25, 16, 24, 77]
[1, 13, 19, 21, 31, 85]
[4, 12, 4, 16, 19, 96]
[4, 12, 25, 16, 14, 45]
[3, 15, 18, 15, 33, 60]
[1, 7, 10, 23, 31, 100]
[4, 8, 7, 32, 4, 53]
[2, 12, 2, 32, 37, 24]
[2, 14, 20, 30, 12, 50]
[3, 3, 6, 31, 33, 72]
[4, 10, 25, 14, 4, 103]
[4, 14, 10, 22, 24, 86]
[2, 14, 17, 30, 12, 59]
[2, 10, 8, 22, 22, 58]
[1, 11, 25, 19, 31, 35]
[3, 7, 27, 15, 3, 79]
[4, 14, 10, 14, 44, 74]
[2, 12, 17, 16, 22, 69]
[2, 12, 8, 16, 17, 60]
[4, 8, 19, 16, 14, 101]
[3, 11, 18, 23, 3, 92]
[4, 14, 16, 26, 19, 44]
[0, 12, 15, 32, 30, 69]
[4, 14, 16, 14, 44, 38]
[1, 11, 7, 15, 21, 59]
[4, 8, 16, 32, 39, 32]
[3, 9, 21, 21, 23, 69]
[3, 9, 15, 25, 43, 51]
[0, 14, 18, 14, 0, 74]
[2, 14, 14, 14, 22, 86]
[1, 13, 7, 17, 31, 67]
[3, 7, 21, 15, 3, 91]
[2, 8, 14, 28, 12, 92]
[4, 8, 13, 32, 24, 53]
[0, 8, 3, 24, 10, 53]
[2, 6, 5, 22, 22, 63]
[2, 12, 20, 12, 32, 60]
[4, 8, 22, 12, 14, 104]
[2, 10, 11, 30, 22, 79]
[1, 11, 13, 27, 21, 71]
[1, 11, 10, 15, 31, 80]
[4, 14, 19, 22, 4, 71]
[1, 11, 1, 23, 41, 47]
[3, 7, 12, 19, 23, 52]
[3, 9, 21, 25, 23, 75]
[4, 14, 16, 18, 29, 56]
[2, 8, 14, 28, 42, 92]
[0, 10, 12, 18, 35, 112]
[4, 12, 7, 24, 24, 69]
[1, 9, 19, 21, 31, 57]
[3, 11, 9, 31, 23, 59]
[2, 4, 17, 16, 12, 85]
[4, 8, 7, 24, 4, 53]
[1, 9, 13, 25, 11, 63]
[1, 5, 13, 21, 11, 77]
[2, 8, 8, 28, 32, 80]
[3, 9, 27, 21, 3, 69]
[3, 11, 18, 15, 43, 44]
[3, 11, 12, 27, 13, 80]
[3, 15, 15, 23, 23, 63]
[1, 7, 7, 23, 31, 103]
[2, 6, 8, 18, 27, 60]
[2, 16, 11, 32, 32, 37]
[0, 10, 24, 26, 35, 52]
[3, 15, 6, 19, 23, 84]
[1, 11, 19, 15, 21, 59]
[1, 7, 10, 11, 41, 76]
[1, 11, 16, 19, 41, 92]
[1, 5, 19, 21, 31, 53]
[1, 15, 10, 31, 41, 48]
[2, 8, 26, 28, 22, 44]
[4, 6, 16, 14, 24, 54]
[2, 14, 20, 22, 32, 62]
[3, 7, 12, 15, 13, 52]
[2, 12, 20, 24, 27, 60]
[2, 6, 20, 22, 2, 78]
[1, 11, 10, 15, 11, 56]
[4, 12, 16, 20, 24, 72]
[2, 6, 17, 22, 22, 87]
[2, 8, 5, 24, 2, 53]
[2, 12, 14, 20, 42, 72]
[1, 9, 7, 13, 21, 57]
[2, 16, 5, 16, 32, 61]
[2, 10, 17, 30, 2, 79]
[4, 14, 16, 22, 34, 26]
[0, 14, 9, 14, 20, 59]
[3, 7, 6, 23, 13, 28]
[0, 14, 18, 30, 20, 50]
[3, 11, 12, 31, 33, 56]
[2, 14, 14, 30, 42, 62]
[1, 13, 7, 29, 41, 61]
[1, 11, 16, 15, 11, 56]
[4, 8, 10, 32, 9, 68]
[2, 12, 8, 20, 32, 60]
[1, 7, 1, 23, 31, 91]
[2, 14, 11, 14, 22, 83]
[3, 7, 18, 15, 3, 88]
[0, 12, 6, 24, 25, 36]
[1, 9, 19, 21, 11, 33]
[2, 4, 14, 20, 32, 112]
[2, 6, 23, 14, 2, 27]
[4, 10, 22, 18, 9, 100]
[2, 6, 20, 22, 32, 78]
[2, 8, 20, 12, 12, 32]
[4, 6, 19, 22, 34, 63]
[2, 8, 5, 24, 32, 53]
[4, 10, 4, 14, 4, 82]
[3, 13, 15, 17, 13, 91]
[2, 4, 20, 16, 7, 76]
[0, 8, 18, 28, 20, 32]
[1, 3, 10, 11, 11, 72]
[1, 11, 13, 27, 31, 83]
[0, 12, 24, 20, 30, 96]
[0, 14, 21, 22, 10, 71]
[0, 16, 15, 16, 20, 85]
[1, 15, 13, 19, 31, 87]
[4, 10, 22, 22, 34, 34]
[3, 11, 9, 23, 13, 71]
[3, 9, 15, 17, 43, 39]
[3, 11, 24, 15, 23, 44]
[1, 15, 10, 27, 31, 48]
[0, 4, 18, 28, 40, 52]
[4, 10, 16, 30, 24, 58]
[4, 12, 16, 24, 9, 96]
[1, 7, 10, 11, 21, 52]
[3, 7, 21, 23, 23, 91]
[2, 10, 8, 14, 2, 46]
[1, 5, 19, 21, 11, 29]
[0, 12, 15, 24, 10, 45]
[4, 12, 7, 32, 14, 69]
[0, 10, 27, 22, 40, 43]
[0, 14, 24, 26, 15, 68]
[4, 10, 13, 14, 14, 103]
[3, 11, 18, 11, 23, 68]
[1, 11, 16, 11, 41, 92]
[3, 7, 12, 27, 43, 52]
[1, 7, 19, 31, 11, 55]
[2, 8, 23, 24, 42, 53]
[2, 6, 2, 26, 27, 60]
[2, 6, 8, 14, 42, 42]
[2, 10, 20, 26, 27, 64]
[3, 11, 9, 27, 33, 47]
[2, 10, 8, 14, 32, 46]
[2, 14, 20, 18, 27, 68]
[2, 14, 23, 22, 12, 47]
[2, 12, 11, 24, 2, 69]
[4, 12, 22, 28, 4, 60]
[3, 9, 15, 29, 43, 57]
[3, 7, 15, 23, 23, 79]
[1, 15, 13, 19, 11, 63]
[2, 8, 17, 24, 32, 77]
[2, 2, 5, 14, 22, 95]
[0, 14, 12, 14, 10, 62]
[2, 10, 2, 30, 32, 34]
[0, 12, 27, 24, 30, 69]
[0, 10, 18, 14, 20, 70]
[1, 11, 4, 23, 21, 44]
[3, 11, 21, 23, 33, 47]
[0, 14, 21, 14, 0, 83]
[0, 10, 15, 14, 20, 79]
[3, 7, 9, 27, 43, 31]
[3, 11, 12, 27, 23, 68]
[0, 8, 18, 20, 20, 32]
[3, 11, 6, 15, 23, 44]
[1, 11, 13, 19, 31, 83]
[4, 12, 4, 12, 24, 96]
[4, 14, 22, 14, 14, 50]
[2, 14, 14, 26, 17, 68]
[3, 9, 21, 29, 23, 81]
[2, 8, 20, 28, 22, 80]
[2, 6, 11, 22, 2, 87]
[2, 14, 17, 14, 32, 83]
[4, 10, 22, 22, 14, 82]
[3, 15, 6, 19, 33, 72]
[2, 6, 23, 22, 32, 63]
[1, 3, 16, 15, 11, 48]
[3, 7, 12, 23, 33, 52]
[2, 8, 2, 28, 12, 44]
[1, 9, 19, 25, 31, 63]
[1, 11, 7, 27, 11, 47]
[1, 3, 19, 27, 11, 87]
[2, 12, 8, 32, 37, 60]
[3, 9, 3, 25, 3, 27]
[3, 13, 15, 25, 3, 91]
[1, 13, 13, 29, 1, 37]
[4, 4, 10, 32, 9, 52]
[2, 16, 14, 28, 12, 52]
[2, 10, 2, 26, 27, 28]
[3, 3, 6, 23, 23, 36]
[3, 11, 9, 19, 3, 83]
[1, 3, 25, 31, 31, 51]
[1, 7, 13, 19, 31, 79]
[2, 4, 23, 16, 12, 61]
[1, 11, 10, 27, 21, 68]
[2, 12, 11, 16, 32, 69]
[0, 14, 18, 26, 25, 80]
[4, 10, 13, 14, 24, 79]
[0, 14, 18, 22, 30, 110]
[4, 12, 13, 16, 24, 93]
[1, 7, 4, 19, 21, 76]
[0, 12, 18, 12, 10, 84]
[2, 12, 20, 20, 22, 60]
[3, 11, 6, 19, 3, 68]
[1, 11, 22, 15, 31, 56]
[4, 4, 16, 12, 24, 40]
[4, 12, 13, 32, 24, 45]
[2, 8, 14, 12, 22, 44]
[3, 11, 9, 23, 23, 59]
[2, 10, 14, 26, 7, 76]
[3, 11, 12, 19, 13, 80]
[0, 14, 12, 30, 30, 38]
[3, 11, 21, 15, 33, 47]
[3, 11, 12, 23, 43, 44]
[3, 11, 15, 15, 33, 59]
[1, 11, 19, 27, 11, 47]
[3, 15, 15, 27, 33, 39]
[2, 12, 23, 16, 22, 45]
[0, 14, 12, 26, 35, 68]
[2, 10, 14, 22, 22, 70]
[1, 15, 16, 23, 31, 84]
[2, 4, 8, 16, 17, 76]
[3, 7, 21, 19, 23, 79]
[0, 10, 6, 26, 25, 64]
[0, 14, 24, 22, 20, 98]
[0, 8, 15, 16, 10, 29]
[0, 14, 15, 14, 10, 83]
[3, 9, 15, 21, 43, 45]
[4, 6, 16, 30, 24, 78]
[1, 11, 10, 27, 1, 44]
[1, 7, 22, 27, 31, 40]
[2, 10, 14, 26, 37, 76]
[3, 11, 12, 23, 3, 92]
[1, 15, 16, 27, 21, 60]
[4, 10, 16, 18, 39, 40]
[1, 5, 1, 13, 21, 77]
[1, 9, 19, 29, 11, 45]
[2, 12, 17, 16, 12, 69]
[3, 7, 24, 19, 23, 76]
[1, 15, 13, 15, 21, 87]
[4, 8, 22, 20, 34, 56]
[1, 5, 19, 29, 21, 77]
[1, 11, 13, 31, 11, 59]
[2, 8, 14, 16, 17, 56]
[1, 11, 10, 19, 21, 68]
[1, 11, 16, 27, 1, 44]
[0, 14, 9, 22, 40, 71]
[2, 10, 8, 30, 22, 70]
[2, 14, 5, 22, 22, 47]
[1, 15, 10, 19, 11, 48]
[0, 8, 18, 24, 35, 68]
[2, 8, 11, 16, 2, 53]
[3, 15, 18, 23, 3, 72]
[4, 12, 16, 28, 14, 72]
[1, 7, 13, 15, 21, 55]
[2, 10, 8, 22, 42, 58]
[3, 3, 12, 15, 23, 60]
[2, 10, 20, 22, 22, 58]
[2, 6, 17, 14, 12, 51]
[2, 12, 17, 16, 42, 69]
[3, 13, 21, 29, 3, 61]
[0, 8, 21, 16, 30, 29]
[0, 8, 6, 28, 20, 80]
[4, 14, 25, 14, 4, 35]
[1, 11, 25, 23, 41, 47]
[1, 13, 19, 29, 31, 73]
[2, 8, 11, 16, 32, 53]
[2, 8, 5, 32, 22, 77]
[1, 13, 7, 25, 41, 67]
[1, 7, 4, 19, 31, 88]
[4, 6, 10, 26, 19, 24]
[4, 12, 16, 16, 19, 96]
[2, 8, 14, 28, 32, 92]
[3, 11, 12, 15, 43, 44]
[1, 11, 19, 19, 11, 47]
[1, 11, 16, 31, 11, 56]
[1, 15, 16, 15, 21, 96]
[0, 12, 18, 24, 15, 60]
[1, 11, 16, 23, 31, 80]
[4, 8, 10, 24, 19, 44]
[0, 10, 3, 14, 30, 79]
[3, 7, 18, 23, 33, 76]
[4, 16, 19, 16, 4, 61]
[3, 11, 15, 11, 13, 83]
[3, 5, 15, 13, 3, 77]
[0, 10, 0, 18, 35, 64]
[1, 11, 10, 19, 1, 44]
[3, 11, 12, 15, 3, 92]
[1, 3, 22, 23, 21, 36]
[1, 7, 4, 15, 41, 88]
[3, 9, 3, 29, 3, 33]
[3, 11, 3, 23, 13, 35]
[2, 6, 14, 18, 7, 72]
[4, 10, 16, 14, 24, 82]
[4, 12, 4, 20, 24, 72]
[1, 9, 7, 13, 41, 81]
[2, 8, 8, 24, 17, 68]
[2, 10, 26, 30, 22, 34]
[2, 4, 14, 16, 17, 88]
[0, 6, 12, 26, 5, 36]
[2, 2, 26, 14, 22, 74]
[2, 4, 23, 24, 22, 109]
[3, 13, 3, 21, 23, 49]
[3, 5, 9, 29, 33, 65]
[0, 10, 0, 14, 30, 58]
[2, 6, 14, 18, 37, 72]
[1, 11, 13, 31, 21, 71]
[1, 15, 19, 15, 21, 99]
[0, 8, 15, 32, 10, 29]
[4, 12, 16, 28, 24, 48]
[4, 8, 10, 28, 14, 56]
[0, 8, 6, 20, 20, 80]
[2, 10, 23, 14, 22, 31]
[3, 7, 18, 19, 13, 88]
[3, 11, 24, 23, 23, 44]
[2, 8, 2, 32, 37, 56]
[1, 7, 16, 19, 41, 76]
[2, 10, 5, 22, 12, 43]
[3, 15, 21, 15, 33, 39]
[2, 6, 20, 22, 22, 78]
[2, 8, 20, 12, 2, 32]
[3, 15, 12, 31, 13, 60]
[2, 12, 11, 32, 22, 69]
[0, 10, 18, 22, 20, 58]
[1, 3, 4, 11, 1, 84]
[4, 12, 10, 16, 39, 60]
[4, 12, 13, 24, 24, 69]
[3, 11, 6, 11, 13, 56]
[3, 15, 9, 27, 23, 63]
[3, 7, 15, 31, 43, 79]
[0, 12, 27, 16, 20, 69]
[3, 7, 27, 19, 23, 67]
[2, 4, 2, 20, 32, 64]
[2, 12, 8, 28, 42, 60]
[1, 15, 13, 27, 31, 63]
[3, 7, 21, 27, 33, 91]
[3, 5, 9, 25, 13, 71]
[0, 6, 12, 22, 10, 42]
[2, 6, 14, 22, 22, 90]
[2, 10, 14, 18, 17, 64]
[3, 15, 15, 19, 33, 63]
[3, 11, 12, 11, 23, 68]
[3, 11, 6, 31, 23, 44]
[3, 11, 3, 15, 13, 35]
[0, 12, 3, 16, 40, 69]
[3, 11, 21, 31, 13, 71]
[4, 12, 16, 32, 29, 24]
[1, 11, 16, 19, 21, 68]
[3, 13, 9, 29, 23, 61]
[2, 6, 20, 26, 7, 96]
[1, 11, 22, 27, 21, 44]
[2, 14, 5, 14, 2, 59]
[3, 5, 15, 17, 33, 59]
[1, 7, 13, 11, 21, 43]
[2, 10, 17, 22, 32, 67]
[1, 7, 10, 15, 11, 52]
[1, 9, 1, 17, 31, 51]
[4, 10, 13, 22, 24, 67]
[3, 5, 9, 17, 23, 23]
[2, 14, 11, 22, 22, 71]
